0.001	8.897880974971276e-6
0.0010047905617180971	8.897882178513258e-6
0.001009604072917768	8.897883393615372e-6
0.0010144406435399227	8.897884620388665e-6
0.001019300384052147	8.89788585894525e-6
0.0010241834054512276	8.89788710939832e-6
0.0010290898192656926	8.897888371862157e-6
0.0010340197375583503	8.897889646452135e-6
0.001038973272928853	8.897890933284743e-6
0.001043950538516272	8.897892232477586e-6
0.001048951648001675	8.897893544149399e-6
0.0010539767156107266	8.89789486842006e-6
0.0010590258561162958	8.897896205410596e-6
0.0010640991848410817	8.8978975552432e-6
0.0010691968176602396	8.897898918041235e-6
0.001074318871004033	8.897900293929254e-6
0.001079465461860494	8.897901683033002e-6
0.0010846367077780908	8.897903085479434e-6
0.0010898327268684144	8.897904501396731e-6
0.0010950536378088796	8.897905930914295e-6
0.0011002995598454297	8.897907374162778e-6
0.001105570612795263	8.897908831274088e-6
0.0011108669170495733	8.897910302381398e-6
0.0011161885935762914	8.89791178761916e-6
0.0011215357639228535	8.89791328712312e-6
0.0011269085502189791	8.897914801030327e-6
0.0011323070751794544	8.897916329479147e-6
0.0011377314621069383	8.897917872609276e-6
0.0011431818348947825	8.897919430561757e-6
0.0011486583180298534	8.897921003478979e-6
0.001154161036595381	8.897922591504705e-6
0.001159690116273813	8.89792419478408e-6
0.0011652456833496896	8.89792581346364e-6
0.0011708278647125227	8.897927447691333e-6
0.0011764367878596945	8.897929097616528e-6
0.0011820725808993763	8.897930763390028e-6
0.001187735372553445	8.897932445164085e-6
0.0011934252921604281	8.897934143092415e-6
0.0011991424696784607	8.89793585733021e-6
0.0012048870356882466	8.897937588034158e-6
0.0012106591213960451	8.897939335362445e-6
0.00121645885863667	8.897941099474784e-6
0.0012222863798764948	8.897942880532417e-6
0.0012281418182164814	8.897944678698143e-6
0.0012340253073952233	8.897946494136318e-6
0.001239936981791994	8.897948327012881e-6
0.0012458769764298195	8.897950177495366e-6
0.0012518454269785614	8.897952045752917e-6
0.0012578424697580197	8.897953931956303e-6
0.0012638682417410393	8.897955836277931e-6
0.0012699228805566412	8.897957758891872e-6
0.0012760065244931714	8.897959699973865e-6
0.0012821193125014505	8.897961659701337e-6
0.0012882613841979516	8.897963638253423e-6
0.001294432879867993	8.897965635810978e-6
0.0013006339404689348	8.897967652556597e-6
0.0013068647076334018	8.89796968867463e-6
0.0013131253236725224	8.897971744351196e-6
0.0013194159315791719	8.897973819774204e-6
0.001325736675031241	8.897975915133368e-6
0.0013320876983949229	8.89797803062023e-6
0.0013384691467280018	8.897980166428165e-6
0.0013448811657831696	8.897982322752417e-6
0.0013513239020113601	8.897984499790095e-6
0.0013577975025650855	8.897986697740212e-6
0.0013643021153018002	8.897988916803687e-6
0.0013708378887872838	8.897991157183376e-6
0.0013774049722990252	8.89799341908408e-6
0.0013840035158296374	8.897995702712572e-6
0.0013906336700902813	8.897998008277609e-6
0.0013972955865141125	8.898000335989957e-6
0.001403989417259733	8.898002686062407e-6
0.0014107153152146696	8.898005058709797e-6
0.00141747343399887	8.898007454149028e-6
0.0014242639279682047	8.898009872599083e-6
0.0014310869522179944	8.89801231428106e-6
0.001437942662586558	8.89801477941817e-6
0.0014448312156587638	8.898017268235775e-6
0.001451752768769609	8.898019780961408e-6
0.0014587074800078178	8.898022317824779e-6
0.0014656955082194452	8.898024879057815e-6
0.0014727170130115067	8.89802746489467e-6
0.0014797721547556298	8.898030075571747e-6
0.001486861094591708	8.898032711327721e-6
0.0014939839944315871	8.898035372403564e-6
0.0015011410169627592	8.898038059042563e-6
0.0015083323256520863	8.898040771490346e-6
0.0015155580847495236	8.898043509994898e-6
0.0015228184592918756	8.89804627480659e-6
0.0015301136151065708	8.898049066178202e-6
0.0015374437188154396	8.89805188436494e-6
0.001544808937838524	8.898054729624467e-6
0.0015522094403979073	8.898057602216925e-6
0.0015596453955215464	8.898060502404944e-6
0.0015671169730471367	8.8980634304537e-6
0.0015746243436259965	8.8980663866309e-6
0.001582167678726955	8.898069371206833e-6
0.0015897471506402731	8.898072384454386e-6
0.0015973629324815843	8.89807542664907e-6
0.001605015198195838	8.89807849806904e-6
0.0016127041225612773	8.898081598995129e-6
0.0016204298811934366	8.898084729710873e-6
0.0016281926505491426	8.898087890502529e-6
0.0016359926079305485	8.898091081659112e-6
0.0016438299314891905	8.898094303472407e-6
0.0016517048002300447	8.898097556237013e-6
0.001659617394015624	8.898100840250355e-6
0.0016675678935700814	8.898104155812725e-6
0.0016755564804833462	8.898107503227295e-6
0.0016835833372152592	8.898110882800156e-6
0.0016916486470997469	8.898114294840343e-6
0.0016997525943490137	8.89811773965986e-6
0.0017078953640577382	8.89812121757371e-6
0.001716077142207307	8.898124728899931e-6
0.0017242981156700666	8.898128273959614e-6
0.0017325584722135826	8.898131853076938e-6
0.001740858400504932	8.898135466579203e-6
0.0017491980901150185	8.89813911479685e-6
0.0017575777315228921	8.898142798063501e-6
0.0017659975161201037	8.898146516715991e-6
0.0017744576362150833	8.898150271094386e-6
0.0017829582850375203	8.898154061542027e-6
0.001791499656742785	8.898157888405556e-6
0.0018000819464163592	8.898161752034949e-6
0.0018087053500782991	8.898165652783547e-6
0.0018173700646877016	8.898169591008088e-6
0.0018260762881472082	8.898173567068743e-6
0.001834824219307531	8.898177581329147e-6
0.001843614057971983	8.898181634156427e-6
0.0018524460049010472	8.898185725921252e-6
0.0018613202618169681	8.898189856997845e-6
0.001870237031408347	8.898194027764035e-6
0.0018791965173347773	8.898198238601279e-6
0.0018881989242315027	8.898202489894705e-6
0.0018972444577140782	8.898206782033155e-6
0.0019063333243830732	8.898211115409195e-6
0.0019154657318287954	8.898215490419178e-6
0.0019246418886360213	8.898219907463264e-6
0.001933862004388765	8.898224366945467e-6
0.0019431262896750722	8.898228869273682e-6
0.0019524349560918178	8.898233414859728e-6
0.0019617882162495438	8.898238004119394e-6
0.0019711862837773226	8.898242637472457e-6
0.0019806293733276243	8.898247315342735e-6
0.0019901177005812263	8.898252038158132e-6
0.001999651482252136	8.898256806350657e-6
0.0020092309360925493	8.89826162035648e-6
0.0020188562808978105	8.898266480615967e-6
0.0020285277365114174	8.89827138757372e-6
0.002038245523830047	8.898276341678617e-6
0.00204800986480859	8.898281343383857e-6
0.002057820982465225	8.898286393147e-6
0.00206767910088652	8.898291491430003e-6
0.002077584445232536	8.898296638699271e-6
0.002087537241741979	8.898301835425696e-6
0.00209753771773737	8.8983070820847e-6
0.0021075861016302275	8.898312379156286e-6
0.0021176826229262905	8.898317727125063e-6
0.0021278275122307583	8.898323126480312e-6
0.002138021001253565	8.898328577716019e-6
0.002148263322814658	8.898334081330923e-6
0.0021585547108493234	8.898339637828566e-6
0.002168895400413536	8.898345247717329e-6
0.002179285627689314	8.898350911510489e-6
0.0021897256299901195	8.898356629726264e-6
0.0022002156457662865	8.898362402887854e-6
0.0022107559146104525	8.898368231523497e-6
0.00222134667726304	8.898374116166513e-6
0.002231988175617758	8.898380057355358e-6
0.002242680652727118	8.898386055633669e-6
0.0022534243528079872	8.89839211155031e-6
0.002264219521247177	8.898398225659432e-6
0.0022750664046070315	8.898404398520523e-6
0.0022859652506310685	8.898410630698446e-6
0.002296916308249642	8.898416922763507e-6
0.0023079198275856153	8.898423275291506e-6
0.002318976059960082	8.898429688863775e-6
0.0023300852578981104	8.898436164067246e-6
0.0023412476751344994	8.898442701494505e-6
0.0023524635666195798	8.898449301743837e-6
0.0023637331885250456	8.898455965419288e-6
0.0023750567982497896	8.898462693130717e-6
0.002386434654425791	8.898469485493856e-6
0.002397867016924021	8.898476343130364e-6
0.002409354146860385	8.898483266667886e-6
0.0024208963066016725	8.898490256740107e-6
0.0024324937597715586	8.898497313986812e-6
0.0024441467712566305	8.898504439053949e-6
0.002455855607212423	8.898511632593685e-6
0.0024676205350695063	8.898518895264464e-6
0.0024794418235396004	8.89852622773107e-6
0.002491319742621698	8.89853363066469e-6
0.002503254563608241	8.89854110474297e-6
0.002515246559091312	8.898548650650086e-6
0.00252729600296887	8.898556269076797e-6
0.0025394031704509927	8.898563960720519e-6
0.002551568338066167	8.89857172628538e-6
0.0025637917836676153	8.898579566482292e-6
0.002576073786439625	8.898587482029007e-6
0.0025884146269039335	8.898595473650197e-6
0.002600814586926142	8.89860354207751e-6
0.0026132739497221388	8.89861168804964e-6
0.0026257929998645753	8.898619912312398e-6
0.002638372023289374	8.898628215618772e-6
0.0026510113073022422	8.898636598729013e-6
0.002663711140585244	8.898645062410683e-6
0.0026764718132034006	8.89865360743875e-6
0.0026892936166112986	8.898662234595635e-6
0.0027021768436597568	8.898670944671305e-6
0.0027151217886025214	8.898679738463331e-6
0.0027281287471029717	8.898688616776975e-6
0.002741198016240881	8.898697580425246e-6
0.002754329894519208	8.898706630228993e-6
0.002767524681870902	8.898715767016973e-6
0.002780782679665759	8.898724991625924e-6
0.002794104190717313	8.898734304900651e-6
0.0028074895192897378	8.898743707694096e-6
0.002820938971104803	8.898753200867416e-6
0.002834452853348866	8.898762785290073e-6
0.00284803147467987	8.898772461839905e-6
0.002861675145234407	8.898782231403207e-6
0.002875384176634794	8.898792094874814e-6
0.0028891588819962024	8.898802053158193e-6
0.0029029995759337936	8.898812107165505e-6
0.002916906574569911	8.898822257817714e-6
0.0029308801955413113	8.898832506044653e-6
0.0029449207580064004	8.898842852785123e-6
0.0029590285826525324	8.898853298986964e-6
0.0029732039917033425	8.898863845607165e-6
0.0029874473089260903	8.89887449361193e-6
0.0030017588596390637	8.898885243976783e-6
0.0030161389707190063	8.898896097686646e-6
0.0030305879706085934	8.89890705573594e-6
0.0030451061893239165	8.898918119128677e-6
0.003059693958462029	8.898929288878537e-6
0.00307435161120853	8.898940566008986e-6
0.0030890794823451554	8.89895195155335e-6
0.0031038779082574342	8.898963446554924e-6
0.0031187472269423792	8.898975052067058e-6
0.003133687778016191	8.898986769153263e-6
0.003148699902722021	8.8989985988873e-6
0.0031637839439377768	8.899010542353295e-6
0.0031789402461839355	8.899022600645819e-6
0.003194169155631419	8.899034774870006e-6
0.003209471020109513	8.899047066141648e-6
0.003224846189113792	8.899059475587298e-6
0.0032402950138141085	8.899072004344372e-6
0.003255817847062627	8.899084653561265e-6
0.0032714150434018626	8.899097424397441e-6
0.003287086959072787	8.899110318023556e-6
0.003302833952022977	8.899123335621558e-6
0.00331865638191477	8.899136478384797e-6
0.003334554610133486	8.899149747518136e-6
0.003350528999795695	8.899163144238066e-6
0.003366579915757491	8.89917666977281e-6
0.0033827077246228296	8.899190325362447e-6
0.003398912794751919	8.899204112259025e-6
0.0034151954962696076	8.899218031726666e-6
0.003431556201073851	8.899232085041703e-6
0.003447995282844214	8.899246273492775e-6
0.0034645131170503865	8.899260598380968e-6
0.0034811100809607736	8.899275061019918e-6
0.0034977865536511025	8.899289662735947e-6
0.003514542916013098	8.89930440486818e-6
0.0035313795507631598	8.899319288768663e-6
0.0035482968424511165	8.899334315802503e-6
0.003565295177469004	8.899349487347979e-6
0.003582374944059903	8.899364804796677e-6
0.0035995365323267864	8.899380269553626e-6
0.003616780334241439	8.899395883037415e-6
0.003634106743653423	8.899411646680334e-6
0.003651516156299047	8.899427561928507e-6
0.0036690089698104226	8.899443630242016e-6
0.0036865855837245514	8.899459853095052e-6
0.0037042463994924305	8.89947623197604e-6
0.0037219918204882342	8.899492768387783e-6
0.0037398222520185357	8.899509463847602e-6
0.003757738101331543	8.899526319887467e-6
0.003775739777626413	8.899543338054162e-6
0.0037938276920626065	8.899560519909397e-6
0.0038120022577692583	8.899577867029983e-6
0.003830263889854623	8.899595381007968e-6
0.00384861300541557	8.899613063450768e-6
0.0038670500235470848	8.899630915981349e-6
0.0038855753653518517	8.899648940238352e-6
0.0039041894539498874	8.899667137876256e-6
0.003922892714488178	8.899685510565529e-6
0.003941685574150403	8.899704059992789e-6
0.003960568462166704	8.899722787860953e-6
0.003979541809823461	8.899741695889402e-6
0.003998606050473165	8.899760785814135e-6
0.0040177616195443125	8.899780059387942e-6
0.0040370089545513415	8.899799518380553e-6
0.004056348495104626	8.899819164578808e-6
0.0040757806829205346	8.899838999786833e-6
0.004095305961831493	8.899859025826198e-6
0.004114924777796138	8.899879244536083e-6
0.004134637578909493	8.899899657773466e-6
0.004154444815413222	8.89992026741328e-6
0.004174346939705888	8.899941075348591e-6
0.004194344406353295	8.899962083490786e-6
0.004214437672098885	8.899983293769743e-6
0.004234627195874148	8.900004708134003e-6
0.004254913438809116	8.900026328550964e-6
0.004275296864242887	8.900048157007066e-6
0.004295777937734229	8.900070195507967e-6
0.004316357127072185	8.900092446078736e-6
0.004337034902286768	8.900114910764043e-6
0.004357811735659714	8.900137591628349e-6
0.0043786881017352395	8.900160490756094e-6
0.0043996644773308955	8.900183610251902e-6
0.004420741341548468	8.900206952240771e-6
0.0044419191757848996	8.900230518868272e-6
0.004463198463743291	8.900254312300749e-6
0.00448457969144397	8.900278334725532e-6
0.0045060633472355565	8.900302588351127e-6
0.004527649921806139	8.900327075407427e-6
0.004549339908194489	8.900351798145936e-6
0.004571133801801296	8.90037675883995e-6
0.004593032100400501	8.900401959784804e-6
0.00461503530415067	8.90042740329806e-6
0.0046371439156064	8.900453091719738e-6
0.004659358439729807	8.900479027412539e-6
0.004681679383902069	8.900505212762046e-6
0.0047041072579349945	8.900531650176971e-6
0.004726642574082675	8.90055834208938e-6
0.004749285847053203	8.900585290954894e-6
0.004772037594020397	8.900612499252956e-6
0.004794898334635626	8.900639969487038e-6
0.004817868591039699	8.90066770418489e-6
0.004840948887874757	8.90069570589877e-6
0.004864139752296269	8.900723977205686e-6
0.0048874417139850935	8.900752520707643e-6
0.004910855305159541	8.900781339031877e-6
0.004934381060587552	8.900810434831116e-6
0.004958019517598901	8.900839810783821e-6
0.004981771216097488	8.900869469594436e-6
0.005005636698573643	8.90089941399365e-6
0.005029616510116532	8.900929646738652e-6
0.0050537111984266	8.900960170613383e-6
0.005077921313828101	8.90099098842881e-6
0.005102247409281635	8.90102210302319e-6
0.005126690040396794	8.901053517262321e-6
0.005151249765444869	8.901085234039834e-6
0.005175927145371566	8.901117256277458e-6
0.005200722743809836	8.901149586925291e-6
0.005225637127092769	8.901182228962082e-6
0.005250670864266486	8.901215185395517e-6
0.005275824527103163	8.901248459262489e-6
0.005301098690114102	8.901282053629405e-6
0.005326493930562817	8.90131597159246e-6
0.005352010828478242	8.901350216277941e-6
0.00537764996666799	8.901384790842508e-6
0.005403411930731636	8.901419698473514e-6
0.005429297309074103	8.901454942389282e-6
0.0054553066929191206	8.901490525839431e-6
0.005481440676322698	8.901526452105173e-6
0.005507699856186704	8.901562724499625e-6
0.005534084832272521	8.901599346368125e-6
0.0055605962072147064	8.901636321088548e-6
0.00558723458653478	8.90167365207163e-6
0.0056140005786550614	8.901711342761282e-6
0.005640894794912541	8.901749396634932e-6
0.005667917849572856	8.901787817203836e-6
0.005695070359844339	8.901826608013432e-6
0.005722352945892078	8.901865772643666e-6
0.005749766230852103	8.901905314709326e-6
0.005777310840845631	8.901945237860396e-6
0.005804987404993333	8.901985545782408e-6
0.005832796555429723	8.90202624219678e-6
0.005860738927317614	8.902067330861171e-6
0.005888815158862583	8.90210881556985e-6
0.00591702589132758	8.902150700154049e-6
0.005945371769047557	8.90219298848233e-6
0.005973853439444211	8.902235684460955e-6
0.006002471553040735	8.902278792034254e-6
0.006031226763476698	8.90232231518501e-6
0.0060601197275229664	8.902366257934831e-6
0.006089151105096723	8.902410624344542e-6
0.006118321559276507	8.902455418514563e-6
0.006147631756317379	8.902500644585312e-6
0.006177082365666151	8.90254630673759e-6
0.006206674059976644	8.902592409192994e-6
0.006236407515125068	8.902638956214306e-6
0.006266283410225479	8.902685952105911e-6
0.006296302427645252	8.902733401214212e-6
0.006326465253020684	8.902781307928039e-6
0.006356772575272677	8.902829676679068e-6
0.006387225086622427	8.902878511942262e-6
0.006417823482607264	8.902927818236276e-6
0.006448568462096546	8.902977600123913e-6
0.006479460727307594	8.903027862212552e-6
0.006510500983821741	8.903078609154594e-6
0.006541689940600471	8.903129845647902e-6
0.006573028310001571	8.903181576436266e-6
0.006604516807795426	8.903233806309848e-6
0.00663615615318138	8.903286540105648e-6
0.006667947068804125	8.903339782707973e-6
0.006699890280770229	8.9033935390489e-6
0.006731986518664738	8.903447814108758e-6
0.006764236515567798	8.903502612916608e-6
0.006796641008071425	8.903557940550726e-6
0.00682920073629634	8.903613802139094e-6
0.006861916443908842	8.9036702028599e-6
0.006894788878137805	8.90372714794203e-6
0.006927818789791774	8.903784642665583e-6
0.006961006933276064	8.903842692362376e-6
0.006994354066610017	8.903901302416462e-6
0.007027860951444336	8.903960478264654e-6
0.007061528353078435	8.90402022539705e-6
0.007095357040477949	8.904080549357562e-6
0.007129347786292286	8.904141455744462e-6
0.007163501366872298	8.904202950210924e-6
0.007197818562287972	8.904265038465562e-6
0.007232300156346278	8.904327726273001e-6
0.0072669469366090506	8.904391019454432e-6
0.007301759694411013	8.90445492388817e-6
0.007336739224877802	8.904519445510244e-6
0.007371886326944155	8.904584590314954e-6
0.007407201803372177	8.904650364355479e-6
0.007442686460769631	8.904716773744446e-6
0.007478341109608386	8.90478382465454e-6
0.007514166564242948	8.904851523319106e-6
0.007550163642929015	8.904919876032752e-6
0.007586333167842191	8.904988889151973e-6
0.007622675965096786	8.905058569095764e-6
0.007659192864764637	8.905128922346255e-6
0.007695884700894094	8.905199955449344e-6
0.007732752311529085	8.905271675015346e-6
0.007769796538728223	8.905344087719631e-6
0.00780701822858405	8.90541720030328e-6
0.00784441823124239	8.905491019573756e-6
0.007881997400921723	8.905565552405568e-6
0.007919756595932711	8.905640805740953e-6
0.007957696678697834	8.905716786590544e-6
0.007995818515771032	8.905793502034083e-6
0.008034122977857527	8.905870959221101e-6
0.008072610939833736	8.905949165371629e-6
0.008111283280767195	8.906028127776922e-6
0.00815014088393667	8.906107853800161e-6
0.008189184636852356	8.90618835087719e-6
0.008228415431276089	8.906269626517257e-6
0.008267834163241752	8.90635168830375e-6
0.008307441733075753	8.90643454389495e-6
0.008347239045417548	8.906518201024792e-6
0.00838722700924033	8.906602667503632e-6
0.008427406537871777	8.906687951219028e-6
0.008467778549014947	8.906774060136513e-6
0.008508343964769181	8.906861002300397e-6
0.008549103711651199	8.906948785834563e-6
0.008590058720616276	8.907037418943281e-6
0.008631209927079466	8.90712690991202e-6
0.008672558270936994	8.907217267108286e-6
0.008714104696587701	8.90730849898244e-6
0.008755850152954664	8.907400614068558e-6
0.008797795593506803	8.907493620985285e-6
0.00883994197628069	8.907587528436683e-6
0.00888229026390246	8.907682345213125e-6
0.008924841423609737	8.907778080192153e-6
0.008967596427273761	8.907874742339392e-6
0.009010556251421602	8.907972340709435e-6
0.009053721877258423	8.90807088444676e-6
0.009097094290689906	8.90817038278665e-6
0.009140674482344804	8.908270845056125e-6
0.009184463447597511	8.908372280674876e-6
0.009228462186590824	8.908474699156224e-6
0.009272671704258812	8.908578110108077e-6
0.009317093010349718	8.9086825232339e-6
0.00936172711944904	8.908787948333703e-6
0.009406575051002742	8.908894395305024e-6
0.009451637829340484	8.909001874143943e-6
0.00949691648369903	8.909110394946091e-6
0.009542412048245803	8.909219967907677e-6
0.009588125562102439	8.909330603326528e-6
0.009634058069368545	8.909442311603126e-6
0.009680210619145585	8.90955510324168e-6
0.009726584265560782	8.9096689888512e-6
0.009773180067791213	8.909783979146564e-6
0.009819999090088042	8.909900084949625e-6
0.009867042401800766	8.910017317190318e-6
0.009914311077401664	8.910135686907776e-6
0.009961806196510369	8.910255205251462e-6
0.010009528843918473	8.910375883482318e-6
0.010057480109614334	8.910497732973915e-6
0.010105661088807975	8.910620765213627e-6
0.010154072881956076	8.91074499180381e-6
0.010202716594787137	8.910870424463007e-6
0.010251593338326719	8.910997075027143e-6
0.0103007042289228	8.911124955450763e-6
0.010350050388271317	8.911254077808257e-6
0.01039963294344174	8.911384454295114e-6
0.010449453026902849	8.911516097229182e-6
0.010499511776548584	8.911649019051963e-6
0.010549810335724021	8.911783232329879e-6
0.01060034985325152	8.911918749755599e-6
0.010651131483456942	8.912055584149353e-6
0.010702156386196005	8.912193748460272e-6
0.010753425726880797	8.912333255767737e-6
0.010804940676506393	8.912474119282743e-6
0.010856702411677568	8.912616352349293e-6
0.010908712114635724	8.912759968445777e-6
0.010960970973285834	8.912904981186408e-6
0.011013480181223624	8.913051404322631e-6
0.011066240937762815	8.913199251744584e-6
0.011119254447962494	8.913348537482554e-6
0.011172521922654678	8.913499275708456e-6
0.011226044578471948	8.913651480737332e-6
0.011279823637875221	8.91380516702886e-6
0.011333860329181713	8.913960349188884e-6
0.011388155886592944	8.91411704197097e-6
0.011442711550222973	8.914275260277967e-6
0.011497528566126698	8.91443501916358e-6
0.011552608186328306	8.914596333833989e-6
0.011607951668849899	8.914759219649461e-6
0.011663560277740213	8.914923692125988e-6
0.011719435283103466	8.915089766936943e-6
0.011775577961128412	8.915257459914768e-6
0.011831989594117461	8.915426787052654e-6
0.011888671470515958	8.915597764506271e-6
0.011945624884941644	8.915770408595499e-6
0.012002851138214187	8.915944735806179e-6
0.012060351537384927	8.916120762791898e-6
0.012118127395766717	8.91629850637578e-6
0.012176180032963894	8.916477983552312e-6
0.012234510774902462	8.916659211489175e-6
0.012293120953860356	8.916842207529109e-6
0.012352011908497851	8.917026989191799e-6
0.01241118498388818	8.91721357417577e-6
0.01247064153154821	8.917401980360332e-6
0.012530382909469348	8.91759222580751e-6
0.01259041048214855	8.917784328764038e-6
0.012650725620619453	8.917978307663332e-6
0.012711329702483736	8.918174181127536e-6
0.012772224111942565	8.918371967969547e-6
0.012833410239828187	8.918571687195091e-6
0.012894889483635735	8.918773358004819e-6
0.012956663247555133	8.91897699979642e-6
0.01301873294250314	8.919182632166767e-6
0.013081099986155625	8.919390274914083e-6
0.013143765802979896	8.919599948040143e-6
0.013206731824267277	8.919811671752493e-6
0.013269999488165787	8.920025466466691e-6
0.013333570239712954	8.920241352808596e-6
0.013397445530868876	8.920459351616654e-6
0.013461626820549346	8.920679483944248e-6
0.013526115574659171	8.920901771062038e-6
0.01359091326612569	8.921126234460359e-6
0.013656021374932364	8.921352895851645e-6
0.013721441388152622	8.921581777172855e-6
0.01378717479998382	8.921812900587965e-6
0.013853223111781327	8.922046288490465e-6
0.013919587832092878	8.922281963505904e-6
0.013986270476692991	8.922519948494452e-6
0.01405327256861758	8.922760266553499e-6
0.014120595638198783	8.92300294102029e-6
0.01418824122309986	8.923247995474587e-6
0.014256210868350362	8.923495453741364e-6
0.014324506126381401	8.923745339893541e-6
0.014393128557061083	8.923997678254744e-6
0.014462079727730183	8.924252493402107e-6
0.014531361213237915	8.924509810169103e-6
0.014600974595977884	8.924769653648412e-6
0.014670921465924277	8.925032049194826e-6
0.014741203420668142	8.92529702242819e-6
0.014811822065453869	8.925564599236379e-6
0.014882779013215898	8.925834805778312e-6
0.014954075884615501	8.926107668487015e-6
0.01502571430807785	8.926383214072688e-6
0.015097695919829191	8.926661469525867e-6
0.015170022363934188	8.926942462120567e-6
0.01524269529233352	8.927226219417508e-6
0.015315716364881592	8.927512769267364e-6
0.015389087249384419	8.92780213981405e-6
0.015462809621637775	8.928094359498066e-6
0.015536885165465407	8.928389457059862e-6
0.015611315572757549	8.928687461543263e-6
0.015686102543509533	8.928988402298951e-6
0.01576124778586061	8.929292308987947e-6
0.015836753016132986	8.929599211585175e-6
0.01591261995887103	8.929909140383077e-6
0.015988850346880617	8.930222125995241e-6
0.01606544592126876	8.930538199360103e-6
0.016142408431483346	8.93085739174469e-6
0.01621973963535309	8.93117973474841e-6
0.016297441299127715	8.931505260306892e-6
0.01637551519751824	8.931834000695883e-6
0.01645396311373758	8.932165988535185e-6
0.016532786839541232	8.932501256792645e-6
0.01661198817526819	8.932839838788205e-6
0.016691568929882102	8.933181768198013e-6
0.016771530921012575	8.93352707905856e-6
0.01685187597499665	8.933875805770894e-6
0.01693260592692059	8.934227983104898e-6
0.01701372262066171	8.934583646203596e-6
0.017095227908930564	8.934942830587541e-6
0.017177123653313232	8.935305572159252e-6
0.017259411724313806	8.935671907207717e-6
0.01734209400139717	8.936041872412937e-6
0.017425172373031907	8.936415504850565e-6
0.017508648736733384	8.936792841996578e-6
0.01759252499910718	8.937173921732023e-6
0.017676803075892568	8.937558782347825e-6
0.017761484892006272	8.937947462549674e-6
0.017846572381586476	8.938340001462956e-6
0.017932067488036944	8.938736438637761e-6
0.018017972164071458	8.939136814053976e-6
0.018104288371758398	8.939541168126418e-6
0.018191018082565524	8.939949541710053e-6
0.018278163277405064	8.940361976105307e-6
0.01836572594667893	8.9407785130634e-6
0.01845370809032414	8.941199194791808e-6
0.018542111717858585	8.941624063959768e-6
0.01863093884842683	8.942053163703864e-6
0.0187201915108463	8.942486537633707e-6
0.018809871743653606	8.942924229837673e-6
0.01889998159515106	8.943366284888742e-6
0.01899052312345352	8.943812747850397e-6
0.019081498396535373	8.944263664282625e-6
0.019172909492277738	8.944719080247996e-6
0.01926475849851597	8.945179042317827e-6
0.01935704751308735	8.945643597578431e-6
0.01944977864387892	8.946112793637468e-6
0.01954295400887575	8.946586678630368e-6
0.01963657573620919	8.94706530122686e-6
0.019730645964205578	8.947548710637581e-6
0.019825166841435028	8.948036956620811e-6
0.019920140526760485	8.948530089489256e-6
0.020015569189387086	8.949028160116974e-6
0.020111455008911688	8.949531219946377e-6
0.0202078001753726	8.950039320995344e-6
0.020304606889299696	8.950552515864435e-6
0.020401877361764575	8.951070857744207e-6
0.020499613814431144	8.951594400422647e-6
0.020597818479606334	8.9521231982927e-6
0.02069649360029104	8.952657306359929e-6
0.020795641430231424	8.953196780250254e-6
0.02089526423397036	8.953741676217848e-6
0.020995364286899132	8.954292051153114e-6
0.021095943875309456	8.954847962590806e-6
0.021197005296445626	8.955409468718253e-6
0.02129855085855707	8.955976628383718e-6
0.021400582880951015	8.956549501104875e-6
0.021503103694045452	8.957128147077421e-6
0.021606115639422406	8.957712627183815e-6
0.0217096210698814	8.958303003002134e-6
0.021813622349493158	8.9588993368151e-6
0.021918121853653653	8.959501691619209e-6
0.022023121969138356	8.960110131134004e-6
0.02212862509415668	8.960724719811517e-6
0.02223463363840687	8.961345522845827e-6
0.022341150023130925	8.961972606182768e-6
0.022448176681169985	8.96260603652981e-6
0.02255571605701988	8.963245881366063e-6
0.022663770606886895	8.963892208952453e-6
0.022772342798743968	8.96454508834206e-6
0.022881435112387015	8.965204589390601e-6
0.022991050039491527	8.965870782767095e-6
0.02310119008366957	8.96654373996468e-6
0.02321185776052687	8.967223533311616e-6
0.02332305559772035	8.967910235982436e-6
0.02343478613501584	8.968603922009316e-6
0.023547051924346026	8.96930466629358e-6
0.02365985552986883	8.970012544617416e-6
0.023773199528025927	8.970727633655765e-6
0.02388708650760156	8.971450010988423e-6
0.02400151906978174	8.9721797551123e-6
0.02411649982821361	8.972916945453914e-6
0.024232031409065134	8.973661662382067e-6
0.024348116451085127	8.974413987220724e-6
0.02446475760566345	8.975174002262114e-6
0.024581957536891654	8.975941790780041e-6
0.024699718921623776	8.9767174370434e-6
0.02481804444953745	8.977501026329937e-6
0.024936936823195425	8.978292644940208e-6
0.02505639875810723	8.979092380211806e-6
0.02517643298279118	8.979900320533778e-6
0.025297042238836775	8.980716555361317e-6
0.02541822928096722	8.981541175230685e-6
0.02553999687710242	8.982374271774392e-6
0.025662347808422185	8.98321593773661e-6
0.025785284869429693	8.984066266988872e-6
0.025908810868015397	8.98492535454602e-6
0.02603292862552113	8.985793296582434e-6
0.02615764097680449	8.986670190448515e-6
0.026282950770303685	8.987556134687476e-6
0.02640886086810253	8.988451229052405e-6
0.026535374145995803	8.989355574523613e-6
0.02666249349355499	8.990269273326302e-6
0.026790221814194215	8.991192428948514e-6
0.026918562025236608	8.99212514615941e-6
0.02704751705798093	8.993067531027855e-6
0.027177089857768455	8.99401969094132e-6
0.027307283384050352	8.994981734625144e-6
0.02743810061045521	8.99595377216209e-6
0.02756954452485694	8.99693591501228e-6
0.027701618129443092	8.99792827603347e-6
0.027834324440783334	8.998930969501673e-6
0.02796766648989843	8.999944111132173e-6
0.02810164732232944	9.00096781810088e-6
0.028236269998207244	9.002002209066104e-6
0.028371537592322495	9.003047404190677e-6
0.028507453194195828	9.004103525164522e-6
0.028644019908148372	9.005170695227585e-6
0.028781240853372757	9.0062490391932e-6
0.02891911916400424	9.007338683471891e-6
0.029057657989192392	9.008439756095588e-6
0.029196860493172976	9.00955238674229e-6
0.029336729855340176	9.010676706761195e-6
0.02947726927031931	9.011812849198272e-6
0.02961848194803974	9.012960948822318e-6
0.02976037111380815	9.014121142151503e-6
0.029902940008382308	9.015293567480385e-6
0.03004619188804502	9.016478364907464e-6
0.03019013002467847	9.017675676363225e-6
0.030334757705839068	9.018885645638712e-6
0.030480078234832394	9.020108418414659e-6
0.030626094930788772	9.021344142291144e-6
0.030772811128739013	9.022592966817833e-6
0.030920230179690568	9.023855043524782e-6
0.031068355450704126	9.025130525953846e-6
0.031217190324970504	9.026419569690661e-6
0.03136673820188784	9.027722332397279e-6
0.03151700249713938	9.029038973845408e-6
0.031667986642771324	9.030369655950301e-6
0.03181969408727138	9.031714542805325e-6
0.031972128295647426	9.033073800717163e-6
0.03212529274950662	9.034447598241755e-6
0.03227919094713506	9.035836106220914e-6
0.032433826403577545	9.037239497819678e-6
0.032589202650717915	9.03865794856439e-6
0.032745323237359736	9.040091636381561e-6
0.03290219172930734	9.041540741637482e-6
0.03305981170944724	9.043005447178646e-6
0.03321818677783001	9.044485938372967e-6
0.033377320551752465	9.045982403151864e-6
0.03353721666584033	9.047495032053152e-6
0.03369787877213123	9.049024018264851e-6
0.03385931054015806	9.050569557669851e-6
0.03402151565703288	9.052131848891521e-6
0.03418449782753111	9.05371109334024e-6
0.034348260774176034	9.055307495260895e-6
0.034512808237324014	9.05692126178136e-6
0.03467814397524975	9.058552602961984e-6
0.03484427176423222	9.060201731846129e-6
0.03501119539864092	9.061868864511727e-6
0.03517891869102245	9.063554220123976e-6
0.03534744547218769	9.065258020989102e-6
0.03551677959129928	9.066980492609282e-6
0.03568692491595943	9.068721863738745e-6
0.03585788533229841	9.070482366441062e-6
0.036029664745063236	9.072262236147655e-6
0.03620226707770679	9.074061711717577e-6
0.036375696272477574	9.075881035498604e-6
0.03654995629050962	9.077720453389616e-6
0.036725051111913036	9.079580214904357e-6
0.03690098473586492	9.081460573236606e-6
0.03707776118070062	9.083361785326745e-6
0.037255384484005616	9.085284111929833e-6
0.03743385870270768	9.087227817685152e-6
0.037613187913169505	9.08919317118734e-6
0.037793376211281926	9.091180445059067e-6
0.03797442771255732	9.093189916025381e-6
0.03815634655222372	9.095221864989712e-6
0.038339136885319244	9.09727657711158e-6
0.03852280288678692	9.099354341886103e-6
0.03870734875157014	9.101455453225273e-6
0.038892778694708446	9.103580209541132e-6
0.03907909695143372	9.105728913830836e-6
0.03926630777726706	9.107901873763698e-6
0.03945441544811583	9.110099401770234e-6
0.03964342426037145	9.112321815133293e-6
0.03983333853100747	9.114569436081314e-6
0.0400241625976781	9.116842591883773e-6
0.0402159008188174	9.119141614948882e-6
0.04040855757373882	9.121466842923607e-6
0.04060213726273507	9.123818618796038e-6
0.04079664430717883	9.126197291000259e-6
0.040992083149623625	9.128603213523664e-6
0.04118845825390524	9.131036746016924e-6
0.04138577410524384	9.133498253906579e-6
0.04158403521034621	9.135988108510368e-6
0.04178324609750888	9.138506687155398e-6
0.04198341131672143	9.141054373299189e-6
0.042184535439770424	9.143631556653707e-6
0.042386623060343874	9.146238633312482e-6
0.042589678794136165	9.148876005880866e-6
0.04279370727895338	9.151544083609552e-6
0.04299871317481939	9.15424328253145e-6
0.04320470116408209	9.156974025602004e-6
0.04341167595152055	9.159736742843065e-6
0.043619642264452335	9.162531871490426e-6
0.04382860485284149	9.165359856145131e-6
0.04403856848940709	9.16822114892865e-6
0.044249537969732244	9.171116209642098e-6
0.044461518112373505	9.174045505929522e-6
0.04467451375897109	9.1770095134455e-6
0.04488852977435942	9.18000871602709e-6
0.04510357104667811	9.18304360587031e-6
0.0453196424874838	9.18611468371128e-6
0.04553674903186215	9.18922245901217e-6
0.045754895638540766	9.192367450152121e-6
0.04597408729000228	9.195550184623267e-6
0.0461943289925982	9.198771199232049e-6
0.0464156257766633	9.202031040305972e-6
0.046637982696630505	9.205330263905997e-6
0.04686140483114623	9.208669436044735e-6
0.047085897283186566	9.21204913291063e-6
0.04731146518017363	9.215469941098343e-6
0.04753811367409283	9.218932457845538e-6
0.047765847941610484	9.222437291276251e-6
0.04799467318419198	9.225985060651101e-6
0.04822459462822073	9.22957639662457e-6
0.048455617525117435	9.233211941509525e-6
0.04868774715145999	9.236892349549321e-6
0.048920988809104136	9.240618287197676e-6
0.049155347825304486	9.2443904334066e-6
0.049390829552836114	9.24820947992265e-6
0.04962743937011699	9.252076131591818e-6
0.049865182681330625	9.255991106673328e-6
0.0501040649165497	9.259955137162655e-6
0.05034409153185997	9.26396896912409e-6
0.05058526800948485	9.268033363033207e-6
0.050827599857910744	9.27214909412954e-6
0.05107109261201281	9.276316952779881e-6
0.05131575183318128	9.280537744852539e-6
0.05156158310944869	9.284812292102975e-6
0.05180859205561727	9.289141432571231e-6
0.05205678431338739	9.293526020991548e-6
0.05230616555148634	9.297966929214664e-6
0.05255674146579771	9.302465046643223e-6
0.05280851777949166	9.3070212806808e-6
0.05306150024315554	9.311636557195036e-6
0.05331569463492517	9.316311820995421e-6
0.05357110676061697	9.321048036326284e-6
0.053827742453860475	9.325846187375515e-6
0.0540856075762315	9.330707278799712e-6
0.054344708017386216	9.335632336266293e-6
0.05460504969519544	9.340622407013273e-6
0.054866638555880004	9.345678560427377e-6
0.05512948057414647	9.350801888641213e-6
0.055393581753323526	9.355993507150258e-6
0.05565894812549925	9.361254555450416e-6
0.05592558575165882	9.366586197696986e-6
0.05619350072182284	9.3719896233859e-6
0.05646269915518667	9.377466048058113e-6
0.0567331872002599	9.383016714028092e-6
0.057004971035007075	9.388642891137392e-6
0.057278056866988614	9.39434587753433e-6
0.057552450933502565	9.400127000480851e-6
0.05782815950172723	9.405987617187723e-6
0.05810518886886422	9.411929115679233e-6
0.05838354536228217	9.417952915688612e-6
0.0586632353396615	9.424060469585543e-6
0.05894426518913937	9.430253263337066e-6
0.0592266413294558	9.436532817503355e-6
0.05951037021010015	9.442900688269858e-6
0.05979545831145842	9.449358468517362e-6
0.06008191214496133	9.455907788931743e-6
0.06036973825323305	9.462550319154999e-6
0.0606589432102405	9.469287768979551e-6
0.06094953362144367	9.476121889587665e-6
0.061241516123946425	9.483054474838064e-6
0.061534897386647996	9.490087362601852e-6
0.06182968411039551	9.497222436150048e-6
0.06212588302813677	9.504461625595049e-6
0.06242350090507431	9.511806909388608e-6
0.06272254453881976	9.519260315878884e-6
0.06302302075954903	9.526823924929409e-6
0.06332493643015853	9.534499869602903e-6
0.06362829844642177	9.542290337913026e-6
0.06393311373714683	9.550197574647339e-6
0.06423938926433476	9.558223883264958e-6
0.06454713202333838	9.566371627872548e-6
0.0648563490430223	9.57464323528251e-6
0.06516704738592335	9.583041197157466e-6
0.06547923414841174	9.591568072245363e-6
0.0657929164608534	9.600226488709765e-6
0.06610810148777273	9.609019146560211e-6
0.06642479642801609	9.617948820187725e-6
0.0667430085149165	9.627018361010996e-6
0.06706274501645869	9.636230700238927e-6
0.067384013235445	9.645588851755735e-6
0.06770682050966247	9.655095915135084e-6
0.0680311742120501	9.664755078790145e-6
0.06835708175086751	9.674569623266969e-6
0.06868455056986404	9.684542924688903e-6
0.0690135881484487	9.694678458360414e-6
0.06934420200186114	9.704979802539115e-6
0.06967639968134325	9.7154506423854e-6
0.07001018877431148	9.72609477409971e-6
0.07034557690453044	9.736916109258108e-6
0.0706825717322867	9.747918679357537e-6
0.07102118095456401	9.75910664058293e-6
0.071361412305219	9.770484278809133e-6
0.07170327355515768	9.782056014851498e-6
0.07204677251251322	9.79382640997999e-6
0.07239191702282412	9.805800171712623e-6
0.07273871496921329	9.817982159905222e-6
0.07308717427256833	9.830377393155664e-6
0.07343730289172239	9.842991055542084e-6
0.07378910882363574	9.85582850371592e-6
0.07414260010357875	9.868895274372236e-6
0.07449778480531509	9.882197092121352e-6
0.07485467104128643	9.89573987778772e-6
0.07521326696279756	9.909529757163787e-6
0.07557358076020251	9.923573070248842e-6
0.07593562066309183	9.937876381005113e-6
0.07629939494048038	9.952446487665791e-6
0.07666491190099617	9.967290433632598e-6
0.07703217989307036	9.982415519003267e-6
0.07740120730512763	9.997829312772771e-6
0.07777200256577804	0.000010013539665755525
0.0781445741440094	0.000010029554724279793
0.07851893054938065	0.000010045882944709736
0.0788950803322164	0.000010062533108855214
0.0792730320838021	0.00001007951434033458
0.0796527944365802	0.000010096836121961314
0.08003437606434755	0.00001011450831423155
0.08041778568245316	0.000010132541174996294
0.0808030320479976	0.00001015094538040969
0.08119012396003292	0.000010169732047252893
0.08157907025976335	0.000010188912756742203
0.08196987983074769	0.000010208499579940367
0.0823625615991019	0.000010228505104900806
0.08275712453370292	0.000010248942465687214
0.08315357764639382	0.000010269825373424481
0.08355192999218945	0.000010291168149552203
0.08395219066948312	0.000010312985761469042
0.08435436882025472	0.000010335293860775047
0.08475847363027923	0.00001035810882434014
0.08516451432933675	0.000010381447798450589
0.0855725001914232	0.00001040532874631158
0.08598244053496204	0.000010429770499213644
0.08639434472301735	0.00001045479281170383
0.08680822216350752	0.000010480416421139837
0.08722408230942004	0.00001050666311204738
0.0876419346590277	0.000010533555785748481
0.08806178875610515	0.000010561118535781985
0.08848365419014725	0.000010589376729698347
0.08890754059658791	0.000010618357097879603
0.08933345765702004	0.000010648087830113784
0.08976141509941696	0.000010678598680742274
0.09019142269835445	0.000010709921083300416
0.09062349027523385	0.000010742088275688229
0.09105762769850669	0.000010775135437041777
0.09149384488389989	0.000010809099837629105
0.09193215179464216	0.000010844021003271637
0.09237255844169186	0.000010879940895996297
0.09281507488396527	0.000010916904112859737
0.09325971122856666	0.000010954958105161003
0.09370647763101901	0.000010994153420578127
0.09415538429549584	0.000011034543971137315
0.09460644147505452	0.000011076187330360065
0.09505965947187031	0.00001111914506344634
0.09551504863747154	0.000011163483094956184
0.0959726193729764	0.000011209272119166385
0.09643238212933003	0.000011256588059125905
0.09689434740754366	0.000011305512581442468
0.09735852575893424	0.00001135613367503774
0.09782492778536529	0.00001140854630355439
0.09829356413948943	0.000011462853142839977
0.09876444552499139	0.000011519165417039557
0.09923758269683244	0.000011577603849389568
0.09971298646149633	0.000011638299746932178
0.1001906676772359	0.000011701396242205787
0.10067063725432106	0.000011767049719700185
0.10115290615528795	0.00001183543146073471
0.10163748539518973	0.000011906729547740769
0.10212438604184758	0.000011981151078121365
0.10261361921610372	0.000012058924749472343
0.10310519609207577	0.000012140303892719534
0.10359912789741137	0.000012225570048649573
0.10409542591354484	0.00001231503720774586
0.10459410147595527	0.000012409056865048219
0.10509516597442475	0.000012508024083525606
0.10559863085329878	0.000012612384814823623
0.10610450761174806	0.000012722644800389922
0.10661280780403043	0.000012839380476330805
0.10712354303975526	0.000012963252442764595
0.10763672498414832	0.000013095022248973657
0.10815236535831874	0.000013235573513481968
0.10867047593952595	0.000013385938780262088
0.10919106856144911	0.000013547334066239096
0.1097141551144577	0.000013721203872807546
0.1102397475458824	0.000013909280664456559
0.11076785786028827	0.000014113664709805122
0.11129849811974937	0.000014336933161442659
0.11183168044412355	0.000014582292076350754
0.11236741701132952	0.000014853793131725745
0.11290572005762545	0.00001515665070686384
0.11344660187788769	0.000015497720031541234
0.11399007482589198	0.00001588624427009517
0.11453615131459592	0.00001633507232890742
0.1150848438164218	0.000016862748946176438
0.11563616486354181	0.000017497339389406717
0.11619012704816466	0.000018284027990275638
0.11674674302282242	0.000019301965039653753
0.11730602550066008	0.00002070789404378955
0.11786798725572553	0.000022880001213025937
0.11843264112326198	0.000027164917639600943
0.1185	100 #JOSU