0.001	9.335502812647644e-6
0.0010052765624674093	9.335503256859931e-6
0.0010105809670462901	9.33550370577264e-6
0.0010159133606472846	9.335504159435506e-6
0.0010212738909562158	9.335504617898798e-6
0.0010266627064381795	9.335505081213313e-6
0.00103207995634166	9.335505549430387e-6
0.001037525790702658	9.3355060226019e-6
0.0010430003603488476	9.335506500780278e-6
0.0010485038169037587	9.335506984018506e-6
0.0010540363127909684	9.335507472370127e-6
0.0010595980012383266	9.33550796588925e-6
0.0010651890362822027	9.33550846463056e-6
0.0010708095727717454	9.335508968649317e-6
0.0010764597663731742	9.335509478001367e-6
0.0010821397735740952	9.335509992743148e-6
0.001087849751687827	9.335510512931697e-6
0.0010935898588577625	9.33551103862465e-6
0.0010993602540617508	9.335511569880258e-6
0.0011051610971164947	9.335512106757383e-6
0.0011109925486819793	9.335512649315515e-6
0.001116854770265926	9.33551319761477e-6
0.0011227479242282583	9.335513751715902e-6
0.0011286721737856016	9.335514311680309e-6
0.001134627683015808	9.335514877570036e-6
0.0011406146168624928	9.335515449447786e-6
0.0011466331411396067	9.33551602737693e-6
0.0011526834225360316	9.335516611421498e-6
0.0011587656286201902	9.335517201646212e-6
0.0011648799278446901	9.335517798116468e-6
0.0011710264895509939	9.335518400898361e-6
0.0011772054839741008	9.33551901005868e-6
0.0011834170822472656	9.335519625664926e-6
0.0011896614564067428	9.335520247785311e-6
0.0011959387793965407	9.33552087648877e-6
0.0012022492250732238	9.33552151184497e-6
0.0012085929682107172	9.33552215392431e-6
0.0012149701845051515	9.335522802797938e-6
0.0012213810505797326	9.335523458537752e-6
0.0012278257439896265	9.33552412121642e-6
0.00123430444322688	9.335524790907363e-6
0.0012408173277253674	9.335525467684794e-6
0.0012473645778657543	9.335526151623702e-6
0.0012539463749804951	9.33552684279988e-6
0.0012605629013588613	9.33552754128991e-6
0.00126721434025198	9.335528247171194e-6
0.0012739008758779152	9.335528960521951e-6
0.0012806226934267725	9.335529681421223e-6
0.0012873799790658208	9.335530409948897e-6
0.0012941729199446523	9.3355311461857e-6
0.0013010017042003699	9.335531890213217e-6
0.001307866520962789	9.335532642113893e-6
0.001314767560359681	9.335533401971045e-6
0.0013217050135220423	9.335534169868877e-6
0.0013286790725893795	9.335534945892477e-6
0.0013356899307150354	9.335535730127843e-6
0.0013427377820715428	9.335536522661874e-6
0.0013498228218559942	9.335537323582393e-6
0.0013569452462954504	9.335538132978157e-6
0.0013641052526523825	9.33553895093885e-6
0.001371303039230124	9.33553977755512e-6
0.0013785388053783687	9.335540612918563e-6
0.0013858127514986955	9.335541457121751e-6
0.0013931250790501107	9.335542310258233e-6
0.0014004759905546316	9.33554317242255e-6
0.0014078656896029	9.335544043710243e-6
0.001415294380859812	9.335544924217865e-6
0.0014227622700701908	9.335545814042986e-6
0.0014302695640644892	9.335546713284217e-6
0.0014378164707645098	9.335547622041206e-6
0.0014454031991891672	9.335548540414663e-6
0.0014530299594602823	9.335549468506352e-6
0.0014606969628083917	9.335550406419126e-6
0.0014684044215786036	9.335551354256924e-6
0.0014761525492364832	9.335552312124781e-6
0.001483941560373955	9.335553280128846e-6
0.0014917716707152514	9.335554258376394e-6
0.001499643097122892	9.335555246975832e-6
0.00150755605760368	9.335556246036717e-6
0.0015155107713147457	9.335557255669765e-6
0.0015235074585696197	9.335558275986864e-6
0.0015315463408443262	9.335559307101084e-6
0.001539627640783522	9.3355603491267e-6
0.0015477515822066661	9.33556140217918e-6
0.0015559183901142112	9.335562466375235e-6
0.0015641282906938383	9.335563541832797e-6
0.0015723815113267265	9.335564628671053e-6
0.0015806782805938414	9.335565727010449e-6
0.0015890188282822702	9.335566836972706e-6
0.001597403385391591	9.335567958680835e-6
0.001605832184140261	9.335569092259146e-6
0.001614305457972052	9.33557023783327e-6
0.0016228234415625212	9.335571395530168e-6
0.001631386370825502	9.335572565478136e-6
0.0016399944829196412	9.33557374780684e-6
0.0016486480162549732	9.335574942647308e-6
0.0016573472104995132	9.335576150131964e-6
0.0016660923065858987	9.33557737039463e-6
0.0016748835467180693	9.335578603570544e-6
0.0016837211743779632	9.335579849796377e-6
0.0016926054343322666	9.335581109210247e-6
0.0017015365726391971	9.335582381951732e-6
0.0017105148366553095	9.33558366816189e-6
0.00171954047504235	9.33558496798327e-6
0.0017286137377741494	9.335586281559938e-6
0.0017377348761435367	9.335587609037474e-6
0.001746904142769302	9.335588950563002e-6
0.0017561217916032003	9.335590306285211e-6
0.0017653880779369734	9.335591676354356e-6
0.0017747032584094257	9.335593060922289e-6
0.0017840675910135379	9.335594460142462e-6
0.0017934813351036013	9.335595874169959e-6
0.0018029447514024063	9.335597303161504e-6
0.0018124581020084688	9.335598747275475e-6
0.0018220216504032786	9.335600206671935e-6
0.001831635661458602	9.335601681512638e-6
0.0018413004014438228	9.335603171961048e-6
0.001851016138033307	9.335604678182366e-6
0.0018607831403138204	9.335606200343533e-6
0.0018706016787919885	9.335607738613267e-6
0.001880472025401775	9.335609293162066e-6
0.0018903944535120214	9.335610864162234e-6
0.0019003692379340217	9.335612451787906e-6
0.0019103966549291235	9.335614056215048e-6
0.0019204769822163848	9.335615677621505e-6
0.0019306104989802713	9.33561731618699e-6
0.001940797485878375	9.335618972093129e-6
0.0019510382250492032	9.335620645523464e-6
0.0019613330001199787	9.335622336663488e-6
0.001971682096214501	9.335624045700656e-6
0.0019820857999610494	9.3356257728244e-6
0.001992544399500309	9.335627518226168e-6
0.0020030581844933566	9.335629282099433e-6
0.0020136274461296914	9.335631064639709e-6
0.0020242524771352847	9.33563286604459e-6
0.002034933571780695	9.335634686513757e-6
0.002045671025889224	9.335636526249008e-6
0.0020564651368450977	9.335638385454277e-6
0.0020673162036017084	9.335640264335656e-6
0.0020782245266899	9.335642163101421e-6
0.0020891904082262817	9.335644081962053e-6
0.0021002141519215977	9.335646021130264e-6
0.0021112960630891493	9.335647980821016e-6
0.0021224364486532345	9.335649961251547e-6
0.0021336356171576575	9.335651962641396e-6
0.002144893878774279	9.33565398521243e-6
0.0021562115453115957	9.335656029188861e-6
0.002167588930223379	9.335658094797277e-6
0.0021790263486173678	9.33566018226667e-6
0.002190524117263978	9.335662291828448e-6
0.002202082554605086	9.33566442371648e-6
0.002213701980762852	9.335666578167103e-6
0.002225382717548575	9.335668755419162e-6
0.0022371250884716106	9.33567095571403e-6
0.0022489294187483396	9.335673179295637e-6
0.00226079603531116	9.335675426410497e-6
0.0022727252668175483	9.335677697307732e-6
0.0022847174436591705	9.335679992239106e-6
0.0022967728979710177	9.335682311459046e-6
0.002308891963640612	9.335684655224678e-6
0.002321074976317261	9.335687023795848e-6
0.00233332227342134	9.335689417435156e-6
0.0023456341941536425	9.33569183640798e-6
0.0023580110795047857	9.33569428098251e-6
0.002370453272264636	9.335696751429784e-6
0.0023829611170318125	9.335699248023703e-6
0.0023955349602232385	9.335701771041068e-6
0.002408175150083719	9.335704320761616e-6
0.0024208820366955963	9.335706897468048e-6
0.0024336559719884496	9.335709501446058e-6
0.002446497309748828	9.335712132984365e-6
0.0024594064056300663	9.335714792374744e-6
0.0024723836171621203	9.335717479912067e-6
0.002485429303761473	9.335720195894329e-6
0.0024985438267411	9.335722940622674e-6
0.0025117275493204594	9.335725714401446e-6
0.002524980836635559	9.335728517538206e-6
0.002538304055749078	9.335731350343775e-6
0.0025516975756605166	9.335734213132269e-6
0.0025651617673164233	9.335737106221129e-6
0.0025786970036206784	9.335740029931162e-6
0.002592303659444804	9.335742984586569e-6
0.002605982111638356	9.33574597051499e-6
0.002619732739039367	9.335748988047532e-6
0.0026335559224848256	9.335752037518814e-6
0.00264745204482123	9.335755119267001e-6
0.0026614214909151993	9.335758233633833e-6
0.002675464647664119	9.33576138096468e-6
0.0026895819040068615	9.335764561608566e-6
0.002703773650934567	9.335767775918215e-6
0.0027180402815014586	9.335771024250088e-6
0.0027323821908357333	9.33577430696442e-6
0.002746799776150515	9.335777624425265e-6
0.0027612934367548386	9.335780977000537e-6
0.00277586357406472	9.335784365062046e-6
0.002790510591614279	9.335787788985541e-6
0.002805234895066899	9.335791249150755e-6
0.002820036892226473	9.335794745941444e-6
0.0028349169930487047	9.335798279745424e-6
0.002849875609652446	9.335801850954634e-6
0.0028649131563311205	9.335805459965152e-6
0.0028800300495642047	9.335809107177267e-6
0.002895226708028746	9.335812792995499e-6
0.0029105035526109688	9.335816517828661e-6
0.002925861006417937	9.335820282089894e-6
0.0029412994947892583	9.335824086196724e-6
0.0029568194453088704	9.335827930571094e-6
0.002972421287816893	9.335831815639422e-6
0.002988105454421516	9.335835741832653e-6
0.0030038723795109746	9.335839709586286e-6
0.00301972249976559	9.335843719340444e-6
0.0030356562541698443	9.335847771539914e-6
0.0030516740840245502	9.335851866634195e-6
0.00306777643295908	9.335856005077552e-6
0.0030839637469436344	9.335860187329067e-6
0.003100236474301605	9.335864413852683e-6
0.0031165950657219984	9.335868685117265e-6
0.0031330399742719004	9.335873001596648e-6
0.003149571655409033	9.335877363769689e-6
0.0031661905669943804	9.335881772120318e-6
0.0031828971693048484	9.3358862271376e-6
0.0031996919250460226	9.33589072931578e-6
0.003216575299364993	9.335895279154349e-6
0.003233547759863218	9.335899877158086e-6
0.003250609776609485	9.335904523837122e-6
0.003267761822152936	9.335909219707007e-6
0.003285004371536141	9.335913965288742e-6
0.003302337902308261	9.335918761108859e-6
0.003319762894538284	9.335923607699474e-6
0.0033372798308283027	9.335928505598345e-6
0.00335488919632689	9.335933455348927e-6
0.0033725914787425455	9.33593845750044e-6
0.0033903871683571827	9.33594351260793e-6
0.003408276758039719	9.335948621232325e-6
0.003426260743259735	9.335953783940504e-6
0.0034443396221011773	9.335959001305348e-6
0.0034625138952761635	9.335964273905832e-6
0.003480784066138861	9.335969602327054e-6
0.0034991506406994058	9.335974987160319e-6
0.0035176141276379276	9.335980429003213e-6
0.0035361750383186507	9.335985928459647e-6
0.0035548338868040324	9.335991486139944e-6
0.003573591189869014	9.335997102660902e-6
0.0035924474670153412	9.336002778645854e-6
0.003611403240485934	9.33600851472475e-6
0.003630459035279359	9.336014311534217e-6
0.003649615379164381	9.336020169717638e-6
0.0036688728026945594	9.33602608992522e-6
0.0036882318392229526	9.336032072814072e-6
0.0037076930249169003	9.336038119048259e-6
0.003727256898772852	9.336044229298906e-6
0.0037469240026313058	9.336050404244248e-6
0.0037666948811918254	9.336056644569721e-6
0.0037865700820281047	9.33606295096803e-6
0.0038065501556031455	9.336069324139226e-6
0.003826635655284512	9.336075764790795e-6
0.0038468271373596364	9.336082273637725e-6
0.003867125161051236	9.336088851402583e-6
0.0038875302885328132	9.336095498815617e-6
0.003908043084944202	9.336102216614816e-6
0.003928664118407233	9.336109005545996e-6
0.0039493939600414784	9.336115866362893e-6
0.003970233183980047	9.336122799827239e-6
0.003991182367385495	9.33612980670885e-6
0.004012242090465827	9.336136887785715e-6
0.004033412936490539	9.336144043844074e-6
0.004054695491806783	9.336151275678514e-6
0.004076090345855625	9.336158584092054e-6
0.0040975980911883364	9.33616596989624e-6
0.004119219323482824	9.336173433911225e-6
0.004140954641560141	9.336180976965873e-6
0.004162804647401042	9.336188599897847e-6
0.00418476994616267	9.336196303553696e-6
0.0042068511461953355	9.33620408878896e-6
0.004229048859059327	9.33621195646826e-6
0.004251363699541875	9.336219907465398e-6
0.004273796285674185	9.336227942663449e-6
0.004296347238748526	9.336236062954866e-6
0.00431901718333546	9.33624426924158e-6
0.004341806747301144	9.336252562435094e-6
0.004364716561824697	9.336260943456587e-6
0.004387747261415697	9.336269413237032e-6
0.004410899483931761	9.336277972717273e-6
0.00443417387059619	9.336286622848153e-6
0.004457571066015741	9.336295364590614e-6
0.004481091718198489	9.3363041989158e-6
0.00450473647857175	9.336313126805167e-6
0.004528506002000151	9.336322149250601e-6
0.004552400946803743	9.336331267254518e-6
0.004576421974776241	9.336340481829986e-6
0.004600569751203373	9.33634979400083e-6
0.004624844944881271	9.336359204801754e-6
0.004649248228135014	9.33636871527845e-6
0.004673780276837261	9.336378326487722e-6
0.004698441770426939	9.336388039497603e-6
0.004723233391928076	9.33639785538747e-6
0.004748155827968738	9.336407775248167e-6
0.004773209768800009	9.336417800182134e-6
0.004798395908315126	9.336427931303521e-6
0.004823714944068712	9.336438169738321e-6
0.004849167577296066	9.336448516624486e-6
0.004874754512932599	9.336458973112071e-6
0.004900476459633374	9.336469540363345e-6
0.004926334129792693	9.336480219552937e-6
0.004952328239563875	9.336491011867955e-6
0.0049784595088790485	9.336501918508127e-6
0.005004728661469112	9.336512940685933e-6
0.005031136424883787	9.336524079626749e-6
0.005057683530511745	9.336535336568965e-6
0.005084370713600872	9.336546712764153e-6
0.005111198713278654	9.336558209477175e-6
0.0051381682725726106	9.33656982798635e-6
0.005165280138430896	9.336581569583595e-6
0.005192535061742995	9.336593435574554e-6
0.005219933797360495	9.336605427278757e-6
0.005247477104118003	9.336617546029772e-6
0.005275165744854182	9.336629793175347e-6
0.005303000486432842	9.336642170077566e-6
0.005330982099764202	9.336654678112998e-6
0.005359111359826248	9.336667318672858e-6
0.005387389045686175	9.336680093163155e-6
0.005415815940521969	9.336693003004857e-6
0.005444392831644124	9.336706049634055e-6
0.00547312051051741	9.336719234502114e-6
0.005501999772782809	9.336732559075839e-6
0.005531031418279569	9.336746024837646e-6
0.005560216251067325	9.336759633285733e-6
0.00558955507944838	9.336773385934226e-6
0.005619048715990114	9.336787284313376e-6
0.005648697977547452	9.336801329969722e-6
0.005678503685285504	9.336815524466256e-6
0.005708466664702328	9.336829869382614e-6
0.005738587745651753	9.336844366315243e-6
0.005768867762366388	9.336859016877589e-6
0.005799307553480738	9.336873822700274e-6
0.005829907962054398	9.336888785431283e-6
0.005860669835595419	9.336903906736146e-6
0.005891594026083799	9.336919188298132e-6
0.005922681389995046	9.33693463181843e-6
0.005953932788323912	9.336950239016356e-6
0.005985349086608259	9.336966011629528e-6
0.006016931154952999	9.336981951414078e-6
0.0060486798680542036	9.336998060144847e-6
0.006080596105223352	9.337014339615577e-6
0.006112680750411649	9.337030791639125e-6
0.006144934692234521	9.337047418047662e-6
0.006177358823996246	9.337064220692878e-6
0.006209954043714665	9.337081201446202e-6
0.00624272125414606	9.337098362199002e-6
0.006275661362810186	9.3371157048628e-6
0.006308775282015361	9.3371332313695e-6
0.006342063928883756	9.337150943671596e-6
0.0063755282253768145	9.337168843742392e-6
0.006409169098320747	9.337186933576234e-6
0.006442987479432219	9.337205215188733e-6
0.006476984305344179	9.337223690616984e-6
0.006511160517631757	9.33724236191981e-6
0.006545517062838364	9.337261231177991e-6
0.006580054892501923	9.337280300494501e-6
0.006614774963181192	9.337299571994737e-6
0.006649678236482266	9.337319047826775e-6
0.006684765679085237	9.337338730161605e-6
0.006720038262770924	9.337358621193375e-6
0.006755496964447809	9.337378723139653e-6
0.0067911427661791115	9.337399038241661e-6
0.006826976655209951	9.337419568764547e-6
0.006862999623994704	9.337440316997624e-6
0.006899212670224518	9.337461285254654e-6
0.0069356167968549	9.337482475874085e-6
0.006972213012133511	9.337503891219337e-6
0.007009002329628118	9.33752553367906e-6
0.007045985768254617	9.337547405667414e-6
0.0070831643523052825	9.33756950962433e-6
0.007120539111477148	9.337591848015808e-6
0.0071581110809004886	9.337614423334177e-6
0.007195881301167508	9.337637238098393e-6
0.007233850818361181	9.337660294854323e-6
0.007272020684084183	9.337683596175033e-6
0.007310391955488039	9.33770714466108e-6
0.007348965695302418	9.337730942940812e-6
0.007387742971864529	9.337754993670667e-6
0.007426724859148729	9.33777929953548e-6
0.007465912436796289	9.337803863248779e-6
0.007505306790145253	9.337828687553105e-6
0.007544909010260517	9.33785377522032e-6
0.007584720193964076	9.33787912905193e-6
0.007624741443865349	9.337904751879392e-6
0.007664973868391741	9.337930646564455e-6
0.00770541858181937	9.337956815999477e-6
0.007746076704303877	9.337983263107752e-6
0.007786949361911472	9.338009990843857e-6
0.007828037686650151	9.338037002193982e-6
0.007869342816500995	9.338064300176269e-6
0.007910865895449712	9.338091887841175e-6
0.007952608073518351	9.338119768271794e-6
0.007994570506797095	9.338147944584236e-6
0.008036754357476309	9.338176419927965e-6
0.008079160793878756	9.338205197486184e-6
0.008121790990491902	9.338234280476171e-6
0.008164646128000467	9.338263672149672e-6
0.008207727393319153	9.338293375793264e-6
0.008251035979625468	9.338323394728732e-6
0.008294573086392795	9.338353732313454e-6
0.008338339919423638	9.338384391940794e-6
0.00838233769088297	9.338415377040473e-6
0.008426567619331825	9.338446691078987e-6
0.008471030929761078	9.338478337559984e-6
0.008515728853625318	9.338510320024683e-6
0.008560662628876984	9.338542642052284e-6
0.00860583350000067	9.338575307260364e-6
0.008651242718047547	9.338608319305311e-6
0.008696891540670037	9.338641681882732e-6
0.008742781232156665	9.338675398727893e-6
0.008788913063467033	9.338709473616144e-6
0.008835288312267037	9.338743910363348e-6
0.008881908262964287	9.338778712826338e-6
0.008928774206743616	9.338813884903346e-6
0.008975887441602883	9.338849430534467e-6
0.009023249272388935	9.338885353702111e-6
0.009070861010833701	9.338921658431458e-6
0.009118723975590543	9.33895834879093e-6
0.009166839492270809	9.338995428892664e-6
0.009215208893480492	9.339032902892984e-6
0.009263833518857158	9.339070774992891e-6
0.009312714715107088	9.339109049438533e-6
0.009361853836042511	9.339147730521723e-6
0.009411252242619135	9.339186822580416e-6
0.009460911302973862	9.339226329999225e-6
0.009510832392462622	9.339266257209926e-6
0.009561016893698501	9.339306608691974e-6
0.009611466196590058	9.339347388973027e-6
0.009662181698379747	9.339388602629476e-6
0.009713164803682707	9.339430254286961e-6
0.00976441692452558	9.339472348620932e-6
0.00981593948038566	9.339514890357184e-6
0.009867733898230223	9.339557884272409e-6
0.009919801612556007	9.339601335194753e-6
0.009972144065428956	9.339645248004385e-6
0.010024762706524196	9.339689627634054e-6
0.010077658993166122	9.33973447906969e-6
0.010130834390368812	9.339779807350959e-6
0.010184290370876568	9.339825617571876e-6
0.010238028415204726	9.33987191488139e-6
0.010292050011680666	9.339918704483985e-6
0.010346356656484994	9.339965991640302e-6
0.010400949853693029	9.34001378166775e-6
0.010455831115316432	9.340062079941123e-6
0.010511001961345075	9.340110891893245e-6
0.010566463919789168	9.340160223015599e-6
0.010622218526721563	9.340210078858979e-6
0.010678267326320276	9.340260465034136e-6
0.010734611870911296	9.340311387212448e-6
0.010791253721011553	9.340362851126578e-6
0.010848194445372128	9.34041486257116e-6
0.01090543562102173	9.340467427403479e-6
0.010962978833310363	9.340520551544156e-6
0.011020825675953206	9.340574240977857e-6
0.011078977751074795	9.340628501753998e-6
0.011137436669253374	9.340683339987458e-6
0.011196204049565504	9.340738761859303e-6
0.011255281519630893	9.340794773617523e-6
0.011314670715657496	9.340851381577767e-6
0.01137437328248683	9.340908592124093e-6
0.011434390873639497	9.34096641170973e-6
0.011494725151361025	9.341024846857843e-6
0.011555377786667882	9.341083904162304e-6
0.011616350459393743	9.341143590288481e-6
0.011677644858236047	9.341203911974031e-6
0.011739262680802751	9.341264876029702e-6
0.011801205633659329	9.341326489340144e-6
0.011863475432376067	9.341388758864733e-6
0.011926073801575576	9.341451691638403e-6
0.011989002474980517	9.341515294772475e-6
0.01205226319546167	9.341579575455526e-6
0.012115857715086182	9.341644540954235e-6
0.012179787795166071	9.34171019861426e-6
0.012244055206307048	9.34177655586112e-6
0.012308661728457536	9.341843620201073e-6
0.012373609150957945	9.341911399222035e-6
0.012438899272590277	9.341979900594482e-6
0.012504533901627911	9.342049132072374e-6
0.012570514855885681	9.342119101494087e-6
0.012636843962770252	9.342189816783356e-6
0.012703523059330714	9.342261285950241e-6
0.012770553992309442	9.342333517092077e-6
0.012837938618193278	9.342406518394467e-6
0.012905678803264941	9.342480298132258e-6
0.012973776423654684	9.342554864670552e-6
0.013042233365392293	9.342630226465718e-6
0.013111051524459315	9.342706392066412e-6
0.01318023280684154	9.342783370114617e-6
0.013249779128581829	9.342861169346692e-6
0.013319692415833168	9.342939798594435e-6
0.013389974604911982	9.343019266786153e-6
0.013460627642351819	9.343099582947759e-6
0.013531653484957218	9.343180756203857e-6
0.01360305409985793	9.343262795778869e-6
0.013674831464563372	9.343345710998152e-6
0.013746987567017428	9.343429511289145e-6
0.013819524405653495	9.34351420618252e-6
0.013892443989449806	9.343599805313344e-6
0.013965748337985116	9.343686318422269e-6
0.014039439481494612	9.343773755356721e-6
0.014113519460926123	9.343862126072111e-6
0.01418799032799669	9.343951440633063e-6
0.014262854145249365	9.344041709214649e-6
0.014338112986110313	9.344132942103639e-6
0.01441376893494629	9.344225149699786e-6
0.014489824087122337	9.344318342517092e-6
0.014566280549059802	9.344412531185116e-6
0.014643140438294719	9.344507726450288e-6
0.014720405883536429	9.344603939177247e-6
0.01479807902472652	9.344701180350177e-6
0.01487616201309814	9.34479946107418e-6
0.014954657011235556	9.344898792576657e-6
0.015033566193134012	9.344999186208698e-6
0.01511289174426001	9.345100653446503e-6
0.015192635861611792	9.345203205892811e-6
0.015272800753780182	9.34530685527835e-6
0.015353388641009791	9.345411613463308e-6
0.015434401755260492	9.345517492438806e-6
0.015515842340269207	9.345624504328417e-6
0.015597712651612104	9.345732661389678e-6
0.015680014956767036	9.34584197601563e-6
0.015762751535176322	9.345952460736379e-6
0.015845924678309923	9.346064128220683e-6
0.01592953668972889	9.346176991277532e-6
0.016013589885149122	9.346291062857784e-6
0.016098086592505577	9.34640635605579e-6
0.0161830291520167	9.346522884111062e-6
0.01626841991624921	9.346640660409946e-6
0.016354261250183338	9.34675969848732e-6
0.016440555531278253	9.346880012028322e-6
0.016527305149537954	9.347001614870085e-6
0.01661451250757742	9.347124521003508e-6
0.016702180020689197	9.347248744575036e-6
0.01679031011691028	9.34737429988847e-6
0.01687890523708932	9.347501201406802e-6
0.016967967834954297	9.347629463754065e-6
0.017057500377180426	9.347759101717217e-6
0.017147505343458467	9.347890130248026e-6
0.017237985226563453	9.34802256446502e-6
0.017328942532423692	9.348156419655417e-6
0.017420379780190162	9.348291711277103e-6
0.01751229950230632	9.348428454960646e-6
0.01760470424457822	9.34856666651129e-6
0.017697596566244995	9.348706361911045e-6
0.01779097904004979	9.348847557320723e-6
0.01788485425231098	9.348990269082078e-6
0.0179792248029938	9.34913451371991e-6
0.01807409330578238	9.349280307944231e-6
0.01816946238815213	9.349427668652455e-6
0.018265334691442446	9.349576612931601e-6
0.018361712870929973	9.349727158060543e-6
0.018458599595902066	9.349879321512276e-6
0.01855599754973073	9.35003312095622e-6
0.01865390942994697	9.35018857426054e-6
0.018752337948315483	9.350345699494516e-6
0.01885128583090973	9.350504514930928e-6
0.018950755818187504	9.350665039048474e-6
0.019050750665066788	9.350827290534235e-6
0.019151273141002043	9.350991288286143e-6
0.01925232603006095	9.351157051415513e-6
0.019353912131001495	9.351324599249583e-6
0.019456034257349465	9.351493951334104e-6
0.019558695237476414	9.351665127435953e-6
0.01966189791467798	9.351838147545787e-6
0.019765645147252594	9.352013031880733e-6
0.01986993980858071	9.3521898008871e-6
0.01997478478720434	9.352368475243152e-6
0.02008018298690708	9.352549075861892e-6
0.020186137326794494	9.3527316238939e-6
0.020292650741375016	9.352916140730191e-6
0.0203997261806412	9.353102648005145e-6
0.02050736661015139	9.353291167599436e-6
0.020615575011111907	9.353481721643015e-6
0.0207243543804596	9.353674332518158e-6
0.020833707730944815	9.353869022862507e-6
0.02094363809121488	9.354065815572195e-6
0.02105414850589799	9.354264733804997e-6
0.02116524203568746	9.354465800983507e-6
0.021276921757426594	9.354669040798386e-6
0.021389190764193836	9.354874477211642e-6
0.021502052165388426	9.355082134459947e-6
0.021615509086816583	9.355292037058015e-6
0.021729564670778023	9.35550420980201e-6
0.021844222076152983	9.35571867777301e-6
0.021959484478489753	9.355935466340518e-6
0.02207535507009261	9.356154601166021e-6
0.022191837060110183	9.356376108206592e-6
0.02230893367462441	9.356600013718547e-6
0.02242664815673986	9.356826344261152e-6
0.022544983766673497	9.357055126700392e-6
0.022663943781845067	9.357286388212756e-6
0.022783531496967824	9.357520156289128e-6
0.02290375022413975	9.357756458738682e-6
0.02302460329293535	9.357995323692865e-6
0.023146094050497844	9.358236779609424e-6
0.023268225861631815	9.358480855276484e-6
0.023391002108896494	9.358727579816686e-6
0.023514426192699386	9.3589769826914e-6
0.023638501531390438	9.359229093704966e-6
0.02376323156135676	9.359483943009025e-6
0.02388861973711777	9.359741561106893e-6
0.024014669531420847	9.360001978858002e-6
0.02414138443533757	9.360265227482409e-6
0.024268767958360356	9.360531338565358e-6
0.02439682362849971	9.360800344061924e-6
0.02452555499238184	9.361072276301706e-6
0.024654965615347014	9.361347167993596e-6
0.02478505908154822	9.36162505223062e-6
0.024915838994050428	9.361905962494845e-6
0.025047308974930436	9.362189932662347e-6
0.025179472665377158	9.362476997008272e-6
0.025312333725792432	9.362767190211952e-6
0.025445895835892473	9.363060547362107e-6
0.02558016269480975	9.363357103962115e-6
0.025715138021195395	9.363656895935364e-6
0.02585082555332227	9.363959959630678e-6
0.025987229049188477	9.364266331827835e-6
0.02612435228662138	9.364576049743141e-6
0.026262199063382334	9.364889151035115e-6
0.02640077319727181	9.365205673810244e-6
0.026540078526235106	9.36552565662882e-6
0.02668011890846872	9.365849138510868e-6
0.026820898222527163	9.36617615894217e-6
0.02696242036743034	9.366506757880362e-6
0.02710468926277162	9.366840975761145e-6
0.027247708848826355	9.367178853504556e-6
0.027391483086660954	9.367520432521384e-6
0.027536015958242694	9.367865754719619e-6
0.02768131146654994	9.368214862511058e-6
0.02782737363568299	9.368567798817972e-6
0.027974206510975597	9.368924607079896e-6
0.028121814159106966	9.369285331260502e-6
0.028270200668214354	9.369650015854606e-6
0.02841937014800637	9.370018705895252e-6
0.028569326729876755	9.370391446960926e-6
0.02872007456701876	9.37076828518287e-6
0.028871617834540272	9.371149267252515e-6
0.029023960729579395	9.371534440429023e-6
0.02917710747142064	9.371923852546954e-6
0.02933106230161189	9.372317552024047e-6
0.029485829484081804	9.372715587869118e-6
0.029641413305257942	9.373118009690099e-6
0.02979781807418542	9.373524867702174e-6
0.02995504812264634	9.37393621273608e-6
0.030113107805279735	9.3743520962465e-6
0.03027200149970211	9.374772570320616e-6
0.03043173360662878	9.3751976876868e-6
0.030592308549995718	9.375627501723404e-6
0.030753730777082013	9.37606206646775e-6
0.03091600475863316	9.376501436625215e-6
0.03107913498898481	9.376945667578475e-6
0.03124312598618722	9.377394815396917e-6
0.03140798229213046	9.37784893684617e-6
0.03157370847267017	9.378308089397824e-6
0.03174030911775397	9.378772331239272e-6
0.031907788841548664	9.379241721283744e-6
0.032076152282568	9.379716319180475e-6
0.032245404103801084	9.380196185325072e-6
0.03241554899284163	9.380681380870018e-6
0.03258659166201773	9.381171967735374e-6
0.032758536848522306	9.38166800861963e-6
0.03293138931454445	9.382169567010778e-6
0.03310515384740122	9.382676707197525e-6
0.03327983525967021	9.383189494280703e-6
0.03345543838932293	9.383707994184897e-6
0.03363196809985876	9.384232273670235e-6
0.03380942928043956	9.384762400344383e-6
0.03398782684602524	9.385298442674756e-6
0.03416716573750979	9.385840470000919e-6
0.03434745092185807	9.386388552547202e-6
0.03452868739224351	9.386942761435533e-6
0.03471088016818633	9.387503168698486e-6
0.03489403429569251	9.388069847292552e-6
0.035078154847393635	9.38864287111164e-6
0.03526324692268735	9.389222315000801e-6
0.035449315647878586	9.389808254770199e-6
0.03563636617632151	9.390400767209315e-6
0.03582440368856232	9.390999930101405e-6
0.03601343339248271	9.391605822238206e-6
0.03620346052344401	9.39221852343488e-6
0.03639449034443233	9.392838114545256e-6
0.03658652814620425	9.393464677477311e-6
0.03677957924743331	9.394098295208927e-6
0.0369736489948574	9.394739051803935e-6
0.03716874276342683	9.395387032428437e-6
0.03736486595645311	9.396042323367409e-6
0.037562024005758685	9.396705012041628e-6
0.0377602223718274	9.397375187024864e-6
0.03795946654395559	9.398052938061396e-6
0.03815976204040429	9.398738356083865e-6
0.03836111440855196	9.399431533231401e-6
0.0385635292250481	9.400132562868124e-6
0.03876701209596781	9.400841539601958e-6
0.038971568656967	9.401558559303778e-6
0.039177204573438394	9.402283719126927e-6
0.03938392554066859	9.403017117527083e-6
0.03959173728399573	9.403758854282485e-6
0.03980064555896797	9.404509030514547e-6
0.04001065615150306	9.405267748708815e-6
0.040221774878048504	9.406035112736375e-6
0.04043400758574258	9.406811227875595e-6
0.04064736015257643	9.407596200834307e-6
0.040861838487556784	9.408390139772416e-6
0.041077448530869545	9.409193154324889e-6
0.04129419625404445	9.41000535562523e-6
0.04151208766012038	9.410826856329347e-6
0.04173112878381155	9.411657770639917e-6
0.04195132569167481	9.412498214331192e-6
0.04217268448227757	9.413348304774267e-6
0.04239521128636663	9.414208160962868e-6
0.042618912267038137	9.415077903539595e-6
0.04284379361990818	9.415957654822698e-6
0.043069861573284414	9.416847538833368e-6
0.0432971223883385	9.417747681323543e-6
0.04352558235927961	9.41865820980427e-6
0.04375524781352872	9.419579253574611e-6
0.04398612511189376	9.420510943751135e-6
0.04421822064874592	9.421453413297959e-6
0.04445154085219672	9.422406797057407e-6
0.04468609218427591	9.423371231781273e-6
0.04492188114111063	9.424346856162693e-6
0.04515891425310523	9.425333810868667e-6
0.045397198085122104	9.426332238573217e-6
0.04563673923666358	9.427342283991233e-6
0.0458775443420547	9.42836409391297e-6
0.04611962007062687	9.42939781723928e-6
0.0463629731269027	9.430443605017518e-6
0.04660761025078162	9.43150161047822e-6
0.04685353821772651	9.432571989072498e-6
0.04710076383895147	9.433654898510214e-6
0.04734929396161039	9.434750498798956e-6
0.04759913546898653	9.435858952283781e-6
0.04785029528068329	9.436980423687822e-6
0.048102780352815795	9.438115080153714e-6
0.048356597678203474	9.439263091285896e-6
0.04861175428656387	9.440424629193792e-6
0.04886825724470728	9.441599868535909e-6
0.049126113656732376	9.442788986564857e-6
0.049385330664223154	9.443992163173331e-6
0.04964591544644659	9.445209580941062e-6
0.049907875220551456	9.446441425182774e-6
0.050171217241768346	9.447687883997169e-6
0.0504359488036105	9.448949148316963e-6
0.05070207723807578	9.450225411960007e-6
0.050969609915849874	9.451516871681504e-6
0.05123855424651034	9.452823727227365e-6
0.051508917678731767	9.45414618138874e-6
0.05178070770049221	9.455484440057732e-6
0.0520539318392805	9.456838712284328e-6
0.05232859766230472	9.458209210334617e-6
0.05260471277670178	9.459596149750252e-6
0.05288228482974814	9.460999749409277e-6
0.053161321509071637	9.462420231588294e-6
0.053441830542864256	9.463857822026007e-6
0.053723819700096355	9.465312749988223e-6
0.05400729679073175	9.466785248334308e-6
0.054292269665943936	9.468275553585144e-6
0.05457874621833369	9.469783905992648e-6
0.054866734382147606	9.471310549610853e-6
0.055156242133497735	9.47285573236865e-6
0.05544727749058266	9.474419706144184e-6
0.0557398485139095	9.476002726840979e-6
0.05603396330651705	9.477605054465825e-6
0.056329630014200376	9.479226953208487e-6
0.05662685682573636	9.480868691523256e-6
0.05692565197311037	9.482530542212464e-6
0.05722602373174446	9.484212782511914e-6
0.05752798042072646	9.485915694178365e-6
0.05783153040304029	9.487639563579093e-6
0.05813668208579778	9.48938468178358e-6
0.05844344392047141	9.49115134465742e-6
0.05875182440312828	9.492939852958463e-6
0.05906183207466562	9.494750512435301e-6
0.059373475521047235	9.49658363392814e-6
0.05968676337354121	9.498439533472121e-6
0.060001704308959146	9.500318532403191e-6
0.06031830704989639	9.502220957466558e-6
0.06063658036497351	9.504147140927829e-6
0.06095653306907935	9.50609742068691e-6
0.061278174023615045	9.508072140394735e-6
0.0616015121367394	9.510071649572921e-6
0.06192655636361574	9.512096303736412e-6
0.06225331570665991	9.514146464519255e-6
0.06258179921578942	9.516222499803504e-6
0.06291201598867437	9.518324783851471e-6
0.06324397517098923	9.520453697441294e-6
0.06357768595666624	9.522609628006045e-6
0.06391315758814989	9.52479296977637e-6
0.0642503993566531	9.527004123926878e-6
0.06458942060241447	9.529243498726289e-6
0.06493023071495686	9.531511509691546e-6
0.0652728391333476	9.533808579745953e-6
0.06561725534645986	9.536135139381495e-6
0.06596348889323538	9.538491626825446e-6
0.06631154936294875	9.54087848821143e-6
0.06666144639547304	9.543296177755056e-6
0.06701318968154658	9.545745157934247e-6
0.06736678896304157	9.54822589967448e-6
0.06772225403323384	9.550738882539017e-6
0.06807959473707394	9.553284594924328e-6
0.06843882097145998	9.55586353426088e-6
0.06879994268551173	9.558476207219444e-6
0.06916296988084598	9.5611231299231e-6
0.06952791261185377	9.56380482816513e-6
0.0698947809859788	9.56652183763302e-6
0.07026358516399717	9.569274704138713e-6
0.0706343353602991	9.572063983855382e-6
0.07100704184317165	9.574890243560893e-6
0.07138171493508307	9.577754060888215e-6
0.0717583650129688	9.580656024582991e-6
0.07213700250851889	9.583596734768513e-6
0.07251763790846671	9.58657680321838e-6
0.07290028175487967	9.58959685363704e-6
0.07328494464545103	9.592657521948571e-6
0.07367163723379334	9.59575945659391e-6
0.07406037022973373	9.598903318836868e-6
0.07445115439961039	9.602089783079214e-6
0.07484400056657063	9.605319537185168e-6
0.07523891961087091	9.608593282815618e-6
0.07563592247017807	9.611911735772404e-6
0.07603502013987205	9.61527562635304e-6
0.07643622367335078	9.618685699716258e-6
0.07683954418233603	9.622142716258723e-6
0.07724499283718139	9.625647452003366e-6
0.07765258086718133	9.629200698999741e-6
0.07806231956088251	9.632803265736858e-6
0.07847422026639639	9.636455977568927e-6
0.07888829439171322	9.640159677154519e-6
0.07930455340501844	9.64391522490963e-6
0.07972300883501	9.647723499475182e-6
0.08014367227121773	9.651585398199487e-6
0.08056655536432435	9.655501837636257e-6
0.08099166982648819	9.659473754058758e-6
0.0814190274316674	9.663502103990696e-6
0.08184864001594626	9.66758786475454e-6
0.0822805194778629	9.671732035037896e-6
0.0827146777787387	9.675935635478678e-6
0.0831511269430098	9.680199709269818e-6
0.08358987905856007	9.684525322784244e-6
0.08403094627705571	9.688913566221009e-6
0.08447434081428207	9.693365554273336e-6
0.08492007495048184	9.697882426819528e-6
0.0853681610306951	9.702465349637633e-6
0.08581861146510138	9.707115515144869e-6
0.08627143872936331	9.711834143162768e-6
0.08672665536497204	9.716622481709182e-6
0.08718427397959475	9.721481807818203e-6
0.08764430724742381	9.726413428389216e-6
0.08810676790952761	9.731418681066271e-6
0.08857166877420372	9.736498935149089e-6
0.0890390227173335	9.741655592537069e-6
0.08950884268273852	9.746890088707674e-6
0.08998114168253947	9.752203893730722e-6
0.0904559327975162	9.75759851332014e-6
0.09093322917747002	9.763075489924819e-6
0.09141304404158813	9.768636403860303e-6
0.09189539067880961	9.774282874483157e-6
0.0923802824481933	9.780016561409868e-6
0.09286773277928806	9.78583916578238e-6
0.0933577551725046	9.791752431582294e-6
0.09385036319948942	9.797758146996034e-6
0.09434557050350052	9.803858145833286e-6
0.09484339079978557	9.810054309001233e-6
0.09534383787596155	9.816348566037152e-6
0.09584692559239656	9.822742896702153e-6
0.09635266788259392	9.829239332638975e-6
0.09686107875357797	9.835839959096919e-6
0.09737217228628182	9.84254691672708e-6
0.09788596263593768	9.849362403451419e-6
0.0984024640324687	9.856288676409219e-6
0.09892169078088298	9.863328053984728e-6
0.09944365726167	9.87048291792013e-6
0.09996837793119885	9.877755715518006e-6
0.10049586732211835	9.885148961937909e-6
0.10102614004375998	9.892665242591795e-6
0.10155921078254201	9.900307215643424e-6
0.1020950943023769	9.908077614617105e-6
0.10263380544507943	9.91597925112148e-6
0.10317535913077822	9.924015017694484e-6
0.10371977035832916	9.932187890775803e-6
0.10426705420573024	9.940500933813774e-6
0.10481722583053941	9.948957300513918e-6
0.1053703004702948	9.957560238236868e-6
0.105926293442936	9.966313091553882e-6
0.10648522014722868	9.97521930596869e-6
0.10704709606319136	9.984282431814984e-6
0.10761193675252355	9.993506128339469e-6
0.10817975785903704	0.000010002894167981027
0.10875057510908946	0.000010012450440857294
0.10932440431201926	0.000010022178959470667
0.10990126136058383	0.000010032083863646564
0.11048116223140002	0.000010042169425717714
0.11106412298538598	0.000010052440055969116
0.11165015976820629	0.000010062900308359339
0.11223928881071946	0.000010073554886535047
0.11283152642942681	0.000010084408650156656
0.11342688902692472	0.000010095466621554456
0.11402539309235919	0.00001010673399273591
0.11462705520188192	0.000010118216132766258
0.11523189201910972	0.000010129918595546358
0.1158399202955863	0.000010141847128013345
0.11645115687124569	0.00001015400767879165
0.11706561867487877	0.000010166406407324115
0.11768332272460269	0.0000101790496935151
0.11830428612833134	0.00001019194414792003
0.11892852608424963	0.00001020509662251858
0.11955605988129009	0.000010218514222111582
0.12018690489961105	0.00001023220431638499
0.1208210786110783	0.00001024617455268782
0.12145859857974943	0.000010260432869574776
0.12209948246235947	0.000010274987511168492
0.12274374800881033	0.00001028984704240104
0.12339141306266277	0.000010305020365199345
0.12404249556162969	0.000010320516735684684
0.12469701353807397	0.00001033634578246278
0.125354985119507	0.00001035251752608745
0.12601642852909112	0.000010369042399788458
0.1266813620861447	0.000010385931271562278
0.1273498042066487	0.000010403195467733527
0.1280217734037573	0.000010420846798104886
0.12869728828831076	0.000010438897582824383
0.12937636756935023	0.000010457360681111092
0.13005903005463626	0.0000104762495219941
0.1307452946511702	0.00001049557813723453
0.13143518036571697	0.000010515361196617382
0.13212870630533174	0.00001053561404581863
0.1328258916778898	0.00001055635274707405
0.13352675579261752	0.00001057759412289944
0.13423131806062766	0.00001059935580313837
0.13493959799545724	0.000010621656275642683
0.13565161521360736	0.000010644514940924028
0.1363673894350868	0.000010667952171151776
0.13708694048395856	0.000010691989373914379
0.1378102882888882	0.00001071664906120827
0.13853745288369607	0.000010741954924171791
0.13926845440791266	0.000010767931914141784
0.14000331310733555	0.000010794606330678928
0.14074204933459053	0.000010822005917285825
0.1414846835496957	0.000010850159965630277
0.1422312363206273	0.000010879099429187398
0.1429817283238898	0.000010908857047330111
0.14373618034508895	0.000010939467481030077
0.14449461327950663	0.00001097096746148366
0.14525704813267995	0.000011003395953153421
0.14602350602098352	0.000011036794332918354
0.14679400817221336	0.00001107120658726097
0.14756857592617528	0.000011106679529692347
0.1483472307352764	0.000011143263040933444
0.14912999416511824	0.000011181010334741677
0.14991688789509472	0.000011219978252705821
0.1507079337189928	0.000011260227591841778
0.15150315354559524	0.000011301823469422165
0.15230256939928793	0.000011344835730182717
0.15310620342067022	0.000011389339401890255
0.15391407786716726	0.000011435415206259387
0.1547262151136469	0.00001148315013340322
0.15554263765303988	0.00001153263808944029
0.15636336809696175	0.000011583980628611104
0.1571884291763397	0.000011637287783352653
0.1580178437420426	0.00001169267900832452
0.15885163476551284	0.000011750284257488647
0.15968982533940299	0.000011810245217159753
0.16053243867821604	0.000011872716722648484
0.1613794981189472	0.000011937868391956311
0.16223102712173082	0.000012005886517262992
0.1630870492704906	0.000012076976264087547
0.1639475882735918	0.000012151364239550984
0.16481266796449834	0.000012229301505858192
0.1656823123024334	0.000012311067133936717
0.16655654537304201	0.000012396972416471672
0.1674353913890586	0.000012487365891213658
0.1683188746909781	0.000012582639366985556
0.1692070197477291	0.000012683235199894888
0.17009985115735196	0.000012789655141014004
0.17099739364768074	0.000012902471176622041
0.17189967207702692	0.000013022338918810226
0.17280671143486834	0.000013150014293822683
0.17371853684254202	0.000013286374541981454
0.17463517355393862	0.000013432444923217505
0.17555664695620268	0.000013589433073456274
0.176482982570436	0.000013758773770653905
0.1774142060524036	0.000013942188093693025
0.17835034319324478	0.000014141762840464483
0.17929141992018782	0.00001436005903836957
0.1802374622972672	0.000014600263183116819
0.18118849652604588	0.00001486640285714369
0.18214454894634152	0.00001516366223051709
0.1831056460369548	0.000015498857862392427
0.18407181441640413	0.00001588118217618052
0.18504308084366167	0.000016323415478871006
0.18601947221889492	0.000016844006279471507
0.18700101558421245	0.000017470878404443943
0.18798773812441152	0.000018248995199036775
0.18897966716773176	0.000019257131636807132
0.18997683018661252	0.000020651311431794886
0.1909792547984526	0.00002280804161663187
0.19198696876637572	0.0000270681898372181
0.19300000000000006	0.050673795006899114
0.19300000000000006	100 #JOSU