0.001	1.2928175871883144e-6
0.0010023052380778996	1.2928197230075678e-6
0.0010046157902783952	1.2928218686783631e-6
0.0010069316688518042	1.2928240242461122e-6
0.0010092528860766844	1.2928261897564351e-6
0.0010115794542598987	1.2928283652551625e-6
0.0010139113857366793	1.2928305507883365e-6
0.0010162486928706957	1.2928327464022097e-6
0.001018591388054117	1.292834952143249e-6
0.00102093948370768	1.2928371680581347e-6
0.0010232929922807542	1.2928393941937623e-6
0.0010256519262514076	1.2928416305972429e-6
0.0010280162981264737	1.2928438773159047e-6
0.0010303861204416162	1.2928461343972936e-6
0.0010327614057613975	1.292848401889174e-6
0.001035142166679344	1.292850679839531e-6
0.0010375284158180126	1.2928529682965704e-6
0.0010399201658290592	1.2928552673087196e-6
0.0010423174293933042	1.2928575769246288e-6
0.0010447202192208	1.2928598971931725e-6
0.0010471285480508996	1.29286222816345e-6
0.0010495424286523223	1.2928645698847876e-6
0.001051961873823223	1.2928669224067366e-6
0.001054386896391259	1.2928692857790776e-6
0.0010568175092136585	1.2928716600518215e-6
0.001059253725177289	1.2928740452752066e-6
0.0010616955571987247	1.292876441499705e-6
0.0010641430182243162	1.2928788487760205e-6
0.0010665961212302578	1.292881267155089e-6
0.001069054879222658	1.2928836966880826e-6
0.0010715193052376066	1.2928861374264073e-6
0.001073989412341245	1.2928885894217074e-6
0.001076465213629835	1.2928910527258633e-6
0.0010789467222298288	1.2928935273909956e-6
0.0010814339512979381	1.2928960134694635e-6
0.0010839269140212036	1.2928985110138678e-6
0.0010864256236170656	1.2929010200770525e-6
0.0010889300933334335	1.2929035407121022e-6
0.0010914403364487566	1.2929060729723478e-6
0.001093956366272094	1.2929086169113656e-6
0.0010964781961431851	1.2929111725829776e-6
0.0010990058394325212	1.2929137400412537e-6
0.0011015393095414152	1.2929163193405135e-6
0.0011040786199020733	1.2929189105353256e-6
0.0011066237839776666	1.29292151368051e-6
0.0011091748152624013	1.2929241288311392e-6
0.0011117317272815914	1.292926756042539e-6
0.00111429453359173	1.2929293953702895e-6
0.0011168632477805613	1.292932046870227e-6
0.0011194378834671517	1.2929347105984445e-6
0.0011220184543019637	1.292937386611294e-6
0.0011246049739669266	1.2929400749653845e-6
0.0011271974561755105	1.2929427757175887e-6
0.0011297959146727979	1.292945488925038e-6
0.001132400363235557	1.292948214645129e-6
0.0011350108156723152	1.292950952935521e-6
0.001137627285823431	1.2929537038541385e-6
0.0011402497875611687	1.292956467459174e-6
0.0011428783347897718	1.2929592438090863e-6
0.0011455129414455357	1.2929620329626039e-6
0.0011481536214968829	1.2929648349787248e-6
0.001150800388944436	1.2929676499167196e-6
0.0011534532578210924	1.2929704778361309e-6
0.0011561122421920988	1.2929733187967752e-6
0.001158777356155126	1.2929761728587441e-6
0.0011614486138403427	1.2929790400824063e-6
0.001164126029410491	1.2929819205284075e-6
0.0011668096170609624	1.2929848142576733e-6
0.0011694993910198708	1.2929877213314084e-6
0.0011721953655481304	1.2929906418111005e-6
0.0011748975549395293	1.2929935757585187e-6
0.0011776059735208071	1.2929965232357173e-6
0.0011803206356517295	1.2929994843050356e-6
0.0011830415557251646	1.2930024590291005e-6
0.00118576874816716	1.2930054474708257e-6
0.0011885022274370184	1.2930084496934153e-6
0.0011912420080273747	1.2930114657603634e-6
0.0011939881044642732	1.293014495735457e-6
0.0011967405313072434	1.293017539682776e-6
0.0011994993031493788	1.2930205976666954e-6
0.0012022644346174128	1.2930236697518859e-6
0.0012050359403717975	1.2930267560033164e-6
0.00120781383510678	1.2930298564862533e-6
0.0012105981335504823	1.2930329712662646e-6
0.0012133888504649772	1.2930361004092194e-6
0.001216186000646368	1.2930392439812897e-6
0.0012189895989248665	1.2930424020489513e-6
0.0012217996601648717	1.2930455746789872e-6
0.0012246161992650487	1.2930487619384861e-6
0.0012274392311584072	1.2930519638948468e-6
0.0012302687708123814	1.293055180615776e-6
0.0012331048332289089	1.2930584121692938e-6
0.0012359474334445104	1.2930616586237318e-6
0.001238796586530369	1.293064920047737e-6
0.001241652307592411	1.2930681965102706e-6
0.001244514611771385	1.2930714880806128e-6
0.0012473835142429428	1.2930747948283612e-6
0.00125025903021772	1.2930781168234329e-6
0.0012531411749414159	1.2930814541360687e-6
0.0012560299636948749	1.2930848068368301e-6
0.0012589254117941673	1.2930881749966048e-6
0.0012618275345906706	1.2930915586866054e-6
0.0012647363474711513	1.2930949579783722e-6
0.0012676518658578456	1.293098372943775e-6
0.0012705741052085415	1.2931018036550136e-6
0.0012735030810166617	1.2931052501846195e-6
0.0012764388088113438	1.2931087126054585e-6
0.0012793813041575247	1.2931121909907316e-6
0.0012823305826560214	1.293115685413975e-6
0.0012852866599436154	1.2931191959490649e-6
0.0012882495516931339	1.2931227226702152e-6
0.001291219273613534	1.2931262656519825e-6
0.001294195841449986	1.2931298249692654e-6
0.0012971792709839558	1.293133400697308e-6
0.0013001695780332904	1.2931369929116987e-6
0.0013031667784522993	1.2931406016883752e-6
0.0013061708881318415	1.2931442271036226e-6
0.0013091819229994071	1.2931478692340778e-6
0.0013121998990192033	1.2931515281567302e-6
0.0013152248321922383	1.293155203948922e-6
0.001318256738556407	1.2931588966883525e-6
0.001321295634186575	1.2931626064530771e-6
0.0013243415351946648	1.2931663333215101e-6
0.0013273944577297395	1.293170077372427e-6
0.0013304544179780912	1.2931738386849643e-6
0.001333521432163324	1.293177617338624e-6
0.0013365955165464422	1.2931814134132718e-6
0.0013396766874259351	1.2931852269891417e-6
0.001342764961137864	1.2931890581468356e-6
0.0013458603540559483	1.2931929069673267e-6
0.0013489628825916536	1.2931967735319604e-6
0.0013520725631942774	1.2932006579224552e-6
0.001355189412351036	1.2932045602209064e-6
0.001358313446587154	1.2932084805097849e-6
0.0013614446824659501	1.2932124188719426e-6
0.0013645831365889248	1.2932163753906111e-6
0.0013677288255958492	1.2932203501494048e-6
0.0013708817661648538	1.2932243432323228e-6
0.0013740419750125153	1.2932283547237491e-6
0.0013772094688939466	1.2932323847084572e-6
0.0013803842646028849	1.2932364332716095e-6
0.001383566378971781	1.293240500498758e-6
0.0013867558288718884	1.2932445864758507e-6
0.0013899526312133534	1.2932486912892296e-6
0.0013931568029453031	1.293252815025633e-6
0.0013963683610559378	1.2932569577721982e-6
0.0013995873225726182	1.2932611196164624e-6
0.0014028137045619582	1.293265300646366e-6
0.0014060475241299138	1.2932695009502529e-6
0.0014092887984218747	1.293273720616873e-6
0.0014125375446227546	1.2932779597353844e-6
0.0014157937799570816	1.2932822183953546e-6
0.0014190575216890921	1.2932864966867624e-6
0.0014223287871228199	1.2932907947e-6
0.0014256075936021884	1.293295112525876e-6
0.001428893958511103	1.2932994502556152e-6
0.0014321878992735436	1.293303807980862e-6
0.0014354894333536562	1.2933081857936816e-6
0.0014387985782558456	1.2933125837865624e-6
0.0014421153515248688	1.2933170020524182e-6
0.0014454397707459278	1.293321440684588e-6
0.0014487718535447617	1.2933258997768419e-6
0.0014521116175877425	1.2933303794233792e-6
0.001455459080581966	1.2933348797188326e-6
0.0014588142602753485	1.2933394007582696e-6
0.0014621771744567184	1.2933439426371944e-6
0.0014655478409559117	1.293348505451549e-6
0.0014689262776438668	1.2933530892977183e-6
0.001472312502432719	1.2933576942725274e-6
0.0014757065332758946	1.293362320473248e-6
0.0014791083881682077	1.293366967997598e-6
0.0014825180851459538	1.2933716369437446e-6
0.001485935642287007	1.293376327410305e-6
0.0014893610777109154	1.29338103949635e-6
0.0014927944095789963	1.2933857733014064e-6
0.0014962356560944334	1.2933905289254563e-6
0.0014996848355023737	1.2933953064689415e-6
0.0015031419660900226	1.2934001060327666e-6
0.001506607066186742	1.293404927718298e-6
0.0015100801541641485	1.2934097716273685e-6
0.0015135612484362083	1.2934146378622783e-6
0.0015170503674593369	1.2934195265257975e-6
0.0015205475297324958	1.2934244377211683e-6
0.0015240527537972914	1.2934293715521068e-6
0.001527566058238073	1.2934343281228058e-6
0.0015310874616820303	1.2934393075379364e-6
0.0015346169827992946	1.2934443099026496e-6
0.001538154640303035	1.2934493353225818e-6
0.0015417004529495594	1.2934543839038509e-6
0.0015452544395384137	1.2934594557530648e-6
0.0015488166189124811	1.2934645509773203e-6
0.001552387009958082	1.2934696696842054e-6
0.0015559656316050743	1.2934748119818024e-6
0.0015595525028269535	1.2934799779786905e-6
0.0015631476426409539	1.2934849545686778e-6
0.0015667510701081488	1.2934901664862961e-6
0.0015703628043335525	1.2934954024170126e-6
0.0015739828644662193	1.2935006624712966e-6
0.0015776112696993486	1.293505946760126e-6
0.0015812480392703831	1.2935112553949876e-6
0.0015848931924611134	1.2935165884878793e-6
0.0015885467485977787	1.2935217605151078e-6
0.00159220872705117	1.2935271414116257e-6
0.0015958791472367327	1.293532547094695e-6
0.0015995580286146689	1.2935379776783173e-6
0.0016032453906900412	1.2935434332770184e-6
0.0016069412530128771	1.2935489140058494e-6
0.0016106456351782702	1.2935544199803885e-6
0.0016143585568264862	1.293559951316746e-6
0.0016180800376430658	1.2935655081315627e-6
0.0016218100973589297	1.2935710905420163e-6
0.001625548755750484	1.293576698665821e-6
0.0016292960326397224	1.2935823326212327e-6
0.0016330519478943342	1.2935879925270479e-6
0.0016368165214278086	1.293593678502609e-6
0.0016405897731995391	1.2935993906678066e-6
0.0016443717232149317	1.293604987657905e-6
0.001648162391525508	1.2936107516363281e-6
0.001651961798229015	1.2936165421624716e-6
0.001655769963469528	1.2936223593584301e-6
0.0016595869074375604	1.2936282033468584e-6
0.0016634126503701694	1.2936340742509732e-6
0.0016672472125510626	1.2936399721945575e-6
0.0016710906143107074	1.2936458973019625e-6
0.0016749428760264374	1.2936518496981092e-6
0.0016788040181225602	1.2936578295084932e-6
0.0016826740610704674	1.293663836859184e-6
0.0016865530253887412	1.2936698718768316e-6
0.0016904409316432641	1.2936759346886663e-6
0.0016943378004473284	1.2936820254225018e-6
0.0016982436524617442	1.2936881442067398e-6
0.0017021585083949505	1.2936942911703694e-6
0.0017060823890031236	1.2937004664429726e-6
0.0017100153150902875	1.2937066701547263e-6
0.0017139573075084253	1.2937129024364034e-6
0.001717908387157588	1.2937191634193782e-6
0.0017218685749860068	1.2937254532356269e-6
0.0017258378919902035	1.293731772017732e-6
0.0017298163592151014	1.2937381198988842e-6
0.001733803997754138	1.2937444970128846e-6
0.0017378008287493754	1.2937509034941485e-6
0.0017418068733916143	1.2937573394777087e-6
0.0017458221529205037	1.2937638050992169e-6
0.0017498466886246569	1.2937703004949466e-6
0.001753880501841761	1.2937768258017977e-6
0.0017579236139586927	1.2937833811572976e-6
0.001761976046411629	1.2937899666996046e-6
0.0017660378206861645	1.2937965022199527e-6
0.0017701089583174213	1.29380314822291e-6
0.0017741894808901656	1.2938098248309064e-6
0.001778279410038923	1.2938165321846678e-6
0.0017823787674480895	1.293823270425566e-6
0.0017864875748520507	1.2938300396956229e-6
0.0017906058540352943	1.2938368401375093e-6
0.0017947336268325266	1.2938436718945527e-6
0.001798870915128788	1.2938505351107371e-6
0.001803017740859569	1.2938574299307082e-6
0.001807174126010927	1.2938643564997735e-6
0.0018113400926196026	1.2938713149639088e-6
0.0018155156627731356	1.2938783054697585e-6
0.0018197008586099837	1.2938853281646403e-6
0.0018238957023196378	1.2938923831965477e-6
0.0018281002161427428	1.2938994707141527e-6
0.0018323144223712116	1.2939065908668095e-6
0.0018365383433483465	1.2939137438045576e-6
0.0018407720014689559	1.2939209296781242e-6
0.0018450154191794739	1.293928148638929e-6
0.0018492686189780783	1.2939354008390853e-6
0.0018535316234148114	1.2939426864314045e-6
0.0018578044550916987	1.2939500055693987e-6
0.0018620871366628676	1.2939573584072843e-6
0.0018663796908346701	1.2939647450999852e-6
0.0018706821403658006	1.2939721658031363e-6
0.001874994508067419	1.2939796206730846e-6
0.0018793168168032685	1.2939871098668962e-6
0.0018836490894898006	1.293994633542357e-6
0.0018879913490962936	1.294002191857976e-6
0.0018923436186449754	1.2940097849729899e-6
0.0018967059212111465	1.2940174130473648e-6
0.0019010782799233	1.2940250762418018e-6
0.0019054607179632475	1.294032774717738e-6
0.001909853258566238	1.2940405086373506e-6
0.001914255925021086	1.294048278163562e-6
0.0019186687406702895	1.2940560834600406e-6
0.0019230917289101584	1.2940639246912056e-6
0.0019275249131909362	1.29407180202223e-6
0.0019319683170169243	1.294079715619045e-6
0.0019364219639466074	1.294087665648342e-6
0.0019408858775927784	1.294095652277577e-6
0.001945360081622663	1.2941036756749744e-6
0.0019498445997580456	1.2941117360095292e-6
0.001954339455775395	1.2941198334510117e-6
0.00195884467350599	1.294127968169971e-6
0.001963360276836047	1.2941361403377375e-6
0.001967886289706845	1.2941443501264285e-6
0.0019724227361148537	1.2941525977089485e-6
0.001976969640111861	1.2941608832589968e-6
0.0019815270258050984	1.294169206951068e-6
0.001986094917357372	1.2941775689604572e-6
0.001990673338987187	1.2941859694632631e-6
0.00199526231496888	1.2941944086363918e-6
0.0019998618696327446	1.2942028866575603e-6
0.0020044720273651616	1.2942114037053008e-6
0.0020090928126087282	1.2942199599589642e-6
0.0020137242498623883	1.294228555598723e-6
0.002018366363681561	1.2942371908055762e-6
0.002023019178678272	1.2942458657613525e-6
0.0020276827195212822	1.294254580648714e-6
0.002032357010936222	1.2942633356511607e-6
0.002037042077705719	1.2942721309530334e-6
0.0020417379446695297	1.294280966739518e-6
0.0020464446367246744	1.2942898431966494e-6
0.002051162178825566	1.294298760511316e-6
0.0020558905959841413	1.2943077188712618e-6
0.00206062991327	1.2943167184650917e-6
0.0020653801558105293	1.2943257594822764e-6
0.002070141348791042	1.2943348421131532e-6
0.0020749135174549095	1.2943439665489338e-6
0.0020796966871036954	1.294353118067958e-6
0.0020844908830972885	1.2943623267663092e-6
0.0020892961308540394	1.2943715778492504e-6
0.0020941124558508926	1.294380871511522e-6
0.002098939883623524	1.2943902079487563e-6
0.002103778439766475	1.294399587357482e-6
0.0021086281499332893	1.2944090099351293e-6
0.0021134890398366466	1.2944184758800326e-6
0.0021183611352485017	1.294427985391435e-6
0.002123244462000219	1.2944375386694936e-6
0.002128139045982712	1.2944471359152825e-6
0.0021330449131465763	1.294456777330797e-6
0.0021379620895022318	1.2944664631189582e-6
0.0021428906011200584	1.294476193483617e-6
0.0021478304741305338	1.2944859686295593e-6
0.002152781734724373	1.2944957887625084e-6
0.0021577444091526662	1.294505654089131e-6
0.00216271852372702	1.2945155648170405e-6
0.0021677041048196945	1.2945255211548018e-6
0.0021727011788637445	1.2945355233119365e-6
0.0021777097723531588	1.2945455714989239e-6
0.0021827299118430013	1.2945556659272102e-6
0.0021877616239495525	1.2945658068092094e-6
0.0021928049353504486	1.2945759943583087e-6
0.002197859872784825	1.2945862287888734e-6
0.002202926463053456	1.2945965103162513e-6
0.0022080047330189	1.2946068391567765e-6
0.0022130947096056374	1.294617215527774e-6
0.002218196419800219	1.2946276396475652e-6
0.002223309890651403	1.2946381117354723e-6
0.0022284351492703035	1.2946486320118204e-6
0.0022335722228305314	1.294659200697946e-6
0.0022387211385683395	1.294669818016199e-6
0.002243881923782766	1.2946804841899484e-6
0.002249054605835781	1.2946911994435855e-6
0.002254239212152429	1.294701964002531e-6
0.0022594357702209775	1.2947127780932374e-6
0.0022646443075930596	1.2947236419431955e-6
0.002269864851883822	1.2947345557809368e-6
0.0022750974307720706	1.294745519836042e-6
0.002280342072000418	1.2947565343391414e-6
0.0022855988033754298	1.2947675995219228e-6
0.002290867652767773	1.2947787156171358e-6
0.002296148648112362	1.294789882858596e-6
0.0023014418174085085	1.2948011014811894e-6
0.002306747188720069	1.2948123717208784e-6
0.0023120647901755946	1.2948236938147072e-6
0.0023173946499684787	1.2948350680008047e-6
0.002322736796357107	1.294846494518391e-6
0.002328091257665008	1.2948579736077815e-6
0.002333458062281003	1.2948695055103942e-6
0.0023388372386593547	1.2948810904687505e-6
0.002344228815319922	1.2948927287264845e-6
0.0023496328208483072	1.2949044205283455e-6
0.0023550492838960097	1.294916166120204e-6
0.0023604782331805773	1.2949279657490566e-6
0.002365919697485758	1.2949398196630316e-6
0.0023713737056616554	1.2949517281113932e-6
0.002376840286624877	1.294963691344548e-6
0.0023823194693586903	1.294975709614049e-6
0.002387811282913178	1.2949877831726017e-6
0.0023933157564053876	1.2949999122740685e-6
0.0023988329190194903	1.2950120971734751e-6
0.0024043628000069333	1.2950243381270148e-6
0.002409905428686595	1.2950366353920544e-6
0.0024154608344449406	1.2950489892271402e-6
0.002421029046736178	1.2950613998920008e-6
0.0024266100950824155	1.295073867647556e-6
0.0024322040090738154	1.2950863927559198e-6
0.0024378108183687524	1.2950989754804065e-6
0.002443430552693972	1.295111616085537e-6
0.0024490632418447456	1.2951243148370428e-6
0.0024547089156850307	1.295137072001873e-6
0.0024603676041476275	1.2951498878481984e-6
0.002466039337234339	1.2951627626454191e-6
0.0024717241450161304	1.295175696664167e-6
0.0024774220576332857	1.295188690176316e-6
0.0024831331052955707	1.2952017434549825e-6
0.002488857318282391	1.295214856774535e-6
0.0024945947269429548	1.2952280304105979e-6
0.0025003453616964317	1.295241264640058e-6
0.0025061092530321138	1.2952545597410695e-6
0.0025118864315095803	1.2952679159930613e-6
0.002517676927758856	1.2952813336767406e-6
0.0025234807724805746	1.2952948130741006e-6
0.002529297996446145	1.2953083544684265e-6
0.0025351286304979076	1.2953219581442988e-6
0.0025409727055493055	1.295335624387603e-6
0.0025468302525850414	1.2953493534855327e-6
0.0025527013026612473	1.295363145726596e-6
0.002558585886905646	1.2953770014006235e-6
0.0025644840365177174	1.2953909207987711e-6
0.002570395782768864	1.295404904213529e-6
0.0025763211570025758	1.2954189519387267e-6
0.0025822601906345965	1.2954330642695384e-6
0.002588212915153092	1.2954472415024899e-6
0.0025941793621188144	1.295461483935465e-6
0.002600159563165272	1.2954757918677108e-6
0.0026061535499988958	1.2954901655998454e-6
0.0026121613543992066	1.2955046054338621e-6
0.0026181830082189854	1.295519111673138e-6
0.002624218543384442	1.2955336846224387e-6
0.002630267991895382	1.2955483245879244e-6
0.0026363313858253803	1.2955630318771583e-6
0.0026424087573219466	1.2955778067991105e-6
0.002648500138606701	1.2955926496641664e-6
0.00265460556197554	1.2956075607841325e-6
0.0026607250597988096	1.2956225404722422e-6
0.0026668586645214798	1.2956375890431631e-6
0.0026730064086633114	1.2956527068130033e-6
0.0026791683248190323	1.2956678940993186e-6
0.0026853444456585076	1.295683151221118e-6
0.002691534803926916	1.2956984784988714e-6
0.002697739432444921	1.295713876254515e-6
0.002703958364108844	1.2957293448114595e-6
0.0027101916318908433	1.2957448844945964e-6
0.002716439268839083	1.2957604956303034e-6
0.0027227013080779127	1.2957761785464533e-6
0.0027289777828080415	1.295791933572419e-6
0.0027352687263067126	1.2958077610390824e-6
0.0027415741719278826	1.295823661278839e-6
0.0027478941531023965	1.2958396346256058e-6
0.0027542287033381664	1.2958556814148297e-6
0.0027605778562203452	1.2958718019834917e-6
0.0027669416454115113	1.2958879966701162e-6
0.0027733201046518403	1.2959042658147765e-6
0.0027797132677592883	1.295920609759104e-6
0.0027861211686297698	1.2959370288462922e-6
0.002792543841237338	1.2959535234211067e-6
0.0027989813196343622	1.295970093829891e-6
0.002805433637951713	1.2959867404205736e-6
0.00281190083039894	1.2960034635426766e-6
0.002818382931264454	1.296020263547321e-6
0.0028248799749157065	1.2960371407872352e-6
0.002831391995799379	1.2960540956167628e-6
0.0028379190284415555	1.2960711283918686e-6
0.0028444611074479155	1.296088239470147e-6
0.002851018267503909	1.2961054292108297e-6
0.0028575905433749467	1.296122697974792e-6
0.0028641779699065807	1.2961400461245617e-6
0.002870780582024691	1.296157474024325e-6
0.002877398414735669	1.2961749820399362e-6
0.0028840315031266055	1.2961925705389234e-6
0.0028906798823654756	1.2962102398904975e-6
0.0028973435877013226	1.2962279904655588e-6
0.0029040226544644505	1.2962458226367057e-6
0.0029107171180666053	1.2962637367782417e-6
0.0029174270140011668	1.2962817332661842e-6
0.0029241523778433354	1.2962998124782712e-6
0.0029308932452503204	1.296317974793969e-6
0.002937649651961531	1.2963362205944819e-6
0.0029444216337987613	1.2963545502627584e-6
0.0029512092266663855	1.2963729641835003e-6
0.0029580124665515455	1.296391462743169e-6
0.0029648313895243423	1.2964100463299962e-6
0.0029716660317380262	1.2964287153339896e-6
0.0029785164294291893	1.2964474701469429e-6
0.0029853826189179594	1.2964663111624417e-6
0.002992264636608189	1.296485238775874e-6
0.002999162518987651	1.2965042533844372e-6
0.0030060763026282305	1.2965233553871473e-6
0.0030130060241861214	1.2965425451848455e-6
0.003019951720402016	1.2965618231802083e-6
0.0030269134281013057	1.2965811897777555e-6
0.003033891184194271	1.2966006453838577e-6
0.0030408850256762794	1.2966201904067456e-6
0.0030478949896279826	1.2966398252565192e-6
0.003054921113215513	1.2966595503451543e-6
0.003061963433690677	1.2966793660865127e-6
0.0030690219883911574	1.2966992728963514e-6
0.003076096814740708	1.296719271192329e-6
0.0030831879502493543	1.2967393613940162e-6
0.0030902954325135908	1.296759543922904e-6
0.00309741929921658	1.2967798192024131e-6
0.0031045595881283557	1.2968001876579015e-6
0.0031117163371060176	1.2968206497166744e-6
0.003118889584093937	1.296841205807992e-6
0.0031260793671239553	1.2968618563630808e-6
0.0031332857243155854	1.2968826018151397e-6
0.003140508693876217	1.296903442599351e-6
0.003147748314101316	1.2969243791528884e-6
0.0031550046233746265	1.296945411914927e-6
0.0031622776601683794	1.2969665413266518e-6
0.003169567463043491	1.2969877678312665e-6
0.0031768740706497704	1.2970090918740049e-6
0.0031841975217261247	1.2970305139021374e-6
0.003191537855100762	1.297052034364982e-6
0.003198895109691398	1.297073653713913e-6
0.0032062693245054658	1.2970953724023711e-6
0.0032136605386403174	1.2971171908858725e-6
0.0032210687912834347	1.2971391096220177e-6
0.003228494121712636	1.2971611290705028e-6
0.003235936569296283	1.2971832496931268e-6
0.0032433961734934925	1.2972054719538037e-6
0.003250872973854344	1.2972277963185694e-6
0.003258367010020088	1.2972502232555941e-6
0.0032658783217233583	1.2972727532351912e-6
0.003273406948788382	1.2972953867298257e-6
0.00328095293113119	1.2973181242141265e-6
0.0032885163087598306	1.2973409661648938e-6
0.003296097121774578	1.2973639130611108e-6
0.003303695410368148	1.2973869653839538e-6
0.0033113112148259113	1.2974101236168008e-6
0.0033189445755261037	1.2974333882452428e-6
0.0033265955329400453	1.2974567597570933e-6
0.00333426412763235	1.297480238642399e-6
0.003341950400261143	1.2975038253934503e-6
0.003349654391578277	1.2975275205047899e-6
0.003357376142429547	1.2975513244732254e-6
0.003365115693754908	1.2975752377978378e-6
0.003372873086588689	1.297599260979994e-6
0.003380648362059816	1.2976233945233542e-6
0.0033884415613920256	1.2976476389338857e-6
0.0033962527259040844	1.2976719947198706e-6
0.0034040818970100086	1.2976964623919198e-6
0.0034119291162192852	1.2977210424629801e-6
0.003419794425137088	1.297745735448347e-6
0.0034276778654645035	1.2977705418656745e-6
0.003435579478998746	1.2977954622349876e-6
0.003443499307633385	1.2978204970786913e-6
0.0034514373933585626	1.2978456469215817e-6
0.0034593937782612196	1.2978709122908584e-6
0.0034673685045253162	1.2978962937161334e-6
0.0034753616144320583	1.2979217917294451e-6
0.003483373150360118	1.2979474068652665e-6
0.003491403154785861	1.2979731396605173e-6
0.0034994516702835728	1.2979989906545767e-6
0.00350751873952568	1.2980249603892921e-6
0.003515604405282981	1.2980510494089925e-6
0.0035237087104248717	1.298077258260499e-6
0.00353183169791957	1.2981035874931363e-6
0.0035399734108343467	1.2981300376587438e-6
0.003548133892335755	1.298156609311689e-6
0.0035563131856898534	1.2981833030088756e-6
0.0035645113342624426	1.2982101193097592e-6
0.003572728381519289	1.2982370587763562e-6
0.00358096437102636	1.2982641219732562e-6
0.003589219346450052	1.2982913094676349e-6
0.003597493351557423	1.2983186218292641e-6
0.003605786430216424	1.2983460596305258e-6
0.003614098626396133	1.2983736234464222e-6
0.003622429984166986	1.2984013138545888e-6
0.0036307805477010136	1.2984291314353066e-6
0.003639150361272071	1.2984570767715133e-6
0.003647539469256078	1.2984851504488174e-6
0.003655947916131249	1.2985133530555077e-6
0.003664375746478333	1.298541685182568e-6
0.003672823004980847	1.298570147423689e-6
0.0036812897364253143	1.2985987403752795e-6
0.0036897759857015032	1.2986274646364799e-6
0.0036982817978026624	1.2986563208091758e-6
0.00370680721782576	1.2986853094980083e-6
0.0037153522909717258	1.2987144313103875e-6
0.0037239170625456854	1.2987436868565072e-6
0.0037325015779572056	1.298773076749355e-6
0.0037411058827205336	1.2988026016047254e-6
0.0037497300224548355	1.2988322620412354e-6
0.003758374042884442	1.2988620586803345e-6
0.0037670379898390887	1.298891992146319e-6
0.003775721909254161	1.2989220630663443e-6
0.003784425847170933	1.2989522720704408e-6
0.0037931498497368195	1.298982619791523e-6
0.0038018939632056123	1.299013106865405e-6
0.0038106582339377305	1.2990437339308146e-6
0.0038194427084004656	1.2990745016294053e-6
0.0038282474331682273	1.2991054106057706e-6
0.003837072454922788	1.2991364615074564e-6
0.003845917820453536	1.2991676549849756e-6
0.003854783576657718	1.2991989916918218e-6
0.003863669770540692	1.2992304722844836e-6
0.0038725764492161725	1.2992620974224558e-6
0.003881503659906483	1.2992938677682562e-6
0.003890451449942806	1.2993257839874376e-6
0.0038994198667654345	1.2993578467486039e-6
0.003908408957924021	1.299390056723421e-6
0.0039174187710778316	1.2994224145866338e-6
0.003926449353995999	1.2994549210160787e-6
0.0039355007545577745	1.2994875766926991e-6
0.003944573020752784	1.2995203823005587e-6
0.003953666200681279	1.2995533385268561e-6
0.0039627803425543945	1.2995864460619393e-6
0.003971915494694403	1.2996197055993207e-6
0.003981071705534972	1.2996531178356909e-6
0.00399024902362142	1.2996866834709345e-6
0.003999447497610975	1.299720403208143e-6
0.004008667176273028	1.2997542777536316e-6
0.0040179081084893995	1.2997883078169526e-6
0.004027170343254591	1.2998224941109114e-6
0.004036453929676049	1.2998568373515804e-6
0.004045758916974427	1.2998913382583154e-6
0.004055085354483838	1.2999259975537692e-6
0.004064433291652128	1.2999608159639086e-6
0.004073802778041128	1.299995794218028e-6
0.004083193863326921	1.3000309330487657e-6
0.004092606597300109	1.3000662331921196e-6
0.004102041029866068	1.300101695387462e-6
0.0041114972110452225	1.3001373203775553e-6
0.004120975190973302	1.3001731089085677e-6
0.004130475019901613	1.30020906173009e-6
0.004139996748197304	1.3002451795951494e-6
0.004149540426343629	1.300281463260227e-6
0.004159106104940221	1.300317913485273e-6
0.004168693834703354	1.3003545310337233e-6
0.004178303666466218	1.3003913166725149e-6
0.004187935651179184	1.3004282711721027e-6
0.004197589839910075	1.3004653953064752e-6
0.004207266283844441	1.300502689853172e-6
0.004216965034285822	1.3005401555932982e-6
0.00422668614265603	1.300577793311543e-6
0.004236429660495411	1.3006156037961953e-6
0.004246195639463129	1.30065358783916e-6
0.0042559841313374305	1.3006917462359753e-6
0.004265795188015927	1.3007300797858294e-6
0.004275628861515862	1.3007685892915777e-6
0.004285485203974395	1.300807275559759e-6
0.004295364267648873	1.3008461394006138e-6
0.0043052661049171066	1.300885181628099e-6
0.004315190768277652	1.3009244030599088e-6
0.004325138310350088	1.3009638045174881e-6
0.004335108783875289	1.3010033868260535e-6
0.004345102241715715	1.3010431508146078e-6
0.004355118736855686	1.3010830973159589e-6
0.00436515832240166	1.3011232271667382e-6
0.004375221051582521	1.3011635412074167e-6
0.004385306977749857	1.3012040402823235e-6
0.004395416154378245	1.3012447252396634e-6
0.004405548635065534	1.3012855969315365e-6
0.004415704473533125	1.3013266562139538e-6
0.004425883723626266	1.3013679039468571e-6
0.004436086439314326	1.3014093409941358e-6
0.004446312674691087	1.3014509682236474e-6
0.004456562483975033	1.3014927865072336e-6
0.004466835921509631	1.3015347967207405e-6
0.004477133041763626	1.3015769997440357e-6
0.004487453899331322	1.3016193964610284e-6
0.00449779854893288	1.3016619877596867e-6
0.004508167045414602	1.3017047745320584e-6
0.004518559443749224	1.3017477576742877e-6
0.004528975799036208	1.3017909380866361e-6
0.004539416166502032	1.3018343166735012e-6
0.004549880601500486	1.3018778943434342e-6
0.004560369159512962	1.3019216720091618e-6
0.00457088189614875	1.3019656505876032e-6
0.004581418867145334	1.3020098309998918e-6
0.004591980128368685	1.3020542141713932e-6
0.0046025657358135606	1.3020988010317254e-6
0.004613175745603794	1.3021435925147785e-6
0.004623810213992603	1.302188589558736e-6
0.00463446919736288	1.3022337931060912e-6
0.004645152752227494	1.302279204103671e-6
0.0046558609352295895	1.302324823502655e-6
0.0046665938031428865	1.3023706522585941e-6
0.004677351412871982	1.3024166913314335e-6
0.004688133821452652	1.3024629416855304e-6
0.004698941086052154	1.302509404289677e-6
0.004709773263969529	1.30255608011712e-6
0.0047206304126359054	1.3026029701455819e-6
0.004731512589614805	1.3026500753572799e-6
0.004742419852602446	1.3026973967389506e-6
0.0047533522594280534	1.3027449352818668e-6
0.004764309868054157	1.3027926919818623e-6
0.004775292736576909	1.3028406678393517e-6
0.004786300923226384	1.3028888638593499e-6
0.004797334486366891	1.3029372810514984e-6
0.004808393484497285	1.302985920430081e-6
0.004819477976251273	1.3030347830140499e-6
0.004830588020397726	1.3030838698270452e-6
0.0048417236758409934	1.3031331818974192e-6
0.0048528850016212105	1.3031827202582545e-6
0.004864072056914616	1.3032324859473903e-6
0.0048752849010338635	1.3032824800074417e-6
0.004886523593428336	1.3033327034858234e-6
0.004897788193684462	1.3033831574347715e-6
0.0049090787615260305	1.303433842911367e-6
0.0049203953568145095	1.3034847609775574e-6
0.004931738039549359	1.3035359127001796e-6
0.0049431068698683545	1.3035872991509835e-6
0.0049545019080479025	1.3036389214066545e-6
0.004965923214503361	1.3036907805488366e-6
0.00497737084978936	1.3037428776641557e-6
0.0049888448746001225	1.3037952138442426e-6
0.005000345349769785	1.3038477901857578e-6
0.005011872336272723	1.303900607790413e-6
0.005023425895223871	1.303953667764996e-6
0.0050350060878790485	1.3040069712213946e-6
0.005046612975635284	1.3040605192766202e-6
0.005058246620031141	1.3041143130528316e-6
0.005069907082747044	1.3041683536773602e-6
0.0050815944256056055	1.304222642282732e-6
0.005093308710571954	1.3042771800066951e-6
0.005105049999754064	1.3043319679922413e-6
0.005116818355403078	1.3043870073876327e-6
0.005128613839913649	1.3044422993464254e-6
0.005140436515824262	1.3044978450274956e-6
0.005152286445817566	1.3045536455950623e-6
0.00516416369272071	1.3046097022187147e-6
0.005176068319505677	1.3046660160734364e-6
0.005188000389289611	1.3047225883396312e-6
0.00519995996533516	1.304779420203148e-6
0.005211947111050805	1.3048365128553066e-6
0.005223961889991198	1.3048938674929243e-6
0.005236004365857502	1.3049514853183405e-6
0.0052480746024977255	1.305009367539444e-6
0.005260172663907061	1.3050675153696966e-6
0.005272298614228227	1.3051259300281637e-6
0.005284452517751804	1.3051846127395363e-6
0.005296634438916577	1.3052435647341597e-6
0.005308844442309883	1.305302787248061e-6
0.005321082592667942	1.3053622815229733e-6
0.005333348954876209	1.3054220488063643e-6
0.005345643593969717	1.3054820903514641e-6
0.005357966575133416	1.3055424074172902e-6
0.005370317963702527	1.305603001268677e-6
0.005382697825162883	1.3056638731763012e-6
0.005395106225151276	1.3057250244167112e-6
0.005407543229455808	1.3057864562723546e-6
0.005420008904016238	1.3058481700316042e-6
0.005432503314924332	1.3059101669887887e-6
0.005445026528424212	1.3059724484442187e-6
0.005457578610912709	1.3060350157042161e-6
0.005470159628939716	1.3060978700811426e-6
0.005482769649208538	1.3061610128934282e-6
0.0054954087385762455	1.3062244454655983e-6
0.005508076964054034	1.306288169128305e-6
0.005520774392807574	1.3063521852183555e-6
0.005533501092157367	1.30641649507874e-6
0.005546257129579108	1.3064811000586625e-6
0.005559042572704036	1.3065460015135688e-6
0.005571857489319299	1.3066112008051771e-6
0.005584701947368308	1.306676699301508e-6
0.005597576014951101	1.3067424983769135e-6
0.005610479760324705	1.3068085994121079e-6
0.005623413251903491	1.3068750037941978e-6
0.005636376558259545	1.3069417129167108e-6
0.005649369748123026	1.307008728179629e-6
0.005662392890382533	1.3070760509894176e-6
0.005675446054085471	1.3071436827590559e-6
0.005688529308438415	1.307211624908069e-6
0.005701642722807475	1.307279878862559e-6
0.0057147863667186705	1.3073484460552345e-6
0.0057279603098582925	1.3074173279254445e-6
0.005741164622073276	1.3074865259192087e-6
0.005754399373371569	1.307556041489249e-6
0.005767664633922508	1.307625876095022e-6
0.005780960474057181	1.307696031202752e-6
0.0057942869642688116	1.3077665082854601e-6
0.005807644175213121	1.3078373088230014e-6
0.005821032177708715	1.3079084343020925e-6
0.005834451042737447	1.3079798862163482e-6
0.0058479008414448076	1.308051666066312e-6
0.005861381645140287	1.3081237753594907e-6
0.005874893525297768	1.3081962156103874e-6
0.005888436553555889	1.3082689883405335e-6
0.005902010801718443	1.3083420950785237e-6
0.005915616341754739	1.3084155373600502e-6
0.005929253245799998	1.308489316727935e-6
0.005942921586155726	1.308563434732165e-6
0.005956621435290105	1.3086378929299266e-6
0.005970352865838369	1.3087126928856396e-6
0.005984115950603198	1.3087878361709918e-6
0.005997910762555094	1.3088633243649742e-6
0.006011737374832781	1.308939159053916e-6
0.006025595860743578	1.3090153418315182e-6
0.006039486293763798	1.309091874298893e-6
0.006053408747539135	1.3091687580645944e-6
0.006067363295885054	1.3092459947446574e-6
0.006081350012787179	1.3093235859626322e-6
0.006095368972401692	1.3094015333496212e-6
0.0061094202490557204	1.3094798385443142e-6
0.006123503917247735	1.3095585031930274e-6
0.006137620051647942	1.3096375289497362e-6
0.006151768727098681	1.309716917476115e-6
0.006165950018614822	1.309796670441574e-6
0.0061801640013841586	1.3098767895232952e-6
0.006194410750767815	1.3099572764062696e-6
0.006208690342300636	1.3100381327833373e-6
0.006223002851691595	1.3101193603552228e-6
0.006237348354824193	1.3102009608305737e-6
0.006251726927756859	1.3102829359259993e-6
0.006266138646723354	1.31036528736611e-6
0.0062805835881331795	1.3104480168835527e-6
0.006295061828571975	1.3105311262190527e-6
0.006309573444801933	1.3106146171214522e-6
0.006324118513762195	1.3106984913477485e-6
0.00633869711256927	1.3107827506631337e-6
0.006353309318517437	1.3108673968410348e-6
0.006367955209079158	1.310952431663153e-6
0.006382634861905486	1.3110378569195052e-6
0.006397348354826481	1.3111236744084619e-6
0.006412095765851617	1.3112098859367899e-6
0.006426877173170197	1.3112964933196905e-6
0.006441692655151773	1.3113834983808437e-6
0.006456542290346555	1.3114709029524466e-6
0.006471426157485831	1.3115587088752557e-6
0.006486344335482384	1.3116469179986287e-6
0.006501296903430907	1.3117355321805656e-6
0.006516283940608427	1.3118245532877514e-6
0.0065313055264747235	1.3119139831955982e-6
0.006546361740672749	1.3120038237882862e-6
0.006561452663029054	1.3120940769588098e-6
0.006576578373554205	1.3121847446090159e-6
0.0065917389524432135	1.3122758286496513e-6
0.00660693448007596	1.3123673310004029e-6
0.00662216503701762	1.3124592535899437e-6
0.006637430704019088	1.3125515983559742e-6
0.006652731562017414	1.312644367245268e-6
0.006668067692136221	1.3127375622137168e-6
0.006683439175686146	1.3128311852263728e-6
0.006698846094165264	1.3129252382574949e-6
0.006714288529259524	1.3130197232905933e-6
0.006729766562843178	1.3131146423184742e-6
0.00674528027697922	1.313209997343287e-6
0.0067608297539198175	1.313305790376568e-6
0.006776415076106751	1.313402023439287e-6
0.006792036326171845	1.313498698561895e-6
0.0068076935869374145	1.3135958177843673e-6
0.006823386941416696	1.3136933831562545e-6
0.006839116472814293	1.3137913967367255e-6
0.006854882264526616	1.3138898605946172e-6
0.006870684400142322	1.313988776808481e-6
0.00688652296344276	1.3140881474666314e-6
0.00690239803840242	1.3141879746671922e-6
0.006918309709189365	1.3142882605181466e-6
0.0069342580601656914	1.3143890071373846e-6
0.006950243175887968	1.3144902166527528e-6
0.006966265141107687	1.314591891202101e-6
0.006982324040771714	1.314694032933335e-6
0.006998419960022735	1.3147966440044643e-6
0.0070145529841997125	1.3148997265836506e-6
0.007030723198838335	1.3150032828492604e-6
0.007046930689671469	1.315107314989914e-6
0.00706317554262962	1.3152118252045368e-6
0.0070794578438413795	1.3153168157024089e-6
0.007095777679633888	1.315422288703218e-6
0.007112135136533291	1.3155282464371098e-6
0.007128530301265196	1.3156346911447405e-6
0.007144963260755134	1.3157416250773283e-6
0.007161434102129021	1.315849050496705e-6
0.007177942912713618	1.3159569696753703e-6
0.007194489780036994	1.3160653848965441e-6
0.007211074791828996	1.3161742984542186e-6
0.007227698036021702	1.3162837126532134e-6
0.0072443596007499	1.316393629809228e-6
0.0072610595743515475	1.316504052248897e-6
0.00727779804536824	1.316614982309843e-6
0.007294575102545687	1.3167264223407331e-6
0.007311390834834174	1.3168383747013324e-6
0.007328245331389041	1.3169508417625595e-6
0.0073451386815711495	1.3170638259065434e-6
0.007362070974947362	1.317177329526678e-6
0.00737904230129101	1.3172913550276778e-6
0.0073960527505823786	1.3174059048256366e-6
0.007413102413009175	1.3175209813480821e-6
0.007430191378967014	1.3176365870340348e-6
0.0074473197390598905	1.317752724334064e-6
0.007464487584100665	1.3178693957103466e-6
0.007481695005111544	1.3179866036367247e-6
0.007498942093324559	1.318104350598764e-6
0.007516228940182055	1.3182226390938133e-6
0.007533555637337174	1.318341471631063e-6
0.00755092227665434	1.3184608507316036e-6
0.007568328950209744	1.318580778928487e-6
0.007585775750291838	1.3187012587667866e-6
0.007603262769401819	1.3188222928036561e-6
0.007620790100254121	1.3189438836083916e-6
0.007638357835776907	1.3190660337624928e-6
0.007655966069112563	1.3191887458597233e-6
0.0076736148936181895	1.3193120225061733e-6
0.007691304402866096	1.3194358663203223e-6
0.007709034690644301	1.3195602799330994e-6
0.007726805850957024	1.319685265987949e-6
0.007744617978025188	1.3198108271408917e-6
0.007762471166286917	1.3199369660605892e-6
0.007780365510398041	1.3200636854284074e-6
0.007798301105232587	1.320190987938481e-6
0.007816278045883297	1.3203188762977795e-6
0.007834296427662117	1.3204473532261686e-6
0.007852356346100719	1.3205764214564796e-6
0.007870457896950987	1.3207060837345733e-6
0.007888601176185544	1.3208363428194055e-6
0.007906786279998251	1.320967201483095e-6
0.007925013304804718	1.3210986625109895e-6
0.007943282347242816	1.3212307287017334e-6
0.007961593504173189	1.3213634028673348e-6
0.007979946872679767	1.3214966878332345e-6
0.007998342550070285	1.3216305864383736e-6
0.00801678063387679	1.3217651015352625e-6
0.008035261221856172	1.3219002359900505e-6
0.008053784411990667	1.3220359926825956e-6
0.008072350302488382	1.3221723745065329e-6
0.008090958991783824	1.3223093843693476e-6
0.008109610578538408	1.3224470251924438e-6
0.008128305161640993	1.3225852999112162e-6
0.008147042840208396	1.322724211475123e-6
0.008165823713585926	1.3228637628477556e-6
0.008184647881347899	1.3230039570069138e-6
0.008203515443298183	1.3231447969446763e-6
0.008222426499470711	1.3232862856674764e-6
0.008241381150130022	1.3234284261961723e-6
0.008260379495771786	1.3235712215661261e-6
0.008279421637123342	1.323714674827274e-6
0.008298507675144225	1.3238587890442042e-6
0.008317637711026709	1.3240035672962297e-6
0.008336811846196343	1.3241490126774689e-6
0.008356030182312481	1.3242951282969154e-6
0.008375292821268827	1.3244419172785215e-6
0.008394599865193975	1.3245893827612709e-6
0.008413951416451952	1.3247375278992577e-6
0.008433347577642754	1.324886355861766e-6
0.0084527884516029	1.3250358698333468e-6
0.008472274141405965	1.325186073013897e-6
0.008491804750363138	1.3253369686187416e-6
0.008511380382023764	1.3254885598787098e-6
0.008531001140175895	1.3256408500402193e-6
0.008550667128846832	1.3257938423653545e-6
0.008570378452303696	1.3259475401319497e-6
0.008590135215053958	1.3261019466336706e-6
0.008609937521846007	1.3262570651800963e-6
0.008629785477669703	1.3264128990968023e-6
0.008649679187756932	1.3265694517254458e-6
0.008669618757582166	1.3267267264238454e-6
0.008689604292863019	1.326884726566071e-6
0.008709635899560806	1.327043455542525e-6
0.008729713683881117	1.3272029167600274e-6
0.00874983775227436	1.327363113641905e-6
0.008770008211436349	1.3275240496280757e-6
0.008790225168308843	1.3276857281751346e-6
0.00881048873008014	1.3278481527564438e-6
0.008830799004185628	1.328011326862219e-6
0.008851156098308355	1.328175253999619e-6
0.00887156012037961	1.3283399376928327e-6
0.008892011178579485	1.3285053814831728e-6
0.008912509381337455	1.3286715889291608e-6
0.008933054837332952	1.3288385636066227e-6
0.008953647655495937	1.3290063091087764e-6
0.008974287945007485	1.3291748290463268e-6
0.008994975815300352	1.3293441270475548e-6
0.009015711376059568	1.3295142067584134e-6
0.009036494737223014	1.3296850718426194e-6
0.009057326008982	1.3298567259817478e-6
0.009078205301781857	1.3300291728753274e-6
0.009099132726322515	1.330202416240934e-6
0.009120108393559099	1.3303764598142886e-6
0.009141132414702503	1.3305513073493523e-6
0.009162204901219998	1.330726962618424e-6
0.00918332596483581	1.3309034294122375e-6
0.009204495717531713	1.3310807115400604e-6
0.009225714271547631	1.331258812829792e-6
0.009246981739382225	1.3314377371280628e-6
0.009268298233793493	1.3316174883003359e-6
0.009289663867799364	1.3317980702310057e-6
0.009311078754678305	1.3319794868235011e-6
0.00933254300796991	1.3321617420003857e-6
0.00935405674147552	1.3323448397034611e-6
0.009375620069258803	1.3325287838938701e-6
0.009397233105646378	1.3327135785522001e-6
0.009418895965228413	1.3328992276785884e-6
0.009440608762859234	1.3330857352928267e-6
0.00946237161365793	1.3332731054344656e-6
0.009484184633008971	1.333461342162924e-6
0.009506047936562815	1.3336504495575933e-6
0.009527961640236518	1.3338404317179473e-6
0.00954992586021436	1.3340312927636481e-6
0.009571940712948444	1.3342230368346578e-6
0.009594006315159331	1.3344156680913472e-6
0.009616122783836648	1.3346091907146053e-6
0.009638290236239706	1.3348036089059526e-6
0.009660508789898133	1.334998926887651e-6
0.009682778562612493	1.3351951489028174e-6
0.009705099672454897	1.335392279215536e-6
0.00972747223776965	1.3355903221109745e-6
0.00974989637717387	1.3357892818954957e-6
0.009772372209558107	1.3359891628967752e-6
0.00979489985408699	1.336189969463917e-6
0.009817479430199843	1.3363917059675707e-6
0.009840111057611338	1.336594376800048e-6
0.009862794856312106	1.3367979863754418e-6
0.009885530946569389	1.3370025391297465e-6
0.009908319448927677	1.337208039520976e-6
0.009931160484209339	1.3374144920292853e-6
0.00995405417351527	1.3376219011570918e-6
0.009977000638225533	1.3378302714291979e-6
0.01	1.3380396073929142e-6
0.010023052380778996	1.3382499136181816e-6
0.010046157902783952	1.3384611946976979e-6
0.010069316688518043	1.3386734552470424e-6
0.010092528860766845	1.3388866999048022e-6
0.010115794542598986	1.3391009333326992e-6
0.010139113857366794	1.339316160215717e-6
0.010162486928706957	1.3395323712719243e-6
0.01018591388054117	1.3397495992168105e-6
0.0102093948370768	1.3399678348125673e-6
0.010232929922807542	1.3401870828385262e-6
0.010256519262514077	1.3404073480979321e-6
0.010280162981264737	1.3406286354180782e-6
0.010303861204416162	1.3408509496504372e-6
0.010327614057613975	1.3410742956707986e-6
0.01035142166679344	1.3412986783794028e-6
0.010375284158180127	1.3415241027010777e-6
0.010399201658290592	1.3417505735853766e-6
0.010423174293933043	1.3419780960067144e-6
0.010447202192208002	1.3422066749645104e-6
0.010471285480508997	1.3424363154833242e-6
0.010495424286523225	1.342667022612999e-6
0.01051961873823223	1.342898801428804e-6
0.01054386896391259	1.3431316570315751e-6
0.010568175092136586	1.3433655945478597e-6
0.01059253725177289	1.3436006191300627e-6
0.010616955571987247	1.3438367359565896e-6
0.010641430182243162	1.3440739502319948e-6
0.01066596121230258	1.34431226718713e-6
0.01069054879222658	1.3445516920792896e-6
0.010715193052376067	1.3447922301923637e-6
0.010739894123412448	1.3450338868369869e-6
0.01076465213629835	1.3452766673506899e-6
0.010789467222298288	1.3455205770980526e-6
0.01081433951297938	1.3457656214708582e-6
0.010839269140212037	1.346011805888246e-6
0.010864256236170655	1.3462591357968687e-6
0.010889300933334336	1.3465076166710486e-6
0.010914403364487566	1.3467572540129356e-6
0.01093956366272094	1.3470080533526652e-6
0.01096478196143185	1.3472600202485195e-6
0.010990058394325212	1.3475131602870875e-6
0.011015393095414152	1.3477674790834272e-6
0.011040786199020734	1.3480229822812291e-6
0.011066237839776664	1.34827967555298e-6
0.011091748152624013	1.3485375646001298e-6
0.011117317272815916	1.3487966551532549e-6
0.011142945335917302	1.3490569529722291e-6
0.011168632477805612	1.3493184638463908e-6
0.011194378834671517	1.3495811935947129e-6
0.011220184543019637	1.3498451480659748e-6
0.011246049739669266	1.3501103331389334e-6
0.011271974561755105	1.350376754722498e-6
0.01129795914672798	1.350644418755903e-6
0.011324003632355572	1.3509133312088858e-6
0.011350108156723153	1.351183498081862e-6
0.01137627285823431	1.3514549254061057e-6
0.011402497875611688	1.3517276192439269e-6
0.011428783347897719	1.3520015856888532e-6
0.011455129414455359	1.3522768308658119e-6
0.01148153621496883	1.3525533609313131e-6
0.011508003889444361	1.3528311820736343e-6
0.011534532578210924	1.3531103005130052e-6
0.011561122421920988	1.3533907225017961e-6
0.01158777356155126	1.353672454324706e-6
0.011614486138403428	1.3539555022989512e-6
0.011641260294104913	1.354239872774458e-6
0.011668096170609625	1.3545255721340533e-6
0.011694993910198709	1.35481260679366e-6
0.011721953655481303	1.3551009832024904e-6
0.011748975549395295	1.355390707843243e-6
0.011776059735208073	1.3556817872323014e-6
0.011803206356517297	1.355974227919933e-6
0.011830415557251646	1.3562680364904883e-6
0.0118576874816716	1.3565632195626043e-6
0.011885022274370183	1.356859783789407e-6
0.011912420080273748	1.357157735858717e-6
0.011939881044642732	1.3574570824932555e-6
0.011967405313072435	1.3577578304508522e-6
0.01199499303149379	1.3580599865246533e-6
0.01202264434617413	1.3583635575433352e-6
0.012050359403717974	1.358668550371312e-6
0.012078138351067802	1.3589749719089548e-6
0.012105981335504824	1.3592828290928021e-6
0.012133888504649772	1.3595921288957794e-6
0.01216186000646368	1.359902878327416e-6
0.012189895989248665	1.3602150844340673e-6
0.012217996601648719	1.3605287542991327e-6
0.012246161992650488	1.3608438950432809e-6
0.012274392311584073	1.3611605138246749e-6
0.012302687708123816	1.3614786178391969e-6
0.01233104833228909	1.3617982143206777e-6
0.012359474334445106	1.3621193105411234e-6
0.01238796586530369	1.3624419138109512e-6
0.012416523075924111	1.362766031479218e-6
0.01244514611771385	1.3630916709338566e-6
0.01247383514242943	1.3634188396019126e-6
0.0125025903021772	1.3637475449497817e-6
0.01253141174941416	1.3640777944834493e-6
0.01256029963694875	1.3644095957487324e-6
0.012589254117941673	1.3647429563315223e-6
0.012618275345906708	1.3650778838580295e-6
0.012647363474711513	1.365414385995032e-6
0.012676518658578457	1.365752470450121e-6
0.012705741052085415	1.3660921449719544e-6
0.012735030810166617	1.3664334173505079e-6
0.012764388088113438	1.3667762954173275e-6
0.012793813041575248	1.367120787045788e-6
0.012823305826560214	1.367466900151349e-6
0.012852866599436156	1.3678146426918157e-6
0.012882495516931339	1.3681640226676005e-6
0.012912192736135343	1.3685150481219861e-6
0.012941958414499861	1.368867727141391e-6
0.012971792709839558	1.3692220678556384e-6
0.013001695780332903	1.3695780784382232e-6
0.013031667784522994	1.3699357671065866e-6
0.013061708881318416	1.3702951421223871e-6
0.01309181922999407	1.3706562117917775e-6
0.013121998990192034	1.371018984465682e-6
0.013152248321922383	1.371383468540076e-6
0.013182567385564071	1.3717496724562682e-6
0.01321295634186575	1.3721176047011841e-6
0.013243415351946647	1.3724872738076521e-6
0.013273944577297395	1.3728586883546932e-6
0.013304544179780912	1.3732318569678086e-6
0.01333521432163324	1.3736067883192744e-6
0.013365955165464422	1.3739834911284356e-6
0.01339676687425935	1.3743619741620042e-6
0.01342764961137864	1.3747422462343559e-6
0.013458603540559484	1.3751243162078347e-6
0.013489628825916537	1.375508192993055e-6
0.013520725631942773	1.3758938855492075e-6
0.013551894123510362	1.3762814028843692e-6
0.013583134465871541	1.376670754055812e-6
0.013614446824659503	1.3770619481703182e-6
0.013645831365889247	1.3774549943844945e-6
0.013677288255958493	1.3778499019050903e-6
0.013708817661648538	1.378246679989319e-6
0.013740419750125153	1.3786453379451796e-6
0.013772094688939467	1.3790458851317828e-6
0.01380384264602885	1.379448330959679e-6
0.01383566378971781	1.379852684891188e-6
0.013867558288718884	1.3802589564407321e-6
0.013899526312133535	1.3806671551751736e-6
0.013931568029453032	1.3810772907141491e-6
0.013963683610559378	1.3814893727304139e-6
0.013995873225726183	1.3819034109501824e-6
0.014028137045619582	1.3823194151534772e-6
0.01406047524129914	1.3827373951744745e-6
0.014092887984218747	1.3831573609018593e-6
0.014125375446227545	1.3835793222791758e-6
0.014157937799570816	1.3840032893051866e-6
0.014190575216890922	1.3844292720342325e-6
0.0142232878712282	1.3848572805765939e-6
0.014256075936021885	1.385287325098857e-6
0.01428893958511103	1.3857194158242816e-6
0.014321878992735435	1.386153563033174e-6
0.014354894333536561	1.3865897770632575e-6
0.014387985782558455	1.3870280683100536e-6
0.01442115351524869	1.3874684472272586e-6
0.014454397707459278	1.3879109243271297e-6
0.014487718535447617	1.3883555101808677e-6
0.014521116175877424	1.388802215419009e-6
0.014554590805819662	1.3892510507318164e-6
0.014588142602753484	1.3897020268696751e-6
0.014621771744567184	1.3901551546434897e-6
0.014655478409559117	1.390610444925088e-6
0.01468926277643867	1.3910679086476248e-6
0.014723125024327191	1.3915275568059895e-6
0.014757065332758945	1.3919894004572183e-6
0.014791083881682078	1.3924534507209084e-6
0.014825180851459539	1.3929197187796362e-6
0.014859356422870071	1.3933882158793784e-6
0.014893610777109155	1.3938589533299375e-6
0.014927944095789965	1.394331942505369e-6
0.014962356560944336	1.3948071948444133e-6
0.014996848355023738	1.3952847218509305e-6
0.015031419660900226	1.395764535094341e-6
0.015066070661867421	1.3962466462100645e-6
0.015100801541641486	1.396731066899968e-6
0.015135612484362083	1.3972178089328147e-6
0.015170503674593369	1.3977068841447172e-6
0.01520547529732496	1.3981983044395938e-6
0.015240527537972915	1.3986920817896283e-6
0.01527566058238073	1.3991882282357366e-6
0.015310874616820304	1.3996867558880326e-6
0.015346169827992945	1.4001876769263005e-6
0.01538154640303035	1.4006910036004708e-6
0.015417004529495593	1.4011967482311012e-6
0.015452544395384139	1.4017049232098567e-6
0.01548816618912481	1.4022155410000009e-6
0.01552387009958082	1.4027286141368858e-6
0.015559656316050744	1.403244155228448e-6
0.015595525028269537	1.4037621769557075e-6
0.015631476426409538	1.4042826920732738e-6
0.01566751070108149	1.4048057134098512e-6
0.015703628043335523	1.4053312538687535e-6
0.015739828644662193	1.4058593264284187e-6
0.015776112696993486	1.4063899441429312e-6
0.01581248039270383	1.4069231201425468e-6
0.015848931924611134	1.4074588676342223e-6
0.015885467485977786	1.4079971999021488e-6
0.0159220872705117	1.4085381303082905e-6
0.015958791472367326	1.4090816722929292e-6
0.01599558028614669	1.4096278393752099e-6
0.016032453906900414	1.4101766451536943e-6
0.016069412530128772	1.410728103306917e-6
0.016106456351782702	1.4112822275939473e-6
0.016143585568264864	1.4118390318549559e-6
0.016180800376430656	1.4123985300117854e-6
0.0162181009735893	1.4129607360685264e-6
0.01625548755750484	1.4135256641120985e-6
0.016292960326397224	1.414093328312836e-6
0.01633051947894334	1.414663742925079e-6
0.016368165214278085	1.4152369222877683e-6
0.016405897731995394	1.4158128808250471e-6
0.016443717232149317	1.4163916330468667e-6
0.01648162391525508	1.4169731935495978e-6
0.01651961798229015	1.4175575770166463e-6
0.01655769963469528	1.418144798219076e-6
0.016595869074375606	1.4187348720162365e-6
0.016634126503701694	1.4193278133563915e-6
0.016672472125510627	1.4199236372773618e-6
0.016710906143107076	1.4205223589071666e-6
0.016749428760264373	1.4211239934646706e-6
0.016788040181225605	1.4217285562602425e-6
0.016826740610704674	1.4223360626964117e-6
0.01686553025388741	1.422946528268536e-6
0.016904409316432643	1.4235599685654744e-6
0.016943378004473285	1.424176399270261e-6
0.016982436524617443	1.4247958361607931e-6
0.017021585083949506	1.4254182951105182e-6
0.017060823890031235	1.4260437920891295e-6
0.017100153150902877	1.4266723431632673e-6
0.017139573075084253	1.4273039644972298e-6
0.017179083871575882	1.4279386723536818e-6
0.01721868574986007	1.4285764830943795e-6
0.017258378919902034	1.4292174131808957e-6
0.017298163592151014	1.4298614791753515e-6
0.017338039977541377	1.4305086977411572e-6
0.017378008287493755	1.4311590856437587e-6
0.01741806873391614	1.431812659751389e-6
0.017458221529205037	1.432469437035827e-6
0.01749846688624657	1.433129434573165e-6
0.017538805018417612	1.4337926695445818e-6
0.017579236139586927	1.43445915923712e-6
0.017619760464116292	1.4351289210444748e-6
0.017660378206861643	1.4358019724677882e-6
0.017701089583174213	1.4364783311164475e-6
0.01774189480890166	1.4371580147088943e-6
0.01778279410038923	1.4378410410734417e-6
0.017823787674480895	1.4385274281490925e-6
0.01786487574852051	1.4392171939863738e-6
0.017906058540352942	1.4399103567481718e-6
0.017947336268325266	1.4406069347105763e-6
0.01798870915128788	1.4413069462637356e-6
0.01803017740859569	1.4420104099127145e-6
0.01807174126010927	1.4427173442783642e-6
0.018113400926196024	1.4434277680981967e-6
0.018155156627731355	1.4441417002272705e-6
0.018197008586099836	1.4448591596390801e-6
0.01823895702319638	1.4455801654264586e-6
0.018281002161427428	1.4463047368024848e-6
0.018323144223712114	1.4470328931014005e-6
0.018365383433483467	1.4477646537795343e-6
0.018407720014689558	1.4485000384162357e-6
0.01845015419179474	1.4492390667148177e-6
0.018492686189780783	1.4499817585035081e-6
0.018535316234148114	1.450728133736406e-6
0.018578044550916988	1.4514782124944527e-6
0.018620871366628676	1.4522320149864088e-6
0.0186637969083467	1.4529895615498396e-6
0.018706821403658005	1.4537508726521112e-6
0.01874994508067419	1.4545159688913943e-6
0.018793168168032684	1.455284870997679e-6
0.018836490894898007	1.4560575998337982e-6
0.018879913490962935	1.456834176396459e-6
0.018923436186449757	1.457614621817288e-6
0.018967059212111465	1.4583989573638811e-6
0.019010782799233003	1.4591872044408664e-6
0.019054607179632477	1.4599793845909776e-6
0.01909853258566238	1.4607755194961338e-6
0.01914255925021086	1.461575630978534e-6
0.019186687406702898	1.462379741001758e-6
0.019230917289101587	1.4631878716718805e-6
0.019275249131909363	1.4640000452385934e-6
0.019319683170169244	1.464816284096342e-6
0.019364219639466076	1.4656365900871605e-6
0.019408858775927785	1.4664610272728787e-6
0.01945360081622663	1.467289597812888e-6
0.019498445997580455	1.4681223246921996e-6
0.01954339455775395	1.4689592310464096e-6
0.0195884467350599	1.4698003401629002e-6
0.019633602768360472	1.4706456754820519e-6
0.019678862897068453	1.471495260598466e-6
0.01972422736114854	1.4723491192622006e-6
0.01976969640111861	1.4732072753800168e-6
0.019815270258050986	1.4740697530166381e-6
0.019860949173573717	1.4749365763960207e-6
0.01990673338987187	1.4758077699026373e-6
0.0199526231496888	1.4766833580827724e-6
0.019998618696327446	1.477563365645831e-6
0.020044720273651617	1.4784478174656583e-6
0.020090928126087284	1.4793367385818744e-6
0.020137242498623885	1.4802301542012207e-6
0.020183663636815615	1.481128089698918e-6
0.02023019178678272	1.482030570620042e-6
0.020276827195212826	1.4829376226809075e-6
0.02032357010936222	1.4838492717704684e-6
0.020370420777057186	1.484765543951732e-6
0.020417379446695298	1.4856864654631864e-6
0.020464446367246744	1.4866120627202402e-6
0.02051162178825566	1.4875423623166797e-6
0.020558905959841417	1.4884773910261384e-6
0.020606299132700002	1.4894171758035808e-6
0.020653801558105294	1.4903617437868006e-6
0.020701413487910422	1.4913111222979368e-6
0.0207491351745491	1.492265338845e-6
0.020796966871036954	1.4932244211234177e-6
0.020844908830972887	1.4941883970175922e-6
0.020892961308540393	1.4951572946024778e-6
0.020941124558508925	1.496131142145168e-6
0.02098939883623524	1.4971099681065042e-6
0.021037784397664752	1.4980938011426968e-6
0.021086281499332893	1.4990826701069648e-6
0.021134890398366468	1.5000766040511886e-6
0.02118361135248502	1.5010756322275844e-6
0.02123244462000219	1.502079784090391e-6
0.021281390459827118	1.5030890892975739e-6
0.021330449131465763	1.5041035777125515e-6
0.021379620895022322	1.505123279405931e-6
0.021428906011200587	1.5061482246572686e-6
0.02147830474130534	1.5071784439568444e-6
0.021527817347243728	1.5082139680074546e-6
0.021577444091526662	1.5092548277262236e-6
0.021627185237270204	1.5103010542464357e-6
0.021677041048196947	1.5113526789193805e-6
0.021727011788637444	1.512409733316223e-6
0.021777097723531588	1.5134722492298905e-6
0.021827299118430014	1.5145402586769752e-6
0.021877616239495523	1.515613793899664e-6
0.021928049353504488	1.5166928873676809e-6
0.02197859872784825	1.5177775717802532e-6
0.022029264630534562	1.518867880068096e-6
0.022080047330189	1.5199638453954198e-6
0.022130947096056376	1.5210655011619578e-6
0.02218196419800219	1.52217288100501e-6
0.02223309890651403	1.5232860188015153e-6
0.02228435149270304	1.524404948670141e-6
0.022335722228305318	1.525529704973396e-6
0.022387211385683396	1.5266603223197628e-6
0.022438819237827663	1.5277968355658551e-6
0.022490546058357812	1.528939279818598e-6
0.022542392121524295	1.5300876904374269e-6
0.022594357702209775	1.5312421030365147e-6
0.022646443075930597	1.53240255348702e-6
0.02269864851883822	1.5335690779193568e-6
0.022750974307720707	1.5347417127254928e-6
0.022803420720004183	1.5359204945612675e-6
0.0228559880337543	1.537105460348739e-6
0.02290867652767773	1.538296647278549e-6
0.02296148648112362	1.5394940928123234e-6
0.023014418174085085	1.5406978346850854e-6
0.023067471887200694	1.5419079109077065e-6
0.02312064790175595	1.5431243597693764e-6
0.023173946499684787	1.5443472198400992e-6
0.02322736796357107	1.5455765299732205e-6
0.02328091257665008	1.5468123293079773e-6
0.02333458062281003	1.5480546572720786e-6
0.02338837238659355	1.549303553584311e-6
0.023442288153199223	1.5505590582571748e-6
0.023496328208483075	1.5518212115995442e-6
0.0235504928389601	1.5530900542193639e-6
0.02360478233180577	1.5543656270263648e-6
0.023659196974857584	1.5556479712348185e-6
0.023713737056616554	1.556937128366316e-6
0.023768402866248768	1.5582331402525773e-6
0.023823194693586902	1.559536049038294e-6
0.023878112829131777	1.5608458971840004e-6
0.023933157564053877	1.562162727468977e-6
0.023988329190194904	1.5634865829941846e-6
0.024043628000069334	1.5648175071852329e-6
0.02409905428686595	1.5661555437953793e-6
0.024154608344449408	1.5675007369085622e-6
0.024210290467361784	1.568853130942466e-6
0.024266100950824154	1.5702127706516214e-6
0.024322040090738156	1.5715797011305395e-6
0.024378108183687526	1.572953967816881e-6
0.02443430552693972	1.574335616494658e-6
0.024490632418447456	1.5757246932974758e-6
0.024547089156850305	1.5771212447118061e-6
0.024603676041476275	1.5785253175802994e-6
0.024660393372343395	1.5799369591051352e-6
0.024717241450161305	1.581356216851405e-6
0.024774220576332856	1.5827831387505385e-6
0.024831331052955707	1.584217773103765e-6
0.02488857318282391	1.5856601685856147e-6
0.024945947269429548	1.5871103742474598e-6
0.02500345361696432	1.5885684395210929e-6
0.02506109253032114	1.5900344142223499e-6
0.0251188643150958	1.591508348554771e-6
0.025176769277588558	1.592990293113303e-6
0.025234807724805748	1.594480298888045e-6
0.02529297996446145	1.5959784172680362e-6
0.025351286304979077	1.5974847000450858e-6
0.025409727055493055	1.598999199417648e-6
0.025468302525850414	1.6005219679947406e-6
0.025527013026612474	1.6020530587999073e-6
0.02558585886905646	1.6035925252752276e-6
0.025644840365177175	1.6051404212853708e-6
0.02570395782768864	1.606696801121698e-6
0.025763211570025757	1.6082617195064093e-6
0.025822601906345968	1.6098352315967417e-6
0.02588212915153092	1.6114173929892129e-6
0.025941793621188144	1.6130082597239153e-6
0.02600159563165272	1.6146078882888602e-6
0.02606153549998896	1.6162163356243714e-6
0.02612161354399207	1.6178336591275306e-6
0.026181830082189855	1.6194599166566746e-6
0.02624218543384442	1.621095166535944e-6
0.02630267991895382	1.6227394675598878e-6
0.0263633138582538	1.6243928789981166e-6
0.02642408757321947	1.6260554606000182e-6
0.02648500138606701	1.6277272725995195e-6
0.0265460556197554	1.6294083757199139e-6
0.0266072505979881	1.6310988311787356e-6
0.0266685866452148	1.632798700692703e-6
0.026730064086633115	1.6345080464827077e-6
0.026791683248190326	1.6362269312788747e-6
0.026853444456585076	1.6379554183256739e-6
0.026915348039269163	1.6396935713870983e-6
0.026977394324449205	1.6414414547518988e-6
0.027039583641088438	1.6431991332388865e-6
0.02710191631890843	1.644966672202295e-6
0.027164392688390833	1.646744137537206e-6
0.027227013080779128	1.6485315956850463e-6
0.027289777828080414	1.6503291136391445e-6
0.027352687263067128	1.652136758950353e-6
0.027415741719278824	1.6539545997327484e-6
0.027478941531023968	1.6557827046693886e-6
0.027542287033381664	1.6576211430181474e-6
0.027605778562203455	1.659469984617617e-6
0.027669416454115116	1.6613292998930816e-6
0.027733201046518403	1.6631991598625663e-6
0.027797132677592887	1.6650796361429578e-6
0.0278612116862977	1.6669708009561999e-6
0.02792543841237338	1.6688727271355654e-6
0.027989813196343624	1.6707854881320053e-6
0.028054336379517132	1.6727091580205739e-6
0.028119008303989404	1.6746438115069378e-6
0.02818382931264454	1.6765895239339582e-6
0.028248799749157068	1.6785463712883608e-6
0.02831391995799379	1.6805144302074846e-6
0.02837919028441556	1.6824937779861149e-6
0.028444611074479154	1.684484492583404e-6
0.028510182675039093	1.6864866526298718e-6
0.028575905433749466	1.6885003374345023e-6
0.028641779699065808	1.6905256269919194e-6
0.028707805820246908	1.6925626019896607e-6
0.028773984147356692	1.6946113438155358e-6
0.028840315031266057	1.696671934565083e-6
0.028906798823654756	1.6987444570491147e-6
0.028973435877013228	1.7008289948013616e-6
0.029040226544644505	1.7029256320862094e-6
0.029107171180666053	1.7050344539065388e-6
0.029174270140011668	1.7071555460116603e-6
0.029241523778433354	1.7092889949053511e-6
0.029308932452503208	1.711434887853997e-6
0.02937649651961531	1.7135933128948317e-6
0.029444216337987612	1.7157643588442882e-6
0.029512092266663854	1.7179481153064534e-6
0.029580124665515458	1.7201446726816306e-6
0.029648313895243424	1.7223541221750148e-6
0.029716660317380263	1.7245765558054779e-6
0.029785164294291896	1.7268120664144643e-6
0.029853826189179596	1.7290607476750085e-6
0.02992264636608189	1.7313226941008615e-6
0.02999162518987651	1.7335980010557427e-6
0.030060763026282307	1.7358867647627039e-6
0.030130060241861212	1.7381890823136243e-6
0.03019951720402016	1.740505051678822e-6
0.030269134281013056	1.7428347717167947e-6
0.030338911841942706	1.7451783421840872e-6
0.030408850256762793	1.7475358637452867e-6
0.03047894989627983	1.7499074379831526e-6
0.03054921113215513	1.7522931674088768e-6
0.030619634336906773	1.7546931554724815e-6
0.030690219883911574	1.7571075065733515e-6
0.030760968147407083	1.7595363260709101e-6
0.030831879502493543	1.7619797202954321e-6
0.030902954325135908	1.7644377965590048e-6
0.030974192992165802	1.766910663166631e-6
0.031045595881283555	1.769398429427485e-6
0.031117163371060175	1.7719012056663125e-6
0.031188895840939368	1.7744191032349905e-6
0.03126079367123955	1.776952234524237e-6
0.031332857243155855	1.779500712975481e-6
0.03140508693876217	1.7820646530928903e-6
0.03147748314101316	1.7846441704555648e-6
0.031550046233746264	1.787239381729891e-6
0.0316227766016838	1.789850404682069e-6
0.03169567463043491	1.7924773581908018e-6
0.031768740706497704	1.7951203622601684e-6
0.03184197521726125	1.7977795380326602e-6
0.031915378551007616	1.8004550078024065e-6
0.031988951096913985	1.803146895028573e-6
0.03206269324505466	1.8058553243489486e-6
0.03213660538640317	1.808580421593718e-6
0.032210687912834345	1.8113223137994243e-6
0.032284941217126356	1.8140811292231212e-6
0.03235936569296283	1.8168569973567276e-6
0.03243396173493492	1.819650048941573e-6
0.03250872973854344	1.8224604159831535e-6
0.03258367010020088	1.8252882317660849e-6
0.03265878321723358	1.82813363086927e-6
0.03273406948788382	1.8309967491812764e-6
0.032809529311311904	1.8338777239159278e-6
0.032885163087598306	1.8367766936281166e-6
0.03296097121774578	1.8396937982298378e-6
0.03303695410368148	1.8426291109550467e-6
0.03311311214825911	1.845582910359914e-6
0.03318944575526104	1.848555272695204e-6
0.03326595532940046	1.8515463434662188e-6
0.0333426412763235	1.854556269618994e-6
0.03341950400261143	1.8575851995577437e-6
0.033496543915782766	1.8606332831625568e-6
0.03357376142429547	1.8637006718073419e-6
0.033651156937549075	1.8667875183780337e-6
0.033728730865886895	1.8698939772910568e-6
0.03380648362059816	1.873020204512058e-6
0.033884415613920256	1.8761663575749075e-6
0.033962527259040844	1.8793325956009745e-6
0.034040818970100084	1.8825190793186816e-6
0.03411929116219285	1.8857259710833456e-6
0.03419794425137088	1.8889534348972998e-6
0.03427677865464503	1.8922016364303186e-6
0.03435579478998746	1.8954707430403346e-6
0.034434993076333846	1.8987609237944574e-6
0.034514373933585626	1.9020723494903069e-6
0.034593937782612195	1.9054051926776537e-6
0.034673685045253165	1.9087596276803826e-6
0.034753616144320584	1.9121358306187775e-6
0.03483373150360118	1.9155339794321366e-6
0.03491403154785861	1.918954253901723e-6
0.03499451670283573	1.922396835674056e-6
0.0350751873952568	1.9258619082845513e-6
0.035156044052829814	1.929349657181509e-6
0.035237087104248714	1.932860269750464e-6
0.0353183169791957	1.9363939353389e-6
0.03539973410834347	1.9399508452813364e-6
0.03548133892335755	1.9435311929247895e-6
0.035563131856898536	1.9471351736546192e-6
0.03564511334262443	1.950762984920768e-6
0.03572728381519289	1.9544148262643946e-6
0.0358096437102636	1.958090899344915e-6
0.035892193464500524	1.9617914079674487e-6
0.03597493351557423	1.9655165581106956e-6
0.03605786430216424	1.9692665579552245e-6
0.03614098626396133	1.973041617912204e-6
0.03622429984166986	1.9768419506525747e-6
0.03630780547701014	1.9806677711366624e-6
0.03639150361272071	1.9845192966442595e-6
0.03647539469256078	1.9883967468051596e-6
0.03655947916131249	1.9923003436301743e-6
0.03664375746478333	1.996230311542625e-6
0.03672823004980847	2.00018687741033e-6
0.036812897364253146	2.0041702705780866e-6
0.03689775985701504	2.0081807229006614e-6
0.036982817978026626	2.012218468776301e-6
0.037068072178257604	2.016283745180762e-6
0.03715352290971726	2.020376791701886e-6
0.037239170625456855	2.0244978505747105e-6
0.037325015779572056	2.0286471667171406e-6
0.037411058827205336	2.0328249877661844e-6
0.037497300224548356	2.0370315641147644e-6
0.03758374042884442	2.041267148949114e-6
0.03767037989839089	2.0455319982867723e-6
0.03775721909254161	2.0498263710151863e-6
0.03784425847170933	2.0541505289309276e-6
0.037931498497368196	2.0585047367795465e-6
0.038018939632056124	2.0628892622960647e-6
0.038106582339377304	2.0673043762461193e-6
0.03819442708400466	2.071750352467775e-6
0.038282474331682276	2.076227467914017e-6
0.03837072454922788	2.080736002695929e-6
0.038459178204535364	2.0852762401265793e-6
0.038547835766577186	2.089848466765623e-6
0.038636697705406925	2.0944529724646337e-6
0.038725764492161724	2.0990900504131776e-6
0.03881503659906483	2.1037599971856515e-6
0.03890451449942806	2.108463112788887e-6
0.03899419866765435	2.1131997007105426e-6
0.03908408957924021	2.1179700679683033e-6
0.03917418771077832	2.1227745251598894e-6
0.039264493539959984	2.127613386513905e-6
0.03935500754557775	2.132486969941529e-6
0.03944573020752784	2.13739559708908e-6
0.039536662006812794	2.1423395933914492e-6
0.03962780342554395	2.1473192881264466e-6
0.03971915494694403	2.1523350144700523e-6
0.03981071705534972	2.1573871095526077e-6
0.03990249023621421	2.1624759145159546e-6
0.03999447497610975	2.1676017745715453e-6
0.040086671762730286	2.1727650390595452e-6
0.04017908108489399	2.1779660615089395e-6
0.04027170343254591	2.183205199698668e-6
0.040364539296760496	2.1884828157198136e-6
0.04045758916974427	2.1937992760388542e-6
0.04055085354483839	2.1991549515620066e-6
0.04064433291652128	2.204550217700683e-6
0.04073802778041127	2.2099854544380803e-6
0.04083193863326921	2.215461046396924e-6
0.04092606597300109	2.220977382908398e-6
0.04102041029866069	2.2265348580822658e-6
0.04111497211045223	2.2321338708782313e-6
0.04120975190973303	2.2377748251785398e-6
0.04130475019901614	2.243458129861865e-6
0.04139996748197305	2.2491841988784948e-6
0.04149540426343629	2.2549534513268406e-6
0.04159106104940221	2.2607663115313157e-6
0.04168693834703355	2.2666232091215804e-6
0.04178303666466218	2.2725245791132133e-6
0.04187935651179184	2.278470861989816e-6
0.04197589839910076	2.2844625037865865e-6
0.04207266283844441	2.290499956175397e-6
0.042169650342858224	2.296583676551401e-6
0.042266861426560304	2.3027141281212007e-6
0.04236429660495411	2.308891779992616e-6
0.042461956394631295	2.315117107266072e-6
0.042559841313374314	2.3213905911276582e-6
0.04265795188015927	2.3277127189438784e-6
0.04275628861515862	2.3340839843581333e-6
0.04285485203974396	2.3405048873889735e-6
0.04295364267648873	2.346975934530162e-6
0.04305266104917107	2.3534976388525667e-6
0.043151907682776526	2.3600705201079546e-6
0.04325138310350088	2.366695104834694e-6
0.04335108783875289	2.3733719264654256e-6
0.043451022417157155	2.380101525436741e-6
0.043551187368556864	2.3868844493009074e-6
0.043651583224016605	2.393721252839682e-6
0.04375221051582521	2.4006124981802687e-6
0.043853069777498574	2.407558754913454e-6
0.043954161543782455	2.4145606002139753e-6
0.044055486350655336	2.421618618963165e-6
0.044157044735331254	2.4287334038739303e-6
0.04425883723626266	2.435905555618097e-6
0.04436086439314326	2.443135682956205e-6
0.04446312674691087	2.4504244028697657e-6
0.04456562483975033	2.457772340696075e-6
0.04466835921509632	2.4651801302656133e-6
0.04477133041763626	2.472648414042095e-6
0.04487453899331322	2.480177843265234e-6
0.0449779854893288	2.4877690780962793e-6
0.04508167045414602	2.495422787766375e-6
0.04518559443749224	2.5031396507278294e-6
0.045289757990362084	2.51092035480833e-6
0.04539416166502032	2.5187655973681946e-6
0.04549880601500486	2.526676085460718e-6
0.045603691595129614	2.5346525359956766e-6
0.045708818961487506	2.5426956759060715e-6
0.04581418867145334	2.550806242318188e-6
0.04591980128368686	2.5589849827250347e-6
0.0460256573581356	2.5672326551632416e-6
0.04613175745603794	2.575550028393512e-6
0.04623810213992603	2.5839378820846837e-6
0.0463446919736288	2.592397007001508e-6
0.04645152752227494	2.6009282051962144e-6
0.046558609352295895	2.609532290203958e-6
0.046665938031428864	2.6182100872422396e-6
0.04677351412871982	2.6269624334143804e-6
0.04688133821452652	2.6357901779171644e-6
0.046989410860521545	2.6446941822527323e-6
0.04709773263969529	2.6536753204448256e-6
0.04720630412635905	2.662734479259497e-6
0.04731512589614805	2.6718725584303783e-6
0.04742419852602447	2.6810904708886223e-6
0.047533522594280536	2.690389142997623e-6
0.04764309868054157	2.6997695147926447e-6
0.04775292736576909	2.7092325402254456e-6
0.04786300923226383	2.7187791874140544e-6
0.047973344863668915	2.728410438897792e-6
0.04808393484497286	2.7381272918976865e-6
0.04819477976251274	2.7479307585823927e-6
0.04830588020397727	2.7578218663397754e-6
0.048417236758409934	2.767801658054265e-6
0.048528850016212106	2.777871192390148e-6
0.04864072056914616	2.7880315440809318e-6
0.048752849010338634	2.7982838042249314e-6
0.04886523593428336	2.808629080587226e-6
0.048977881936844624	2.8190684979081597e-6
0.04909078761526031	2.829603198218532e-6
0.049203953568145095	2.840234341161649e-6
0.04931738039549359	2.8509631043224158e-6
0.04943106869868355	2.8617906835636297e-6
0.04954501908047903	2.872718293369676e-6
0.049659232145033615	2.8837471671977866e-6
0.0497737084978936	2.894878557837086e-6
0.04988844874600123	2.9061137377755846e-6
0.05000345349769785	2.917453999575355e-6
0.05011872336272723	2.928900656256077e-6
0.05023425895223871	2.940455041687182e-6
0.05035006087879049	2.952118510988801e-6
0.05046612975635284	2.963892440941759e-6
0.050582466200311406	2.9757782304068388e-6
0.05069907082747044	2.9877773007535623e-6
0.05081594425605606	2.999891096298728e-6
0.050933087105719546	3.01212108475497e-6
0.05105049999754063	3.0244687576895882e-6
0.05116818355403078	3.036935630993936e-6
0.05128613839913648	3.0495234160077106e-6
0.05140436515824262	3.0622333386627657e-6
0.05152286445817566	3.075066604947745e-6
0.05164163692720711	3.088025938978438e-6
0.05176068319505677	3.101112434858206e-6
0.05188000389289611	3.114327764905867e-6
0.0519995996533516	3.127673629369743e-6
0.05211947111050805	3.1411517569921623e-6
0.05223961889991198	3.1547639055873433e-6
0.05236004365857502	3.1685118626330054e-6
0.05248074602497726	3.1823974458761063e-6
0.05260172663907062	3.1964225039530523e-6
0.05272298614228227	3.210588917024818e-6
0.052844525177518045	3.2248985974273647e-6
0.05296634438916578	3.239353490337785e-6
0.05308844442309884	3.253955574456611e-6
0.05321082592667942	3.268706862706724e-6
0.053333489548762096	3.2836094029493594e-6
0.05345643593969717	3.2986652787176448e-6
0.05357966575133416	3.3138766099681963e-6
0.05370317963702527	3.3292455538512637e-6
0.05382697825162883	3.344774305499965e-6
0.05395106225151276	3.3604650988391315e-6
0.05407543229455808	3.376320207414346e-6
0.05420008904016238	3.392341945241735e-6
0.05432503314924332	3.4085326676791113e-6
0.05445026528424212	3.4248947723191e-6
0.05457578610912709	3.441430699904853e-6
0.054701596289397164	3.4581429352690363e-6
0.05482769649208538	3.47503400829675e-6
0.054954087385762455	3.49210649491309e-6
0.055080769640540345	3.5093630180960664e-6
0.05520774392807574	3.526806248915626e-6
0.05533501092157367	3.544438907599568e-6
0.055462571295791074	3.5622637646271085e-6
0.055590425727040364	3.5802836418509718e-6
0.055718574893192985	3.598501413648807e-6
0.055847019473683084	3.616920008104855e-6
0.055975760149511014	3.635542408222738e-6
0.05610479760324705	3.65437165317034e-6
0.05623413251903491	3.6734108395577342e-6
0.056363765582595454	3.6926631227491673e-6
0.05649369748123026	3.7121317182101528e-6
0.05662392890382533	3.7318199028907208e-6
0.056754460540854715	3.7517318205855825e-6
0.05688529308438415	3.771869275537542e-6
0.057016427228074755	3.7922365339841724e-6
0.05714786366718671	3.812837133411801e-6
0.057279603098582925	3.833674680290603e-6
0.05741164622073276	3.854752851699698e-6
0.057543993733715694	3.876075396997082e-6
0.057676646339225084	3.8976461395358054e-6
0.05780960474057181	3.919468978427886e-6
0.05794286964268811	3.941547890357436e-6
0.058076441752131204	3.9638869314446385e-6
0.058210321777087154	3.98649023916214e-6
0.05834451042737448	4.009362034305601e-6
0.05847900841444808	4.032506623020144e-6
0.05861381645140287	4.0559283988844865e-6
0.058748935252977676	4.07963184505469e-6
0.0588843655355589	4.103621536469438e-6
0.05902010801718443	4.127902142118897e-6
0.0591561634175474	4.152478427379238e-6
0.05929253245799998	4.177355256415007e-6
0.059429215861557264	4.202537594651604e-6
0.05956621435290105	4.228030511320214e-6
0.05970352865838369	4.253839182077625e-6
0.05984115950603197	4.279968891703457e-6
0.05997910762555095	4.3064250368774115e-6
0.06011737374832781	4.3332131290392845e-6
0.06025595860743578	4.360338797334557e-6
0.06039486293763799	4.3878077916484915e-6
0.06053408747539135	4.4156259857317884e-6
0.060673632958850546	4.443799380420976e-6
0.06081350012787179	4.472334106956807e-6
0.060953689724016914	4.501236430404096e-6
0.061094202490557206	4.530512753176536e-6
0.06123503917247735	4.560169618670205e-6
0.06137620051647942	4.5902137150095854e-6
0.06151768727098681	4.62065187891009e-6
0.06165950018614822	4.651491099661275e-6
0.061801640013841586	4.682738523235e-6
0.06194410750767815	4.714401456523113e-6
0.06208690342300636	4.746487371709243e-6
0.06223002851691595	4.779003910779649e-6
0.06237348354824193	4.8119588901781315e-6
0.0625172692775686	4.845360305610315e-6
0.06266138646723354	4.879216337002776e-6
0.0628058358813318	4.913535353622745e-6
0.06295061828571975	4.9483260655258835e-6
0.06309573444801933	4.98359694605036e-6
0.06324118513762195	5.019357109411105e-6
0.06338697112569269	5.055615736860888e-6
0.06353309318517437	5.092382227217674e-6
0.06367955209079158	5.129666203081983e-6
0.06382634861905487	5.167477517262182e-6
0.0639734835482648	5.205826259415676e-6
0.06412095765851616	5.244722762914328e-6
0.06426877173170197	5.284177611942743e-6
0.06441692655151773	5.324201648838513e-6
0.06456542290346555	5.364805981683826e-6
0.06471426157485831	5.4060019921583384e-6
0.06486344335482384	5.447801343663606e-6
0.06501296903430907	5.490215989729816e-6
0.06516283940608428	5.533258182716073e-6
0.06531305526474723	5.576940482815994e-6
0.0654636174067275	5.621275767380855e-6
0.06561452663029053	5.666277240573167e-6
0.06576578373554205	5.711958443364049e-6
0.06591738952443214	5.7583332638884635e-6
0.0660693448007596	5.805415948172998e-6
0.0662216503701762	5.853221111251484e-6
0.06637430704019089	5.901763748684629e-6
0.06652731562017414	5.951059248500365e-6
0.06668067692136222	6.0011234035726285e-6
0.06683439175686147	6.051972424456945e-6
0.06698846094165264	6.1036229527021545e-6
0.06714288529259524	6.1560920746585335e-6
0.06729766562843179	6.2093973358034925e-6
0.0674528027697922	6.263556755607115e-6
0.06760829753919817	6.31858884296081e-6
0.06776415076106751	6.374512612193539e-6
0.06792036326171845	6.431347599701275e-6
0.06807693586937415	6.489113881216544e-6
0.06823386941416697	6.547832089746351e-6
0.06839116472814293	6.6075234342080736e-6
0.06854882264526617	6.668209718794461e-6
0.06870684400142323	6.729913363100447e-6
0.06886522963442761	6.792657423046077e-6
0.0690239803840242	6.856465612631666e-6
0.06918309709189366	6.921362326563106e-6
0.06934258060165692	6.987372663787201e-6
0.06950243175887968	7.05452245197899e-6
0.06966265141107687	7.12283827302515e-6
0.06982324040771713	7.1923474895499534e-6
0.06998419960022735	7.263078272532608e-6
0.07014552984199712	7.335059630067497e-6
0.07030723198838335	7.408321437321423e-6
0.0704693068967147	7.482894467745063e-6
0.0706317554262962	7.558810425598734e-6
0.07079457843841379	7.636101979855878e-6
0.07095777679633888	7.714802799551223e-6
0.07112135136533292	7.794947590644073e-6
0.07128530301265196	7.876564237362767e-6
0.07144963260755134	7.95970527919413e-6
0.0716143410212902	8.044401020804288e-6
0.07177942912713618	8.130690717348851e-6
0.07194489780036994	8.21861487070178e-6
0.07211074791828996	8.308215277126228e-6
0.07227698036021703	8.399543946254835e-6
0.072443596007499	8.492627854062351e-6
0.07261059574351547	8.587521684294197e-6
0.0727779804536824	8.684272931970791e-6
0.07294575102545688	8.782930659131675e-6
0.07311390834834174	8.88354555707334e-6
0.07328245331389041	8.986170011478787e-6
0.07345138681571149	9.090858170592933e-6
0.07362070974947361	9.19766601660692e-6
0.0737904230129101	9.306651440424682e-6
0.07396052750582378	9.417874319995296e-6
0.07413102413009175	9.531396602406141e-6
0.07430191378967015	9.647282389943808e-6
0.0744731973905989	9.76559803034258e-6
0.07464487584100665	9.886412211454105e-6
0.07481695005111544	0.000010009796060586475
0.07498942093324559	0.00001013582324877686
0.07516228940182056	0.000010264570100278389
0.07533555637337175	0.000010396115707560458
0.0755092227665434	0.00001053054205214056
0.07568328950209745	0.000010667934131586726
0.07585775750291839	0.000010808380093051934
0.0760326276940182	0.000010951971373725572
0.07620790100254121	0.000011098802848612816
0.07638357835776907	0.000011248972986080306
0.07655966069112563	0.000011402584011636111
0.0767361489361819	0.000011559742080443761
0.07691304402866096	0.000011720557459104598
0.07709034690644301	0.000011885144717279187
0.07726805850957025	0.000012053622929758824
0.07744617978025188	0.000012226115889640345
0.07762471166286918	0.000012402752333304225
0.07780365510398041	0.00001258366617794525
0.07798301105232587	0.000012768996772459201
0.07816278045883296	0.000012958889162546685
0.07834296427662119	0.000013153494370958468
0.0785235634610072	0.000013352969693873974
0.07870457896950987	0.000013557479014478464
0.07888601176185545	0.000013767193134883761
0.07906786279998251	0.000013982290127623375
0.07925013304804718	0.00001420295570804634
0.07943282347242815	0.000014429383629035452
0.07961593504173188	0.000014661776099585028
0.07979946872679766	0.000014900344228893265
0.07998342550070285	0.000015145308497753447
0.08016780633876791	0.00001539689925916965
0.08035261221856173	0.000015655357786296096
0.08053784411990667	0.000015920934787773247
0.08072350302488382	0.000016193894063980547
0.08090958991783824	0.000016474511123820397
0.08109610578538408	0.00001676307436879673
0.08128305161640993	0.00001705988581904702
0.08147042840208396	0.00001736526188724458
0.08165823713585925	0.000017679534203993986
0.08184647881347899	0.000018003050498653013
0.08203515443298183	0.000018336175539854058
0.08222426499470711	0.00001867929214037044
0.08241381150130023	0.000019032802231382395
0.08260379495771787	0.000019397128011645782
0.08279421637123342	0.000019772713177561288
0.08298507675144225	0.000020160024240684343
0.0831763771102671	0.000020559551939814837
0.08336811846196344	0.0000209718127554645
0.08356030182312481	0.000021397350535228382
0.08375292821268826	0.000021836738239389425
0.08394599865193975	0.000022290579816973966
0.08413951416451952	0.000022759512223458737
0.08433347577642754	0.000023244207592418295
0.084527884516029	0.00002374537557460925
0.08472274141405965	0.00002426376585932685
0.0849180475036314	0.000024800170894358265
0.08511380382023764	0.000025355428822512334
0.08531001140175895	0.000025930426654549182
0.08550667128846834	0.000026526103700388134
0.08570378452303697	0.000027143455282766393
0.08590135215053957	0.00002778353676008325
0.08609937521846006	0.000028447467888032667
0.08629785477669703	0.00002913643755283805
0.08649679187756933	0.000029851708912505276
0.08669618757582166	0.00003059462498655498
0.08689604292863018	0.00003136661473924351
0.08709635899560808	0.0000321691997064024
0.08729713683881117	0.00003300400122180172
0.08749837752274361	0.00003387274830546105
0.08770008211436348	0.0000347772862837051
0.08790225168308843	0.00003571958621910842
0.0881048873008014	0.00003670175523794188
0.08830799004185629	0.00003772604785348913
0.08851156098308355	0.00003879487839583455
0.0887156012037961	0.00003991083467267017
0.08892011178579484	0.00004107669300158107
0.08912509381337456	0.000042295434772470387
0.08933054837332953	0.00004357026471962604
0.08953647655495939	0.00004490463110685349
0.08974287945007485	0.00004630224805659614
0.08994975815300353	0.00004776712028563829
0.0901571137605957	0.00004930357054654282
0.09036494737223015	0.00005091627011624548
0.09057326008982002	0.00005261027272221548
0.09078205301781858	0.000054391052353482235
0.09099132726322516	0.00005626454547003297
0.09120108393559098	0.00005823719820132181
0.09141132414702502	0.00006031601921493109
0.09162204901219999	0.00006250863904225433
0.09183325964835809	0.00006482337677242626
0.09204495717531713	0.00006726931517218578
0.09225714271547632	0.00006985638546235639
0.09246981739382226	0.0000725954631864904
0.09268298233793493	0.00007549847685052122
0.09289663867799364	0.0000785785313020587
0.09311078754678304	0.00008185004816415834
0.09332543007969911	0.00008532892605327456
0.0935405674147552	0.0000890327238099117
0.09375620069258803	0.00009298087057219179
0.0939723310564638	0.00009719490725092409
0.09418895965228413	0.00010169876484963586
0.09440608762859234	0.00010651908615207343
0.09462371613657931	0.00011168559862063642
0.09484184633008973	0.0001172315479728751
0.09506047936562816	0.00012319420390735297
0.0952796164023652	0.0001296154519349304
0.0954992586021436	0.00013654248836622628
0.09571940712948446	0.00014402863937891145
0.09594006315159331	0.00015213432995952723
0.09616122783836648	0.00016092823467307553
0.09638290236239705	0.00017048865004279926
0.09660508789898134	0.00018090513833280827
0.09682778562612493	0.00019228050540250592
0.09705099672454898	0.0002047331919699
0.09727472237769652	0.0002184001793417771
0.09749896377173871	0.00023344053917339418
0.09772372209558107	0.00025003979450581636
0.0979489985408699	0.0002684153095437392
0.09817479430199844	0.00028882299310329084
0.09840111057611338	0.0003115656921052217
0.09862794856312106	0.0003370037766000234
0.09885530946569389	0.00036556859069162336
0.09908319448927677	0.000397779685161304
0.09931160484209339	0.0004342670886138953
0.0995405417351527	0.0004758003615401022
0.09977000638225533	0.0005233268839564217
0.1	0.0005780228648422157
0.10023052380778996	0.0006413621092099338
0.10046157902783952	0.0007152099254692782
0.10069316688518042	0.0008019531790028916
0.10092528860766845	0.0009046832027104499
0.10115794542598985	0.0010274574532527457
0.10139113857366794	0.0011756809225168768
0.10162486928706957	0.001356673891016059
0.1018591388054117	0.0015805371662754215
0.102093948370768	0.0018615061769508673
0.10232929922807542	0.0022201352620284825
0.10256519262514076	0.0026869460852164666
0.10280162981264736	0.003308773876757283
0.10303861204416162	0.004160347825925508
0.10327614057613975	0.005366672083424412
0.10351421666793438	0.007149432865966214
0.10375284158180126	0.009932114227607343
0.10399201658290592	0.014607068724348136
0.10423174293933042	0.02332896448059917
0.10447202192208001	0.04247770371990935
0.10471285480508996	0.0987991309855723
0.10495424286523224	0.4401447185940823