0.001	1.437315275975521e-7
0.0010081944819816933	1.4373152713954467e-7
0.001016456113498336	1.4373152667400016e-7
0.00102478544480558	1.4373152620079462e-7
0.0010331830306681419	1.4373152571980196e-7
0.0010416494303967434	1.4373152523089404e-7
0.0010501852078853716	1.437315247339406e-7
0.001058790931648829	1.4373152422880925e-7
0.0010674671748606068	1.437315237153654e-7
0.001076214515391051	1.4373152319347227e-7
0.001085033535845861	1.437315226629908e-7
0.0010939248236048829	1.437315221237797e-7
0.0011028889708612412	1.4373152157569528e-7
0.001111926574660772	1.4373152101859154e-7
0.0011210382369417967	1.4373152045232003e-7
0.0011302245645752054	1.4373151987672993e-7
0.0011394861694048852	1.437315192916678e-7
0.0011488236682884623	1.4373151869697786e-7
0.001158237683138396	1.4373151809250167e-7
0.0011677288409633918	1.4373151747807813e-7
0.0011772977739101713	1.437315168535436e-7
0.0011869451193055657	1.4373151621873164e-7
0.001196671519698974	1.437315155734732e-7
0.001206477622905154	1.4373151491759631e-7
0.0012163640820473665	1.4373151425092622e-7
0.0012263315556008837	1.4373151357328538e-7
0.001236380707436837	1.4373151288449323e-7
0.0012465122068664428	1.437315121843662e-7
0.0012567267286855705	1.4373151147271784e-7
0.0012670249532196981	1.4373151074935854e-7
0.0012774075663692127	1.4373151001409556e-7
0.0012878752596551053	1.43731509266733e-7
0.0012984287302650176	1.437315085070718e-7
0.0013090686810996886	1.4373150773490955e-7
0.0013197958208197589	1.4373150695004048e-7
0.001330610863892982	1.437315061522556e-7
0.0013415145306417983	1.4373150534134224e-7
0.0013525075472913236	1.4373150451708445e-7
0.0013635906460177066	1.4373150367926262e-7
0.0013747645649969042	1.4373150282765347e-7
0.0013860300484538433	1.437315019620302e-7
0.0013973878467119837	1.4373150108216214e-7
0.0014088387162433037	1.4373150018781488e-7
0.0014203834197186714	1.437314992787502e-7
0.0014320227260586533	1.4373149835472587e-7
0.0014437574104847163	1.437314974154957e-7
0.001455588254570871	1.4373149646080943e-7
0.0014675160462957165	1.437314954904128e-7
0.001479541580094934	1.4373149450404725e-7
0.0014916656569141879	1.4373149350144998e-7
0.0015038890842624835	1.4373149248235386e-7
0.0015162126762659376	1.4373149144648746e-7
0.0015286372537220154	1.4373149039357472e-7
0.0015411636441541856	1.4373148932333517e-7
0.0015537926818670494	1.4373148823548363e-7
0.001566525208001896	1.4373148712973035e-7
0.0015793620705927373	1.437314860057807e-7
0.0015923041246227792	1.4373148486333525e-7
0.0016053522320813782	1.437314837020896e-7
0.0016185072620214403	1.4373148252173442e-7
0.0016317700906173147	1.4373148132195521e-7
0.0016451416012231458	1.4373148010243236e-7
0.0016586226844317032	1.4373147886284093e-7
0.001672214238133708	1.4373147760285065e-7
0.0016859171675776257	1.4373147632212593e-7
0.0016997323854299699	1.4373147502032546e-7
0.0017136608118360763	1.437314736971025e-7
0.0017277033744814026	1.4373147235210445e-7
0.001741861008653301	1.4373147098497302e-7
0.0017561346573033267	1.4373146959534397e-7
0.001770525271110026	1.437314681828471e-7
0.0017850338085422714	1.4373146674710606e-7
0.0017996612359230844	1.4373146528773836e-7
0.0018144085274940098	1.437314638043552e-7
0.0018292766654799902	1.437314622965614e-7
0.0018442666401547998	1.4373146076395522e-7
0.0018593794499069864	1.4373145920612838e-7
0.00187461610130638	1.437314576226658e-7
0.0018899776091711293	1.4373145601314568e-7
0.0019054649966352877	1.4373145437713915e-7
0.0019210792952169629	1.4373145271421043e-7
0.0019368215448870222	1.4373145102391643e-7
0.0019526927941383564	1.437314493058068e-7
0.0019686941000557055	1.4373144755942393e-7
0.00198482652838608	1.437314457843024e-7
0.0020010911536097265	1.437314439799694e-7
0.0020174890590117095	1.4373144214594417e-7
0.0020340213367540444	1.437314402817381e-7
0.002050689087948457	1.4373143838685456e-7
0.0020674934227297055	1.4373143646078867e-7
0.0020844354603295357	1.4373143450302734e-7
0.0021015163291512088	1.4373143251304898e-7
0.0021187371668446747	1.4373143049032342e-7
0.002136099120382327	1.4373142843431177e-7
0.0021536033461354133	1.437314263444663e-7
0.0021712510099510343	1.437314242202302e-7
0.0021890432872298136	1.4373142206103757e-7
0.002206981363004165	1.4373141986631313e-7
0.0022250664320172357	1.4373141763547218e-7
0.002243299698802474	1.4373141536792044e-7
0.002261682377763851	1.437314130630537e-7
0.00228021569325675	1.43731410720258e-7
0.002298900879669517	1.4373140833890916e-7
0.00231773918150567	1.437314059183727e-7
0.002336731853466783	1.437314034580038e-7
0.0023558801605360674	1.4373140095714694e-7
0.002375185378062609	1.4373139841513592e-7
0.002394648791846327	1.437313958312934e-7
0.002414271698223595	1.4373139320493107e-7
0.002434055404153603	1.4373139053534927e-7
0.0024540012273053828	1.437313878218367e-7
0.0024741104961455928	1.4373138506367043e-7
0.002494384550026976	1.4373138226011573e-7
0.002514824739277589	1.437313794104256e-7
0.0025354324252907156	1.437313765138409e-7
0.002556208980615564	1.4373137356958988e-7
0.0025771557890486604	1.437313705768882e-7
0.002598274245726039	1.4373136753493854e-7
0.002619565757216139	1.4373136444293044e-7
0.0026410317416135074	1.4373136130004018e-7
0.0026626736286332418	1.4373135810543046e-7
0.002684492859706207	1.4373135485825017e-7
0.0027064908880750564	1.437313515576342e-7
0.002728669178891005	1.4373134820270321e-7
0.002751029209311432	1.4373134479256344e-7
0.0027735724685982463	1.4373134132630634e-7
0.0027963004582170978	1.4373133780300845e-7
0.0028192146919373585	1.4373133422173112e-7
0.002842316695932967	1.4373133058152026e-7
0.002865608008884056	1.4373132688140602e-7
0.0028890901820794552	1.437313231204027e-7
0.0029127647795199924	1.4373131929750822e-7
0.0029366333780226827	1.4373131541170426e-7
0.002960697567325729	1.4373131146195543e-7
0.002984958950194426	1.4373130744720953e-7
0.003009419142527888	1.4373130336639696e-7
0.003034079773466696	1.4373129921843058e-7
0.003058942485501392	1.4373129500220527e-7
0.0030840089345818725	1.4373129071659776e-7
0.003109280790227685	1.4373128636046632e-7
0.0031347597356392305	1.4373128193265047e-7
0.003160447467809867	1.4373127743197045e-7
0.0031863456976389264	1.4373127285722737e-7
0.0032124561500456745	1.4373126820720236e-7
0.0032387805640842035	1.437312634806566e-7
0.0032653206930592536	1.4373125867633091e-7
0.003292078304642978	1.4373125379294536e-7
0.0033190551809927013	1.437312488291989e-7
0.003346253118869592	1.437312437837692e-7
0.0033736739297583573	1.4373123865531204e-7
0.0034013194399878707	1.4373123344246114e-7
0.003429191490852838	1.4373122814382774e-7
0.0034572919387364075	1.437312227580002e-7
0.0034856226552338362	1.4373121728354372e-7
0.0035141855272771355	1.437312117189998e-7
0.003542982457260739	1.4373120606288596e-7
0.0035720153631682177	1.4373120031369539e-7
0.0036012861787000313	1.4373119446989642e-7
0.003630796853402313	1.4373118852993219e-7
0.003660549352796711	1.437311824922202e-7
0.0036905456585113027	1.4373117635515198e-7
0.00372078776841259	1.4373117011709255e-7
0.0037512776967385556	1.4373116377637996e-7
0.003782017474232808	1.4373115733132506e-7
0.0038130091482798615	1.4373115078021075e-7
0.0038442547830414724	1.4373114412129175e-7
0.003875756459594148	1.4373113735279412e-7
0.003907516276067724	1.437311304729146e-7
0.003939536347785138	1.4373112347982032e-7
0.003971818807403289	1.4373111637164825e-7
0.00400436580505511	1.4373110914650475e-7
0.004037179508492743	1.4373110180246493e-7
0.004070262103231952	1.4373109433757225e-7
0.0041036157926976555	1.4373108674983803e-7
0.004137242798370708	1.437310790372408e-7
0.004171145359935852	1.4373107119772592e-7
0.004205325735430874	1.4373106322920478e-7
0.004239786201397013	1.4373105512955456e-7
0.004274529053030594	1.437310468966174e-7
0.004309556604335882	1.4373103852820002e-7
0.004344871188279204	1.4373103002207297e-7
0.004380475156944336	1.4373102137597016e-7
0.0044163708816891715	1.4373101258758823e-7
0.0044525607533036525	1.4373100365458586e-7
0.004489047182168995	1.4373099457458322e-7
0.004525832598418254	1.4373098534516135e-7
0.004562919452098153	1.4373097596386147e-7
0.0046003102133322935	1.4373096642818433e-7
0.004638007372485644	1.4373095673558957e-7
0.004676013440330444	1.43730946883495e-7
0.004714330948213387	1.43730936869276e-7
0.004752962448224265	1.4373092669026467e-7
0.004791910513365904	1.4373091634374933e-7
0.004831177737725572	1.4373090582697352e-7
0.004870766736647722	1.437308951371356e-7
0.004910680146908214	1.4373088427138772e-7
0.004950920626889917	1.4373087322683518e-7
0.004991490856759765	1.4373086200053562e-7
0.00503239353864727	1.437308505894984e-7
0.005073631396824505	1.437308389906835e-7
0.005115207177887542	1.4373082720100096e-7
0.005157123650939375	1.4373081521731e-7
0.005199383607774361	1.4373080303641808e-7
0.00524198986306418	1.4373079065508023e-7
0.005284945254545284	1.43730778069998e-7
0.005328252643207891	1.4373076527781865e-7
0.005371914913486573	1.4373075227513439e-7
0.005415934973452328	1.437307390584812e-7
0.005460315755006311	1.437307256243382e-7
0.005505060214075067	1.437307119691265e-7
0.005550171330807447	1.4373069808920834e-7
0.005595652109773059	1.4373068398088612e-7
0.005641505580162419	1.437306696404013e-7
0.005687734795988688	1.4373065506393362e-7
0.005734342836291073	1.4373064024759996e-7
0.005781332805339912	1.4373062518745318e-7
0.0058287078328434425	1.437306098794813e-7
0.005876471074156239	1.4373059431960632e-7
0.00592462571048936	1.4373057850368307e-7
0.005973174949122242	1.4373056242749825e-7
0.0060221220236163255	1.4373054608676915e-7
0.006071470194030414	1.437305294771427e-7
0.006121222747137785	1.4373051259419412e-7
0.006171382996645143	1.437304954334258e-7
0.00622195428341328	1.4373047799026629e-7
0.006272939975679635	1.4373046026006869e-7
0.0063243434692825855	1.4373044223810982e-7
0.006376168187887668	1.4373042391958868e-7
0.00642841758321556	1.437304052996253e-7
0.006481095135272026	1.4373038637325947e-7
0.006534204352579653	1.437303671354493e-7
0.006587748772411576	1.4373034758106997e-7
0.006641731961027025	1.4373032770491228e-7
0.006696157513908897	1.4373030750168145e-7
0.00675102905600321	1.4373028696599543e-7
0.006806350241960524	1.4373026609238368e-7
0.0068621247563793635	1.437302448752857e-7
0.0069183563140516454	1.437302233090494e-7
0.006975048660210083	1.437302013879298e-7
0.007032205570777615	1.4373017910608727e-7
0.007089830852618916	1.4373015645758616e-7
0.007147928343793955	1.4373013343639324e-7
0.0072065019138136165	1.4373011003637584e-7
0.0072655554638974005	1.437300862513005e-7
0.007325092927233308	1.4373006207483122e-7
0.007385118269239751	1.4373003750052763e-7
0.0074456354878297175	1.4373001252184357e-7
0.007506648613676994	1.4372998713212497e-7
0.007568161710484681	1.4372996132460843e-7
0.007630178875255789	1.4372993509241924e-7
0.007692704238566177	1.4372990842856952e-7
0.007755741964839603	1.4372988132595649e-7
0.007819296252625152	1.4372985377736046e-7
0.00788337133487681	1.4372982577544294e-7
0.007947971479235457	1.437297973127448e-7
0.008013100988313072	1.4372976838168404e-7
0.008078764199979301	1.4372973897455406e-7
0.008144965487650379	1.4372970908352132e-7
0.008211709260580444	1.4372967870062354e-7
0.008278999964155183	1.437296478177673e-7
0.0083468420801879	1.4372961642672616e-7
0.008415240127218039	1.4372958451913816e-7
0.00848419866081215	1.4372955208650397e-7
0.008553722273867291	1.437295191201843e-7
0.008623815596916905	1.437294856113977e-7
0.008694483298439295	1.437294515512183e-7
0.00876573008516849	1.4372941693057343e-7
0.008837560702407798	1.43729381740241e-7
0.008909979934345799	1.4372934597084734e-7
0.008982992604375054	1.437293096128645e-7
0.00905660357541329	1.4372927265660777e-7
0.009130817750227354	1.4372923509223313e-7
0.009205640071759726	1.4372919690973459e-7
0.009281075523457725	1.437291580989416e-7
0.009357129129605433	1.4372911864951615e-7
0.009433805955658363	1.4372907855095033e-7
0.009511111108580805	1.437290377925632e-7
0.009589049737185964	1.4372899636349822e-7
0.009667627032478894	1.437289542527201e-7
0.009746848228002274	1.4372891144901222e-7
0.009826718600184949	1.437288679409732e-7
0.009907243468693334	1.4372882371701426e-7
0.0099884281967858	1.437287787653559e-7
0.010070278191669804	1.437287330740248e-7
0.010152798904862086	1.4372868663085077e-7
0.010235995832551739	1.437286394234633e-7
0.010319874515966273	1.4372859143928844e-7
0.010404440541740698	1.4372854266554537e-7
0.010489699542289599	1.4372849308924304e-7
0.010575657196182272	1.437284426971766e-7
0.010662319228520957	1.437283914759241e-7
0.01074969141132214	1.4372833941184276e-7
0.010837779563900989	1.4372828649106524e-7
0.010926589553258944	1.4372823269949622e-7
0.011016127294474489	1.4372817802280854e-7
0.011106398751097105	1.4372812244643922e-7
0.011197409935544477	1.4372806595558586e-7
0.011289166909502936	1.4372800853520238e-7
0.011381675784331191	1.437279501699954e-7
0.011474942721467374	1.4372789084441982e-7
0.011568973932839408	1.4372783054267492e-7
0.011663775681278745	1.4372776924870005e-7
0.011759354280937502	1.4372770694617034e-7
0.011855716097709	1.4372764361849237e-7
0.011952867549651752	1.4372757924879987e-7
0.012050815107416946	1.4372751381994902e-7
0.012149565294679391	1.437274473145141e-7
0.012249124688572054	1.4372737971478273e-7
0.01234949992012408	1.4372731100275113e-7
0.012450697674702464	1.4372724116011943e-7
0.01255272469245733	1.4372717016828682e-7
0.012655587768770836	1.4372709800834644e-7
0.012759293754709774	1.4372702466108045e-7
0.01286384955748188	1.4372695010695501e-7
0.012969262140895886	1.4372687432611485e-7
0.01307553852582532	1.437267972983783e-7
0.01318268579067614	1.4372671900323155e-7
0.013290711071858167	1.4372663941982358e-7
0.013399621564260406	1.4372655852696033e-7
0.013509424521730255	1.4372647630309913e-7
0.013620127257556626	1.437263927263431e-7
0.01373173714495705	1.437263077744351e-7
0.013844261617568757	1.4372622142475206e-7
0.013957708169943779	1.4372613365429873e-7
0.014072084358048123	1.437260444397017e-7
0.014187397799765017	1.4372595375720324e-7
0.014303656175402314	1.437258615826548e-7
0.01442086722820399	1.4372576789151067e-7
0.014539038764865907	1.4372567265882162e-7
0.014658178656055749	1.437255758592279e-7
0.014778294836937248	1.437254774669529e-7
0.014899395307698689	1.43725377455796e-7
0.015021488134085758	1.4372527579912568e-7
0.015144581447938751	1.4372517246987261e-7
0.01526868344773418	1.4372506744052225e-7
0.015393802399130824	1.4372496068310747e-7
0.015519946635520256	1.4372485216920144e-7
0.015647124558581877	1.4372474186990978e-7
0.015775344638842496	1.4372462975586293e-7
0.0159046154162405	1.4372451579720847e-7
0.01603494550069465	1.4372439996360307e-7
0.016166343572677537	1.4372428222420445e-7
0.016298818383793715	1.4372416254766318e-7
0.01643237875736261	1.4372404090211437e-7
0.01656703358900619	1.4372391725516924e-7
0.016702791847241407	1.437237915739063e-7
0.01683966257407761	1.4372366382486296e-7
0.01697765488561869	1.4372353397402632e-7
0.01711677797267031	1.4372340198682427e-7
0.01725704110135201	1.4372326782811625e-7
0.01739845361371439	1.4372313146218408e-7
0.017541024928361307	1.4372299285272212e-7
0.017684764541077206	1.4372285196282803e-7
0.01782968202545956	1.4372270875499268e-7
0.01797578703355652	1.4372256319109037e-7
0.018123089296509763	1.4372241523236842e-7
0.01827159862520264	1.4372226483943734e-7
0.018421324910913604	1.4372211197225986e-7
0.018572278125975013	1.4372195659014066e-7
0.018724468324437322	1.4372179865171538e-7
0.01887790564273872	1.4372163811493976e-7
0.01903260030038026	1.4372147493707829e-7
0.019188562600606505	1.4372130907469304e-7
0.01934580293109178	1.4372114048363212e-7
0.01950433176463201	1.4372096911901775e-7
0.019664159659842254	1.4372079493523458e-7
0.019825297261859984	1.437206178859175e-7
0.01998775530305402	1.4372043792393932e-7
0.0201515446037394	1.4372025500139818e-7
0.02031667607289804	1.43720069069605e-7
0.020483160708905313	1.4371988007907045e-7
0.020651009600262577	1.437196879794918e-7
0.020820233926335713	1.4371949271973962e-7
0.020990844958099723	1.4371929424784422e-7
0.0211628540588894	1.4371909251098184e-7
0.021336272685156185	1.4371888745546055e-7
0.0215111123872312	1.437186790267062e-7
0.021687384810094558	1.437184671692477e-7
0.02186510169415094	1.4371825182670252e-7
0.02204427487601156	1.4371803294176154e-7
0.022224916289282543	1.4371781045617406e-7
0.022407037965359724	1.4371758431073217e-7
0.022590652034229993	1.4371735444525513e-7
0.022775770725279205	1.4371712079857337e-7
0.02296240636810668	1.437168833085123e-7
0.023150571393346465	1.4371664191187584e-7
0.023340278333495158	1.437163965444296e-7
0.023531539823746703	1.4371614714088394e-7
0.023724368602833903	1.4371589363487655e-7
0.02391877751387689	1.4371563595895495e-7
0.024114779505238496	1.437153740445586e-7
0.024312387631386694	1.4371510782200067e-7
0.024511615053764046	1.4371483722044965e-7
0.024712475041664333	1.437145621679105e-7
0.024914980973116306	1.4371428259120573e-7
0.025119146335774754	1.4371399841595568e-7
0.02532498472781879	1.437137095665593e-7
0.02553250985885757	1.4371341596617364e-7
0.0257417355508434	1.4371311753669383e-7
0.025952675738992313	1.4371281419873227e-7
0.026165344472712227	1.437125058715976e-7
0.02637975591653868	1.4371219247327335e-7
0.026595924351078236	1.4371187392039624e-7
0.026813864173959638	1.4371155012823408e-7
0.027033589900792722	1.437112210106634e-7
0.027255116166135268	1.4371088648014657e-7
0.027478457724467636	1.4371054644770872e-7
0.02770362945117552	1.437102008229141e-7
0.0279306463435407	1.4370984951384223e-7
0.028159523521739907	1.437094924270636e-7
0.028390276229851887	1.4370912946761486e-7
0.02862291983687272	1.4370876053897377e-7
0.02885746983773944	1.4370838554303362e-7
0.02909394185436207	1.4370800438007741e-7
0.029332351636664086	1.4370761694875135e-7
0.029572715063631436	1.4370722314603808e-7
0.02981504814437013	1.4370682286722957e-7
0.030059367019172504	1.4370641600589924e-7
0.030305687960592236	1.43706002453874e-7
0.030554027374528142	1.4370558210120566e-7
0.030804401801316893	1.4370515483614172e-7
0.03105682791683464	1.4370472054509608e-7
0.03131132253360771	1.437042791126188e-7
0.03156790260193236	1.4370383042136593e-7
0.03182658521100374	1.4370337435206809e-7
0.03208738759005415	1.4370291078349946e-7
0.03235032710950048	1.437024395924453e-7
0.03261542128210118	1.4370196065366995e-7
0.03288268776412271	1.437014738398833e-7
0.03315214435651548	1.4370097902170744e-7
0.03342380900609946	1.437004760676426e-7
0.03369769980675952	1.4369996484403233e-7
0.033973835000650536	1.4369944521502823e-7
0.034252232979412406	1.4369891704255429e-7
0.03453291228539498	1.4369838018627035e-7
0.03481589161289306	1.4369783450353512e-7
0.03510118980939152	1.436972798493687e-7
0.03538882587682059	1.4369671607641423e-7
0.0356788189728215	1.436961430348992e-7
0.035971188412022397	1.436955605725959e-7
0.036265953667324824	1.4369496853478146e-7
0.036563134371200665	1.4369436676419698e-7
0.03686275031699972	1.4369375510100622e-7
0.03716482146026805	1.436931333827534e-7
0.03746936792007707	1.4369250144432072e-7
0.03777640998036359	1.4369185911788465e-7
0.03808596809128076	1.4369120623287195e-7
0.03839806287056013	1.4369054261591473e-7
0.03871271510488487	1.436898680908049e-7
0.0390299457512743	1.4368918247844792e-7
0.0393497759384796	1.4368848559681565e-7
0.039672226968391164	1.4368777726089848e-7
0.03999732031745731	1.4368705728265694e-7
0.040325077638114756	1.436863254709721e-7
0.04065552076023069	1.4368558163159546e-7
0.04098867169255678	1.4368482556709804e-7
0.041324552624194995	1.4368405707681853e-7
0.04166318592607552	1.4368327595681053e-7
0.04200459415244671	1.436824819997893e-7
0.042348800042377295	1.436816749950771e-7
0.04269582652127091	1.4368085472854836e-7
0.043045696702392985	1.4368002098257306e-7
0.0433984338884102	1.4367917353596022e-7
0.04375406157294249	1.4367831216389957e-7
0.04411260344212788	1.436774366379029e-7
0.044474083376200006	1.4367654672574423e-7
0.04483852545107863	1.4367564219139887e-7
0.04520595393997321	1.4367472279498192e-7
0.0455763933149996	1.4367378829268532e-7
0.04594986824880996	1.4367283843671416e-7
0.04632640361623603	1.4367187297522202e-7
0.04670602449594596	1.4367089165224498e-7
0.04708875617211453	1.4366989420763488e-7
0.0474746241361073	1.4366888037699142e-7
0.04786365408817832	1.4366784989159294e-7
0.04825587193918192	1.4366680247832655e-7
0.04865130381229847	1.4366573785961666e-7
0.04904997604477426	1.436646557533528e-7
0.04945191518967568	1.4366355587281584e-7
0.049857148017657726	1.4366243792660357e-7
0.05026570151874706	1.4366130161855445e-7
0.05067760290413963	1.4366014664767083e-7
0.05109287960801304	1.4365897270804033e-7
0.05151155928935373	1.4365777948875637e-7
0.05193366983379929	1.4365656667383728e-7
0.05235923935549559	1.436553339421442e-7
0.052788296198969395	1.4365408096729746e-7
0.053220868941016165	1.4365280741759207e-7
0.05365698639260341	1.4365151295591128e-7
0.05409667760078959	1.4365019723963922e-7
0.05453997185065876	1.436488599205721e-7
0.05498689866727107	1.4364750064482776e-7
0.05543748781762925	1.4364611905275398e-7
0.05589176931266118	1.4364471477883534e-7
0.05634977340921877	1.4364328745159847e-7
0.05681153061209314	1.4364183669351608e-7
0.057277071676046384	1.43640362120909e-7
0.05774642760785993	1.436388633438472e-7
0.058219629668399726	1.436373399660489e-7
0.058696709374698314	1.4363579158477822e-7
0.059177698502053996	1.436342177907411e-7
0.05966262908614719	1.4363261816797989e-7
0.060151533425174104	1.4363099229376576e-7
0.060644444081997914	1.4362933973848997e-7
0.06114139388631768	1.4362766006555308e-7
0.06164241593685476	1.436259528312524e-7
0.06214754360355739	1.4362421758466815e-7
0.06265681052982328	1.4362245386754694e-7
0.06317025063474031	1.4362066121418454e-7
0.06368789811534577	1.4361883915130577e-7
0.06420978744890392	1.4361698719794325e-7
0.06473595339520236	1.4361510486531394e-7
0.06526643099886711	1.4361319165669361e-7
0.06580125559169679	1.4361124706728986e-7
0.06634046279501578	1.436092705841126e-7
0.06688408852204676	1.4360726168584278e-7
0.06743216898030269	1.436052198426992e-7
0.06798474067399832	1.4360314451630286e-7
0.06854184040648152	1.4360103515953975e-7
0.06910350528268457	1.4359889121642088e-7
0.06966977271159541	1.4359671212194085e-7
0.07024068040874928	1.4359449730193338e-7
0.07081626639874065	1.4359224617292556e-7
0.07139656901775596	1.4358995814198904e-7
0.07198162691612672	1.4358763260658943e-7
0.07257147906090393	1.4358526895443312e-7
0.07316616473845337	1.435828665633118e-7
0.07376572355707227	1.4358042480094482e-7
0.07437019544962731	1.4357794302481867e-7
0.07497962067621433	1.435754205820243e-7
0.0755940398268398	1.435728568090921e-7
0.07621349382412429	1.4357025103182405e-7
0.07683802392602801	1.435676025651233e-7
0.0774676717285988	1.435649107128215e-7
0.07810247916874258	1.43562174767503e-7
0.07874248852701646	1.4355939401032697e-7
0.07938774243044482	1.435565677108462e-7
0.08003828385535845	1.4355369512682362e-7
0.08069415613025688	1.4355077550404577e-7
0.08135540293869425	1.4354780807613365e-7
0.08202206832218882	1.435447920643505e-7
0.08269419668315627	1.4354172667740683e-7
0.08337183278786699	1.4353861111126253e-7
0.08405502176942795	1.4353544454892594e-7
0.08474380913078841	1.4353222616024978e-7
0.08543824074777076	1.4352895510172433e-7
0.08613836287212598	1.4352563051626731e-7
0.08684422213461422	1.4352225153301056e-7
0.08755586554811053	1.4351881726708378e-7
0.08827334051073613	1.4351532681939486e-7
0.08899669480901527	1.4351177927640693e-7
0.08972597662105805	1.4350817370991227e-7
0.0904612345197692	1.4350450917680283e-7
0.09120251747608323	1.4350078471883707e-7
0.09194987486222611	1.4349699936240405e-7
0.09270335645500362	1.4349315211828304e-7
0.09346301243911669	1.4348924198140072e-7
0.09422889341050385	1.4348526793058397e-7
0.09500105037971117	1.434812289283094e-7
0.09577953477528969	1.4347712392044927e-7
0.09656439844722083	1.4347295183601356e-7
0.09735569367036968	1.4346871158688839e-7
0.09815347314796677	1.4346440206757065e-7
0.09895779001511845	1.4346002215489873e-7
0.09976869784234559	1.434555707077795e-7
0.10058625063915173	1.4345104656691117e-7
0.10141050285762046	1.434464485545024e-7
0.10224150939604168	1.4344177547398728e-7
0.10307932560256879	1.4343702610973614e-7
0.10392400727890412	1.4343219922676246e-7
0.10477561068401657	1.4342729357042553e-7
0.10563419253788767	1.4342230786612883e-7
0.1064998100252901	1.4341724081901425e-7
0.10737252079959621	1.434120911136521e-7
0.10825238298661749	1.4340685741372638e-7
0.1091394551884768	1.4340153836171628e-7
0.1100337964875106	1.433961325785726e-7
0.11093546645020493	1.4339063866339022e-7
0.11184452513116187	1.4338505519307563e-7
0.11276103307710034	1.4337938072201004e-7
0.11368505133088776	1.433736137817079e-7
0.11461664143560671	1.4336775288047086e-7
0.115555865438653	1.4336179650303655e-7
0.11650278589586913	1.4335574311022304e-7
0.1174574658757099	1.433495911385684e-7
0.11841996896344388	1.433433389999652e-7
0.1193903592653875	1.433369850812903e-7
0.12036870141317572	1.4333052774402962e-7
0.12135506056806582	1.4332396532389788e-7
0.12234950242527826	1.433172961304533e-7
0.12335209321837134	1.4331051844670729e-7
0.12436289972365344	1.433036305287289e-7
0.12538198926463018	1.432966306052442e-7
0.12640942971648805	1.432895168772302e-7
0.12744528951061607	1.4328228751750402e-7
0.1284896376391625	1.4327494067030607e-7
0.12954254365963105	1.432674744508785e-7
0.1306040776995126	1.4325988694503777e-7
0.13167431046095707	1.432521762087423e-7
0.13275331322548128	1.4324434026765412e-7
0.1338411578587177	1.4323637711669548e-7
0.13493791681519993	1.4322828471959956e-7
0.13604366314318944	1.4322006100845587e-7
0.13715847048953989	1.432117038832499e-7
0.13828241310460315	1.4320321121139725e-7
0.1394155658471739	1.4319458082727182e-7
0.14055800418947628	1.4318581053172858e-7
0.14170980422218973	1.4317689809162058e-7
0.1428710426595179	1.4316784123930995e-7
0.14404179684429705	1.4315863767217334e-7
0.1452221447531485	1.431492850521016e-7
0.14641216500167104	1.4313978100499315e-7
0.14761193684967794	1.4313012312024232e-7
0.14882154020647562	1.4312030895022097e-7
0.15004105563618544	1.4311033600975458e-7
0.15127056436311054	1.4310020177559272e-7
0.15251014827714462	1.430899036858729e-7
0.15375988993922723	1.4307943913957902e-7
0.15501987258684136	1.4306880549599396e-7
0.15629018013955878	1.430580000741456e-7
0.157570897204628	1.430470201522474e-7
0.15886210908261073	1.4303586296713313e-7
0.16016390177306197	1.4302452571368494e-7
0.1614763619802592	1.430130055442563e-7
0.16279957711897583	1.4300129956808856e-7
0.16413363532030473	1.429894048507215e-7
0.16547862543752678	1.4297731841339828e-7
0.16683463705203014	1.429650372324643e-7
0.16820176047927535	1.4295255823876015e-7
0.16958008677481204	1.4293987831700871e-7
0.1709697077403422	1.4292699430519666e-7
0.1723707159298358	1.4291390299394985e-7
0.1737832046556946	1.429006011259032e-7
0.1752072679949666	1.4288708539506468e-7
0.17664300079561326	1.428733524461738e-7
0.17809049868282514	1.4285939887405442e-7
0.1795498580653925	1.428452212229619e-7
0.18102117614212496	1.4283081598592497e-7
0.1825045509083267	1.4281617960408197e-7
0.18400008116232203	1.428013084660119e-7
0.18550786651203696	1.4278619890706002e-7
0.18702800738163222	1.4277084720865844e-7
0.1885606050181932	1.4275524959764155e-7
0.19010576149847197	1.4273940224555628e-7
0.19166357973568748	1.4272330126796772e-7
0.1932341634863784	1.427069427237598e-7
0.19481761735731531	1.4269032261443134e-7
0.19641404681246624	1.426734368833874e-7
0.19802355818002268	1.4265628141522663e-7
0.19964625865947966	1.426388520350237e-7
0.20128225632877725	1.4262114450760825e-7
0.2029316601514982	1.4260315453683942e-7
0.20459457998412475	1.4258487776487674e-7
0.20627112658335697	1.4256630977144753e-7
0.20796141161348788	1.4254744607311037e-7
0.20966554765384232	1.425282821225159e-7
0.2113836482062736	1.4250881330766418e-7
0.21311582770272472	1.4248903495115936e-7
0.21486220151284835	1.4246894230946156e-7
0.21662288595169255	1.4244853057213653e-7
0.2183979982874461	1.4242779486110323e-7
0.22018765674925067	1.424067302298792e-7
0.22199198053507369	1.423853316628246e-7
0.22381108981964898	1.423635940743848e-7
0.22564510576247923	1.4234151230833174e-7
0.22749415051590738	1.4231908113700503e-7
0.2293583472332506	1.4229629526055202e-7
0.23123782007700466	1.4227314930616814e-7
0.23313269422711172	1.4224963782733731e-7
0.23504309588929964	1.4222575530307316e-7
0.23696915230348592	1.4220149613716083e-7
0.23891099175225397	1.4217685465740063e-7
0.24086874356939653	1.4215182511485297e-7
0.24284253814852907	1.4212640168308573e-7
0.2448325069517761	1.4210057845742435e-7
0.24683878251852523	1.4207434945420466e-7
0.24886149847425665	1.420477086100294e-7
0.2509007895394411	1.4202064978102899e-7
0.25295679153851497	1.4199316674212624e-7
0.25502964140892426	1.419652531863068e-7
0.2571194772102477	1.4193690272389463e-7
0.25922643813338947	1.4190810888183385e-7
0.2613506645098523	1.4187886510297735e-7
0.26349229782108186	1.418491647453826e-7
0.26565148070789196	1.4181900108161534e-7
0.26782835697996293	1.4178836729806209e-7
0.270023071625422	1.4175725649425168e-7
0.272235770820498	1.4172566168218683e-7
0.27446660193925926	1.4169357578568597e-7
0.2767157135634271	1.416609916397372e-7
0.278983255492274	1.4162790198986357e-7
0.2812693787525999	1.4159429949150147e-7
0.28357423560879014	1.41560176709393e-7
0.2858979795729591	1.4152552611699245e-7
0.28824076541517224	1.414903400958883e-7
0.2906027491737566	1.414546109352413e-7
0.2929840881656915	1.4141833083123997e-7
0.2953849409970884	1.4138149188657376e-7
0.2978054675737526	1.413440861099254e-7
0.3002458291118358	1.413061054154833e-7
0.30270618814857125	1.412675416224748e-7
0.3051867085531021	1.4122838645472132e-7
0.3076875555373928	1.411886315402169e-7
0.31020889566723553	1.4114826841073062e-7
0.3127508968733417	1.4110728850143449e-7
0.31531372846252903	1.4106568315055758e-7
0.31789756112899575	1.4102344359906805e-7
0.32050256696569185	1.4098056099038372e-7
0.32312891947577865	1.4093702637011293e-7
0.325776793584187	1.408928306858265e-7
0.3284463656492667	1.408479647868626e-7
0.3311378134745323	1.4080241942416544e-7
0.333851316320507	1.407561852501593e-7
0.33658705491666	1.4070925281865934e-7
0.33934521147344615	1.4066161258482057e-7
0.3421259696944392	1.406132549051264e-7
0.34492951478857	1.4056417003741844e-7
0.3477560334824591	1.4051434814096876e-7
0.3506057140328566	1.4046377927659652e-7
0.3534787462391776	1.4041245340683038e-7
0.3563753214561464	1.4036036039611822e-7
0.35929563260653896	1.4030749001108606e-7
0.3622398741940347	1.402538319208477e-7
0.36520824231616855	1.4019937569736679e-7
0.3682009346773947	1.4014411081587332e-7
0.3712181506022512	1.4008802665533607e-7
0.3742600910486393	1.4003111249899262e-7
0.3773269586212042	1.399733575349396e-7
0.3804189575848332	1.3991475085678408e-7
0.38353629387825666	1.3985528146435865e-7
0.38667917512776745	1.397949382645018e-7
0.38984781066104834	1.3973371007190588e-7
0.3930424115211129	1.396715856100344e-7
0.39626319048036435	1.396085535121105e-7
0.399510362054764	1.395446023221795e-7
0.40278414251812195	1.3947972049624631e-7
0.40608474991649846	1.3941389640349116e-7
0.40941240408273005	1.3934711832756462e-7
0.41276732665106775	1.392793744679651e-7
0.416149741071942	1.3921065294150015e-7
0.4195598726268424	1.3914094178383406e-7
0.42299794844332506	1.390702289511247e-7
0.4264641975101371	1.3899850232175016e-7
0.42995885069247164	1.389257496981296e-7
0.43348214074734065	1.3885195880863873e-7
0.437034302339081	1.3877711730962307e-7
0.44061557205498053	1.3870121278751164e-7
0.444226188421039	1.386242327610324e-7
0.4478663919178515	1.3854616468353279e-7
0.4515364249966283	1.3846699594540682e-7
0.4552365320953419	1.3838671387663196e-7
0.45896695965500567	1.3830530574941723e-7
0.46272795613609163	1.3822275878096565e-7
0.4665197720350746	1.3813906013635287e-7
0.4703426599011202	1.3805419693152453e-7
0.47419687435290164	1.3796815623641478e-7
0.47808267209556227	1.37880925078188e-7
0.4820003119378091	1.3779249044460624e-7
0.48595005480915454	1.3770283928752464e-7
0.48993216377729104	1.376119585265173e-7
0.49394690406561653	1.375198350526353e-7
0.4979945430708954	1.3742645573229975e-7
0.502075350381072	1.3733180741133174e-7
0.506189597793222	1.3723587691912135e-7
0.5103375593316597	1.37138651072938e-7
0.5145195112661843	1.3704011668238418e-7
0.5187357321304852	1.3694026055399454e-7
0.5229865027406889	1.368390694959824e-7
0.5272721062140663	1.3673653032313593e-7
0.5315928279878875	1.366326298618651e-7
0.5359489558384316	1.3652735495540253e-7
0.5403407799001576	1.3642069246915836e-7
0.5447685926850235	1.3631262929623266e-7
0.5492326891019739	1.362031523630855e-7
0.553733366476577	1.3609224863536714e-7
0.5582709245708323	1.3597990512390954e-7
0.5628456656031312	1.3586610889088048e-7
0.5674578942683908	1.3575084705610194e-7
0.5721079177583427	1.356341068035335e-7
0.5767960457819982	1.355158753879221e-7
0.5815225905862706	1.3539614014161947e-7
0.586287866976778	1.352748884815674e-7
0.5910921923388047	1.3515210791645234e-7
0.5959358866584452	1.3502778605402945e-7
0.6008192725439122	1.3490191060861714e-7
0.6057426752470281	1.3477446940876192e-7
0.6107064226848825	1.3464545040507454e-7
0.6157108454616788	1.3451484167823671e-7
0.6207562768907476	1.343826314471791e-7
0.6258430530167519	1.3424880807743016e-7
0.6309715126380663	1.3411336008963534e-7
0.6361419973293406	1.339762761682467e-7
0.641354851464255	1.338375451703811e-7
0.6466104222384503	1.3369715613484835e-7
0.6519090596926591	1.3355509829134568e-7
0.6572511167360132	1.3341136106981938e-7
0.662636949169555	1.3326593410999175e-7
0.668066915709929	1.3311880727105116e-7
0.6735413780132802	1.329699706415046e-7
0.6790607006993349	1.328194145491902e-7
0.6846252513756923	1.3266712957144776e-7
0.6902354006623027	1.3251310654544504e-7
0.6958915222161575	1.3235733657865778e-7
0.701593992756171	1.3219981105949986e-7
0.7073431920882763	1.3204052166810205e-7
0.7131395031307172	1.3187946038723507e-7
0.7189833119395562	1.3171661951337474e-7
0.7248750077343831	1.3155199166790507e-7
0.7308149829242423	1.3138556980845637e-7
0.7368036331337673	1.312173472403737e-7
0.742841357229528	1.3104731762831274e-7
0.7489285573466028	1.308754750079578e-7
0.755065638915355	1.3070181379785873e-7
0.7612530106884434	1.3052632881138084e-7
0.7674910847680397	1.303490152687647e-7
0.7737802766332824	1.3016986880928932e-7
0.7801210051679435	1.299888855035351e-7
0.7865136926883335	1.2980606186573986e-7
0.7929587649714231	1.296213948662442e-7
0.799456651283208	1.2943488194401913e-7
0.8060077844072931	1.2924652101927133e-7
0.8126126006737241	1.2905631050611976e-7
0.8192715399880418	1.2886424932533827e-7
0.8259850458605889	1.286703369171571e-7
0.8327535654360415	1.2847457325411873e-7
0.8395775495231989	1.282769588539804e-7
0.8464574526250009	1.280774947926581e-7
0.8533937329688074	1.2787618271720527e-7
0.8603868525369103	1.2767302485882e-7
0.8674372770973098	1.2746802404587435e-7
0.8745454762347337	1.272611837169594e-7
0.8817119233819105	1.2705250793394028e-7
0.8889370958511087	1.2684200139501357e-7
0.8962214748659194	1.2662966944776267e-7
0.9035655455933157	1.264155181022033e-7
0.9109697971759589	1.261995540438145e-7
0.9184347227647851	1.2598178464654806e-7
0.9259608195518426	1.2576221798581192e-7
0.9335485888034151	1.255408628514205e-7
0.9411985358933999	1.2531772876050846e-7
0.9489111703369754	1.2509282597040086e-7
0.9566870058245293	1.2486616549143694e-7
0.9645265602558795	1.2463775909974094e-7
0.9724303557747609	1.2440761934993785e-7
0.9803989188036097	1.241757595878088e-7
0.9884327800786176	1.2394219396288357e-7
0.9965324746850878	1.2370693744096717e-7
1.004698542093067	1.2347000581659757e-7
1.012931526193282	1.2323141572543371e-7
1.0212319753333632	1.229911846565714e-7
1.0296004423543614	1.2274933096478727e-7
1.0380374846275788	1.225058738827102e-7
1.0465436640916816	1.2226083353292114e-7
1.0551195472901373	1.2201423093998252e-7
1.0637657054089387	1.2176608804240007e-7
1.0724827143146567	1.2151642770451923e-7
1.0812711545927856	1.212652737283608e-7
1.090131611586422	1.210126508654005e-7
1.0990646754352411	1.2075858482829862e-7
1.108070941114812	1.205031023025863e-7
1.1171510084762153	1.202462309583173e-7
1.1263054822860052	1.1998799946169386e-7
1.1355349722664803	1.1972843748667813e-7
1.1448400931363019	1.1946757572660002e-7
1.1542214646514273	1.1920544590577632e-7
1.1636797116463982	1.1894208079115415e-7
1.1732154640759467	1.1867751420399683e-7
1.182829357056961	1.18411781031629e-7
1.1925220309107833	1.1814491723926117e-7
1.202294131205854	1.1787695988191562e-7
1.2121463088007172	1.1760794711647607e-7
1.2220792198873607	1.1733791821388794e-7
1.2320935260349308	1.1706691357153532e-7
1.242189894233785	1.1679497472582578e-7
1.2523689969399265	1.165221443650137e-7
1.262631512119782	1.1624846634229808e-7
1.2729781232953672	1.1597398568923047e-7
1.2834095195898008	1.1569874862947429e-7
1.2939263957732143	1.1542280259295649e-7
1.3045294523090152	1.151461962304591e-7
1.315219395400551	1.1486897942869763e-7
1.3259969370381344	1.1459120332594003e-7
1.3368627950464753	1.1431292032822069e-7
1.3478176931324797	1.140341841262099e-7
1.3588623609334627	1.1375504971280106e-7
1.369997534065733	1.1347557340148451e-7
1.3812239541736004	1.1319581284557863e-7
1.3925423689787593	1.1291582705839593e-7
1.4039535323301002	1.1263567643442517e-7
1.4154582042539152	1.1235542277161676e-7
1.427057151004514	1.1207512929486431e-7
1.4387511451152684	1.1179486068078028e-7
1.450540965450056	1.1151468308387168e-7
1.462427397255146	1.1123466416422705e-7
1.474411232211488	1.1095487311683469e-7
1.4864932684874528	1.1067538070265829e-7
1.4986743107919815	1.1039625928160672e-7
1.5109551704281947	1.1011758284754126e-7
1.5233366653474147	1.0983942706547566e-7
1.5358196202036585	1.0956186931113268e-7
1.5484048664085484	1.092849887130339e-7
1.5610932421867012	1.090088661973098e-7
1.5738855926315432	1.0873358453543236e-7
1.5867827697616106	1.0845922839508361e-7
1.5997856325772837	1.0818588439439253e-7
1.6128950471180117	1.0791364115978508e-7
1.6261118865199826	1.07642589387714e-7
1.6394370310742878	1.0737282191055116e-7
1.6528713682855485	1.0710443376694855e-7
1.6664157929310213	1.0683752227699636e-7
1.6800712071202053	1.0657218712253062e-7
1.6938385203549136	1.0630853043297201e-7
1.7077186495898615	1.0604665687710564e-7
1.7217125192937273	1.0578667376124516e-7
1.7358210615107375	1.0552869113425939e-7
1.7500452159227309	1.0527282189997979e-7
1.76438592991176	1.050191819375485e-7
1.7788441586231751	1.0476789023031523e-7
1.793420865029255	1.0451906900394149e-7
1.8081170199933299	1.0427284387442907e-7
1.8229336023344602	1.0402934400685079e-7
1.837871598892613	1.0378870228563247e-7
1.8529320045944064	1.0355105549730988e-7
1.8681158225193581	1.0331654452677057e-7
1.883424063966711	1.0308531456808271e-7
1.8988577485227738	1.0285751535111871e-7
1.9144179041288425	1.0263330138529509e-7
1.9301055671496592	1.0241283222188002e-7
1.945921782442433	1.0219627273646213e-7
1.961867603426444	1.0198379343333403e-7
1.97794409215319	1.0177557077372247e-7
1.994152319377138	1.0157178752999616e-7
2.0104933646270258	1.0137263316820621e-7
2.026968316277778	1.0117830426156458e-7
2.0435782716229793	1.0098900493774869e-7
2.060324336947976	1.008049473632368e-7
2.0772076276035403	1.0062635226823876e-7
2.0942292680801757	1.0045344951618983e-7
2.1113903920829933	1.0028647872223555e-7
2.12869214260724	1.0012568992565426e-7
2.146135672014407	9.997134432175631e-8
2.1637221421090005	9.982371505947112e-8
2.1814527242159034	9.968308811160307e-8
2.1993285992584086	9.95497632256145e-8
2.2173509578368544	9.942405496380359e-8
2.235521000307941	9.930629384290036e-8
2.2538399368646616	9.919682758443954e-8
2.27230898761692	9.90960224888065e-8
2.290929382672789	9.900426494763575e-8
2.309702362220433	9.892196311130872e-8
2.328629176610725	9.884954873070486e-8
2.3477110864405066	9.878747919516855e-8
2.3669493626365674	9.873623979194344e-8
2.3863452865402732	9.869634621618623e-8
2.4059001499929287	9.866834736522015e-8
2.425615255421799	9.865282845606466e-8
2.4454919159268758	9.865041451165265e-8
2.4655314553683154	9.866177426873585e-8
2.4857352084546314	9.868762456954613e-8
2.5061045208315735	9.872873531015729e-8
2.526640749171771	9.878593503159271e-8
2.547345261265071	9.886011725557198e-8
2.5682194361096617	9.895224768604865e-8
2.589264664003897	9.906337242120322e-8
2.6104823466389147	9.919462734940856e-8
2.631873897191976	9.934724893827135e-8
2.653440740420604	9.952258666999155e-8
2.675184312757475	9.972211743134405e-8
2.6971060624060743	9.994746223569607e-8
2.7192074494371794	1.0020040574178141e-7
2.7414899458860784	1.0048291914500283e-7
2.763955035850638	1.0079718715931921e-7
2.7866042155901267	1.0114563999148796e-7
2.8094389936248936	1.0153099144859797e-7
2.832460890836819	1.0195628463392168e-7
2.855671440570635	1.0242494710249684e-7
2.8790721887360275	1.0294085790539903e-7
2.9026646939106224	1.0350842970635589e-7
2.92645052744377	1.0413271018782183e-7
2.950431273561228	1.0481950839676929e-7
2.97460852947065	1.0557555369505406e-7
2.998983905467991	1.0640869785350365e-7
3.023559025044737	1.073281749965878e-7
3.0483355249960553	1.0834494025594837e-7
3.073315055529791	1.0947211724965704e-7
3.0984992803763967	1.1072559874450508e-7
3.123889876899734	1.1212486729646342e-7
3.149488536208783	1.1369413898818426e-7
3.1752969632702985	1.1546399401061274e-7
3.2013168770223426	1.1747376261674792e-7
3.227550010488796	1.1977512346656049e-7
3.2539981108947607	1.224377266461834e-7
3.280662939782955	1.255583611234869e-7
3.3075462731310155	1.292766914955669e-7
3.334649901469808	1.338040609060506e-7
3.3619756300026573	1.3948072686974597e-7
3.3895252787256096	1.469027918137142e-7
3.4173006825486207	1.5725099608410303e-7
3.445303691417797	1.7337515418816247e-7
3.4735361704385816	2.0542754506388536e-7
3.474	100 		#JOSU
3.475	100 		#JOSU
3.476	100 		#JOSU