0.001	0.000037626054344908926
0.0010081944819816933	0.00003762605422501169
0.001016456113498336	0.0000376260541031414
0.00102478544480558	0.000037626053979265605
0.0010331830306681419	0.00003762605385335129
0.0010416494303967434	0.000037626053725364925
0.0010501852078853716	0.00003762605359527241
0.001058790931648829	0.000037626053463039065
0.0010674671748606068	0.00003762605332862968
0.001076214515391051	0.000037626053192008444
0.001085033535845861	0.00003762605305313895
0.0010939248236048829	0.00003762605291198421
0.0011028889708612412	0.000037626052768506614
0.001111926574660772	0.00003762605262266794
0.0011210382369417967	0.000037626052474429324
0.0011302245645752054	0.00003762605232375129
0.0011394861694048852	0.000037626052170593666
0.0011488236682884623	0.000037626052014915665
0.001158237683138396	0.00003762605185667582
0.0011677288409633918	0.00003762605169583197
0.0011772977739101713	0.000037626051532341256
0.0011869451193055657	0.000037626051366160113
0.001196671519698974	0.00003762605119724429
0.001206477622905154	0.00003762605102554877
0.0012163640820473665	0.000037626050851027804
0.0012263315556008837	0.000037626050673634914
0.001236380707436837	0.00003762605049332283
0.0012465122068664428	0.00003762605031004351
0.0012567267286855705	0.000037626050123748124
0.0012670249532196981	0.00003762604993438705
0.0012774075663692127	0.000037626049741909825
0.0012878752596551053	0.00003762604954626518
0.0012984287302650176	0.00003762604934740099
0.0013090686810996886	0.000037626049145264276
0.0013197958208197589	0.00003762604893980117
0.001330610863892982	0.000037626048730956955
0.0013415145306417983	0.00003762604851867598
0.0013525075472913236	0.000037626048302901686
0.0013635906460177066	0.0000376260480835766
0.0013747645649969042	0.00003762604786064226
0.0013860300484538433	0.00003762604763403932
0.0013973878467119837	0.000037626047403707365
0.0014088387162433037	0.000037626047169585046
0.0014203834197186714	0.000037626046931609995
0.0014320227260586533	0.00003762604668971881
0.0014437574104847163	0.000037626046443847034
0.001455588254570871	0.00003762604619392917
0.0014675160462957165	0.000037626045939898636
0.001479541580094934	0.00003762604568168776
0.0014916656569141879	0.00003762604541922774
0.0015038890842624835	0.00003762604515244865
0.0015162126762659376	0.00003762604488127944
0.0015286372537220154	0.000037626044605647825
0.0015411636441541856	0.00003762604432548041
0.0015537926818670494	0.00003762604404070252
0.001566525208001896	0.000037626043751238304
0.0015793620705927373	0.00003762604345701065
0.0015923041246227792	0.00003762604315794116
0.0016053522320813782	0.000037626042853950154
0.0016185072620214403	0.000037626042544956655
0.0016317700906173147	0.00003762604223087832
0.0016451416012231458	0.0000376260419116315
0.0016586226844317032	0.00003762604158713113
0.001672214238133708	0.000037626041257290744
0.0016859171675776257	0.00003762604092202249
0.0016997323854299699	0.00003762604058123703
0.0017136608118360763	0.00003762604023484358
0.0017277033744814026	0.00003762603988274985
0.001741861008653301	0.00003762603952486204
0.0017561346573033267	0.000037626039161084804
0.001770525271110026	0.00003762603879132123
0.0017850338085422714	0.00003762603841547279
0.0017996612359230844	0.000037626038033439356
0.0018144085274940098	0.00003762603764511916
0.0018292766654799902	0.00003762603725040874
0.0018442666401547998	0.00003762603684920293
0.0018593794499069864	0.00003762603644139486
0.00187461610130638	0.00003762603602687586
0.0018899776091711293	0.00003762603560553552
0.0019054649966352877	0.00003762603517726156
0.0019210792952169629	0.0000376260347419399
0.0019368215448870222	0.00003762603429945456
0.0019526927941383564	0.00003762603384968764
0.0019686941000557055	0.00003762603339251935
0.00198482652838608	0.00003762603292782785
0.0020010911536097265	0.00003762603245548937
0.0020174890590117095	0.00003762603197537805
0.0020340213367540444	0.000037626031487365993
0.002050689087948457	0.000037626030991323184
0.0020674934227297055	0.00003762603048711745
0.0020844354603295357	0.00003762602997461448
0.0021015163291512088	0.00003762602945367774
0.0021187371668446747	0.000037626028924168435
0.002136099120382327	0.000037626028385945485
0.0021536033461354133	0.00003762602783886552
0.0021712510099510343	0.00003762602728278277
0.0021890432872298136	0.0000376260267175491
0.002206981363004165	0.0000376260261430139
0.0022250664320172357	0.00003762602555902413
0.002243299698802474	0.00003762602496542419
0.002261682377763851	0.00003762602436205594
0.00228021569325675	0.00003762602374875864
0.002298900879669517	0.000037626023125368884
0.00231773918150567	0.0000376260224917206
0.002336731853466783	0.00003762602184764497
0.0023558801605360674	0.0000376260211929704
0.002375185378062609	0.00003762602052752249
0.002394648791846327	0.00003762601985112392
0.002414271698223595	0.00003762601916359452
0.002434055404153603	0.00003762601846475111
0.0024540012273053828	0.000037626017754407504
0.0024741104961455928	0.000037626017032374455
0.002494384550026976	0.000037626016298459613
0.002514824739277589	0.00003762601555246743
0.0025354324252907156	0.000037626014794199186
0.002556208980615564	0.000037626014023452845
0.0025771557890486604	0.00003762601324002309
0.002598274245726039	0.00003762601244370118
0.002619565757216139	0.00003762601163427498
0.0026410317416135074	0.00003762601081152884
0.0026626736286332418	0.000037626009975243574
0.002684492859706207	0.000037626009125196375
0.0027064908880750564	0.00003762600826116078
0.002728669178891005	0.0000376260073829066
0.002751029209311432	0.00003762600649019985
0.0027735724685982463	0.0000376260055828027
0.0027963004582170978	0.00003762600466047341
0.0028192146919373585	0.00003762600372296626
0.002842316695932967	0.00003762600277003148
0.002865608008884056	0.000037626001801415186
0.0028890901820794552	0.000037626000816859345
0.0029127647795199924	0.00003762599981610163
0.0029366333780226827	0.00003762599879887546
0.002960697567325729	0.000037625997764909797
0.002984958950194426	0.00003762599671392919
0.003009419142527888	0.00003762599564565365
0.003034079773466696	0.00003762599455979858
0.003058942485501392	0.000037625993456074675
0.0030840089345818725	0.00003762599233418789
0.003109280790227685	0.00003762599119383935
0.0031347597356392305	0.00003762599003472525
0.003160447467809867	0.00003762598885653676
0.0031863456976389264	0.00003762598765896004
0.0032124561500456745	0.00003762598644167601
0.0032387805640842035	0.00003762598520436037
0.0032653206930592536	0.00003762598394668348
0.003292078304642978	0.0000376259826683103
0.0033190551809927013	0.00003762598136890023
0.003346253118869592	0.00003762598004810712
0.0033736739297583573	0.000037625978705579063
0.0034013194399878707	0.00003762597734095841
0.003429191490852838	0.00003762597595388161
0.0034572919387364075	0.000037625974543979105
0.0034856226552338362	0.00003762597311087531
0.0035141855272771355	0.000037625971654188423
0.003542982457260739	0.00003762597017353035
0.0035720153631682177	0.00003762596866850664
0.0036012861787000313	0.000037625967138716334
0.003630796853402313	0.00003762596558375188
0.003660549352796711	0.000037625964003199
0.0036905456585113027	0.00003762596239663664
0.00372078776841259	0.00003762596076363679
0.0037512776967385556	0.000037625959103764385
0.003782017474232808	0.00003762595741657724
0.0038130091482798615	0.00003762595570162585
0.0038442547830414724	0.000037625953958453335
0.003875756459594148	0.00003762595218659532
0.003907516276067724	0.00003762595038557973
0.003939536347785138	0.000037625948554926784
0.003971818807403289	0.00003762594669414875
0.00400436580505511	0.00003762594480274993
0.004037179508492743	0.00003762594288022642
0.004070262103231952	0.00003762594092606603
0.0041036157926976555	0.00003762593893974817
0.004137242798370708	0.000037625936920743665
0.004171145359935852	0.00003762593486851463
0.004205325735430874	0.000037625932782514335
0.004239786201397013	0.00003762593066218705
0.004274529053030594	0.0000376259285069679
0.004309556604335882	0.000037625926316282725
0.004344871188279204	0.0000376259240895479
0.004380475156944336	0.00003762592182617019
0.0044163708816891715	0.000037625919525546654
0.0044525607533036525	0.000037625917187064355
0.004489047182168995	0.00003762591481010032
0.004525832598418254	0.00003762591239402129
0.004562919452098153	0.000037625909938183626
0.0046003102133322935	0.000037625907441933065
0.004638007372485644	0.0000376259049046046
0.004676013440330444	0.00003762590232552225
0.004714330948213387	0.000037625899703998944
0.004752962448224265	0.0000376258970393363
0.004791910513365904	0.00003762589433082443
0.004831177737725572	0.000037625891577741756
0.004870766736647722	0.00003762588877935487
0.004910680146908214	0.00003762588593491825
0.004950920626889917	0.000037625883043674125
0.004991490856759765	0.00003762588010485226
0.00503239353864727	0.000037625877117669734
0.005073631396824505	0.00003762587408133075
0.005115207177887542	0.00003762587099502643
0.005157123650939375	0.00003762586785793455
0.005199383607774361	0.00003762586466921939
0.00524198986306418	0.00003762586142803147
0.005284945254545284	0.00003762585813350733
0.005328252643207891	0.00003762585478476928
0.005371914913486573	0.000037625851380925225
0.005415934973452328	0.000037625847921068374
0.005460315755006311	0.000037625844404277017
0.005505060214075067	0.00003762584082961426
0.005550171330807447	0.00003762583719612783
0.005595652109773059	0.00003762583350284977
0.005641505580162419	0.00003762582974879615
0.005687734795988688	0.000037625825932966916
0.005734342836291073	0.000037625822054345534
0.005781332805339912	0.000037625818111898735
0.0058287078328434425	0.00003762581410457626
0.005876471074156239	0.000037625810031310555
0.00592462571048936	0.000037625805891016504
0.005973174949122242	0.00003762580168259116
0.0060221220236163255	0.00003762579740491339
0.006071470194030414	0.00003762579305684364
0.006121222747137785	0.000037625788637223586
0.006171382996645143	0.00003762578414487586
0.00622195428341328	0.00003762577957860374
0.006272939975679635	0.00003762577493719075
0.0063243434692825855	0.00003762577021940047
0.006376168187887668	0.00003762576542397609
0.00642841758321556	0.000037625760549640125
0.006481095135272026	0.0000376257555950941
0.006534204352579653	0.000037625750559018135
0.006587748772411576	0.000037625745440070666
0.006641731961027025	0.00003762574023688803
0.006696157513908897	0.00003762573494808415
0.00675102905600321	0.000037625729572250107
0.006806350241960524	0.00003762572410795384
0.0068621247563793635	0.00003762571855373971
0.0069183563140516454	0.00003762571290812811
0.006975048660210083	0.00003762570716961513
0.007032205570777615	0.00003762570133667205
0.007089830852618916	0.00003762569540774507
0.007147928343793955	0.00003762568938125477
0.0072065019138136165	0.000037625683255595764
0.0072655554638974005	0.00003762567702913626
0.007325092927233308	0.00003762567070021759
0.007385118269239751	0.00003762566426715383
0.0074456354878297175	0.0000376256577282313
0.007506648613676994	0.000037625651081708105
0.007568161710484681	0.000037625644325813725
0.007630178875255789	0.000037625637458748486
0.007692704238566177	0.000037625630478683116
0.007755741964839603	0.00003762562338375824
0.007819296252625152	0.00003762561617208389
0.00788337133487681	0.00003762560884173899
0.007947971479235457	0.00003762560139077089
0.008013100988313072	0.00003762559381719477
0.008078764199979301	0.000037625586118993204
0.008144965487650379	0.00003762557829411552
0.008211709260580444	0.00003762557034047736
0.008278999964155183	0.00003762556225596002
0.0083468420801879	0.000037625554038409985
0.008415240127218039	0.00003762554568563826
0.00848419866081215	0.00003762553719541989
0.008553722273867291	0.00003762552856549327
0.008623815596916905	0.0000376255197935596
0.008694483298439295	0.00003762551087728228
0.00876573008516849	0.00003762550181428624
0.008837560702407798	0.00003762549260215733
0.008909979934345799	0.00003762548323844171
0.008982992604375054	0.000037625473720645156
0.00905660357541329	0.000037625464046232396
0.009130817750227354	0.000037625454212626474
0.009205640071759726	0.000037625444217208
0.009281075523457725	0.00003762543405731455
0.009357129129605433	0.000037625423730239826
0.009433805955658363	0.000037625413233233066
0.009511111108580805	0.000037625402563498215
0.009589049737185964	0.00003762539171819325
0.009667627032478894	0.00003762538069442934
0.009746848228002274	0.00003762536948927021
0.009826718600184949	0.0000376253580997312
0.009907243468693334	0.0000376253465227786
0.0099884281967858	0.00003762533475532877
0.010070278191669804	0.000037625322794247325
0.010152798904862086	0.00003762531063634836
0.010235995832551739	0.000037625298278393534
0.010319874515966273	0.000037625285717091215
0.010404440541740698	0.000037625272949095644
0.010489699542289599	0.000037625259971006026
0.010575657196182272	0.0000376252467793656
0.010662319228520957	0.00003762523337066076
0.01074969141132214	0.00003762521974132009
0.010837779563900989	0.00003762520588771341
0.010926589553258944	0.000037625191806150837
0.011016127294474489	0.000037625177492881815
0.011106398751097105	0.000037625162944094036
0.011197409935544477	0.000037625148155912526
0.011289166909502936	0.00003762513312439852
0.011381675784331191	0.000037625117845548525
0.011474942721467374	0.000037625102315293146
0.011568973932839408	0.00003762508652949605
0.011663775681278745	0.00003762507048395289
0.011759354280937502	0.00003762505417439014
0.011855716097709	0.00003762503759646397
0.011952867549651752	0.00003762502074575913
0.012050815107416946	0.000037625003617787696
0.012149565294679391	0.00003762498620798798
0.012249124688572054	0.000037624968511723224
0.01234949992012408	0.0000376249505242804
0.012450697674702464	0.00003762493224086896
0.01255272469245733	0.00003762491365661958
0.012655587768770836	0.00003762489476658283
0.012759293754709774	0.00003762487556572786
0.01286384955748188	0.0000376248560489411
0.012969262140895886	0.000037624836211024826
0.01307553852582532	0.000037624816046695886
0.01318268579067614	0.000037624795550584174
0.013290711071858167	0.0000376247747172313
0.013399621564260406	0.00003762475354108909
0.013509424521730255	0.00003762473201651809
0.013620127257556626	0.00003762471013778615
0.01373173714495705	0.00003762468789906678
0.013844261617568757	0.00003762466529443771
0.013957708169943779	0.00003762464231787925
0.014072084358048123	0.000037624618963272696
0.014187397799765017	0.00003762459522439875
0.014303656175402314	0.000037624571094935805
0.01442086722820399	0.00003762454656845829
0.014539038764865907	0.00003762452163843497
0.014658178656055749	0.000037624496298227197
0.014778294836937248	0.00003762447054108714
0.014899395307698689	0.000037624444360156016
0.015021488134085758	0.00003762441774846222
0.015144581447938751	0.00003762439069891953
0.01526868344773418	0.000037624363204325195
0.015393802399130824	0.00003762433525735797
0.015519946635520256	0.00003762430685057629
0.015647124558581877	0.00003762427797641617
0.015775344638842496	0.00003762424862718925
0.0159046154162405	0.00003762421879508075
0.01603494550069465	0.0000376241884721474
0.016166343572677537	0.0000376241576503153
0.016298818383793715	0.000037624126321377794
0.01643237875736261	0.00003762409447699329
0.01656703358900619	0.00003762406210868304
0.016702791847241407	0.000037624029207828875
0.01683966257407761	0.00003762399576567093
0.01697765488561869	0.00003762396177330531
0.01711677797267031	0.00003762392722168174
0.01725704110135201	0.00003762389210160111
0.01739845361371439	0.000037623856403713105
0.017541024928361307	0.000037623820118513637
0.017684764541077206	0.00003762378323634241
0.01782968202545956	0.00003762374574738028
0.01797578703355652	0.00003762370764164669
0.018123089296509763	0.00003762366890899697
0.01827159862520264	0.000037623629539119716
0.018421324910913604	0.000037623589521533995
0.018572278125975013	0.000037623548845586555
0.018724468324437322	0.00003762350750044905
0.01887790564273872	0.00003762346547511511
0.01903260030038026	0.00003762342275839745
0.019188562600606505	0.00003762337933892488
0.01934580293109178	0.000037623335205139296
0.01950433176463201	0.000037623290345292604
0.019664159659842254	0.00003762324474744361
0.019825297261859984	0.00003762319839945484
0.01998775530305402	0.00003762315128898935
0.0201515446037394	0.00003762310340350737
0.02031667607289804	0.00003762305473026308
0.020483160708905313	0.00003762300525630116
0.020651009600262577	0.00003762295496845335
0.020820233926335713	0.00003762290385333498
0.020990844958099723	0.00003762285189734141
0.0211628540588894	0.000037622799086644456
0.021336272685156185	0.000037622745407188624
0.0215111123872312	0.00003762269084468749
0.021687384810094558	0.000037622635384619816
0.02186510169415094	0.000037622579012225786
0.02204427487601156	0.00003762252171250302
0.022224916289282543	0.00003762246347020263
0.022407037965359724	0.000037622404269825176
0.022590652034229993	0.00003762234409561652
0.022775770725279205	0.00003762228293156371
0.02296240636810668	0.000037622220761390654
0.023150571393346465	0.00003762215756855388
0.023340278333495158	0.00003762209333623811
0.023531539823746703	0.000037622028047351815
0.023724368602833903	0.000037621961684522656
0.02391877751387689	0.00003762189423009291
0.024114779505238496	0.000037621825666114815
0.024312387631386694	0.00003762175597434572
0.024511615053764046	0.00003762168513624336
0.024712475041664333	0.000037621613132960864
0.024914980973116306	0.00003762153994534181
0.025119146335774754	0.0000376214655539151
0.02532498472781879	0.00003762138993888987
0.02553250985885757	0.00003762131308015017
0.0257417355508434	0.00003762123495724969
0.025952675738992313	0.00003762115554940635
0.026165344472712227	0.00003762107483549675
0.02637975591653868	0.00003762099279405061
0.026595924351078236	0.00003762090940324509
0.026813864173959638	0.00003762082464089897
0.027033589900792722	0.00003762073848446685
0.027255116166135268	0.00003762065091103313
0.027478457724467636	0.00003762056189730594
0.02770362945117552	0.00003762047141961102
0.0279306463435407	0.000037620379453885396
0.028159523521739907	0.0000376202859756711
0.028390276229851887	0.0000376201909601086
0.02862291983687272	0.000037620094381930306
0.02885746983773944	0.000037619996215453826
0.02909394185436207	0.00003761989643457524
0.029332351636664086	0.00003761979501276213
0.029572715063631436	0.000037619691923046616
0.02981504814437013	0.00003761958713801821
0.030059367019172504	0.00003761948062981655
0.030305687960592236	0.00003761937237012408
0.030554027374528142	0.000037619262330158545
0.030804401801316893	0.00003761915048066537
0.03105682791683464	0.000037619036791909966
0.03131132253360771	0.000037618921233669845
0.03156790260193236	0.00003761880377522668
0.03182658521100374	0.000037618684385358136
0.03208738759005415	0.0000376185630323297
0.03235032710950048	0.0000376184396838862
0.03261542128210118	0.00003761831430724344
0.03288268776412271	0.00003761818686907939
0.03315214435651548	0.000037618057335525506
0.03342380900609946	0.00003761792567215774
0.03369769980675952	0.00003761779184398752
0.033973835000650536	0.000037617655815452416
0.034252232979412406	0.00003761751755040688
0.03453291228539498	0.00003761737701211265
0.03481589161289306	0.000037617234163229086
0.03510118980939152	0.00003761708896580332
0.03538882587682059	0.000037616941381260264
0.0356788189728215	0.000037616791370392455
0.035971188412022397	0.00003761663889334971
0.036265953667324824	0.00003761648390962865
0.036563134371200665	0.000037616326378062035
0.03686275031699972	0.00003761616625680791
0.03716482146026805	0.000037616003503338584
0.03746936792007707	0.00003761583807442951
0.03777640998036359	0.00003761566992614781
0.03808596809128076	0.00003761549901384082
0.03839806287056013	0.00003761532529212427
0.03871271510488487	0.00003761514871487039
0.0390299457512743	0.00003761496923519579
0.0393497759384796	0.00003761478680544912
0.039672226968391164	0.00003761460137719855
0.03999732031745731	0.00003761441290121909
0.040325077638114756	0.0000376142213274796
0.04065552076023069	0.000037614026605129696
0.04098867169255678	0.000037613828682486395
0.041324552624194995	0.000037613627507020555
0.04166318592607552	0.00003761342302534307
0.04200459415244671	0.000037613215183190914
0.042348800042377295	0.00003761300392541285
0.04269582652127091	0.000037612789195955065
0.043045696702392985	0.00003761257093784635
0.0433984338884102	0.0000376123490931833
0.04375406157294249	0.000037612123603115066
0.04411260344212788	0.00003761189440782798
0.044474083376200006	0.000037611661446529896
0.04483852545107863	0.000037611424657434254
0.04520595393997321	0.00003761118397774395
0.0455763933149996	0.0000376109393436349
0.04594986824880996	0.0000376106906902393
0.04632640361623603	0.0000376104379516288
0.04670602449594596	0.000037610181060797114
0.04708875617211453	0.00003760991994964263
0.0474746241361073	0.00003760965454895063
0.04786365408817832	0.00003760938478837511
0.04825587193918192	0.00003760911059642056
0.04865130381229847	0.000037608831900423206
0.04904997604477426	0.00003760854862653214
0.04945191518967568	0.00003760826069969001
0.049857148017657726	0.0000376079680436135
0.05026570151874706	0.00003760767058077341
0.05067760290413963	0.00003760736823237456
0.05109287960801304	0.00003760706091833516
0.05151155928935373	0.000037606748557266064
0.05193366983379929	0.00003760643106644954
0.05235923935549559	0.00003760610836181785
0.052788296198969395	0.00003760578035793127
0.053220868941016165	0.00003760544696795604
0.05365698639260341	0.00003760510810364169
0.05409667760078959	0.00003760476367529822
0.05453997185065876	0.0000376044135917728
0.05498689866727107	0.000037604057760426116
0.05543748781762925	0.00003760369608710837
0.05589176931266118	0.0000376033284761349
0.05634977340921877	0.000037602954830261376
0.05681153061209314	0.00003760257505065866
0.057277071676046384	0.00003760218903688717
0.05774642760785993	0.00003760179668687099
0.058219629668399726	0.00003760139789687144
0.058696709374698314	0.00003760099256146026
0.059177698502053996	0.00003760058057349243
0.05966262908614719	0.0000376001618240785
0.060151533425174104	0.00003759973620255648
0.060644444081997914	0.00003759930359646334
0.06114139388631768	0.000037598863891506035
0.06164241593685476	0.00003759841697153204
0.06214754360355739	0.00003759796271849951
0.06265681052982328	0.00003759750101244684
0.06317025063474031	0.00003759703173146192
0.06368789811534577	0.00003759655475165072
0.06420978744890392	0.00003759606994710556
0.06473595339520236	0.000037595577189872755
0.06526643099886711	0.00003759507634991979
0.06580125559169679	0.000037594567295102054
0.06634046279501578	0.00003759404989112895
0.06688408852204676	0.00003759352400152952
0.06743216898030269	0.00003759298948761759
0.06798474067399832	0.00003759244620845624
0.06854184040648152	0.00003759189402082192
0.06910350528268457	0.00003759133277916777
0.06966977271159541	0.00003759076233558661
0.07024068040874928	0.00003759018253977313
0.07081626639874065	0.00003758959323898574
0.07139656901775596	0.000037588994278007596
0.07198162691612672	0.00003758838549910718
0.07257147906090393	0.00003758776674199819
0.07316616473845337	0.0000375871378437989
0.07376572355707227	0.00003758649863899079
0.07437019544962731	0.000037585848959376614
0.07497962067621433	0.00003758518863403777
0.0755940398268398	0.00003758451748929112
0.07621349382412429	0.000037583835348645036
0.07683802392602801	0.00003758314203275479
0.0774676717285988	0.00003758243735937735
0.07810247916874258	0.00003758172114332539
0.07874248852701646	0.00003758099319642067
0.07938774243044482	0.00003758025332744665
0.08003828385535845	0.00003757950134210042
0.08069415613025688	0.000037578737042943914
0.08135540293869425	0.00003757796022935435
0.08202206832218882	0.00003757717069747395
0.08269419668315627	0.00003757636824015885
0.08337183278786699	0.00003757555264692736
0.08405502176942795	0.00003757472370390731
0.08474380913078841	0.000037573881193782664
0.08543824074777076	0.00003757302489573935
0.08613836287212598	0.00003757215458541029
0.08684422213461422	0.000037571270034819514
0.08755586554811053	0.00003757037101232559
0.08827334051073613	0.000037569457282564095
0.08899669480901527	0.00003756852860638925
0.08972597662105805	0.00003756758474081473
0.0904612345197692	0.00003756662543895362
0.09120251747608323	0.00003756565044995735
0.09194987486222611	0.000037564659518953937
0.09270335645500362	0.000037563652386985084
0.09346301243911669	0.00003756262879094259
0.09422889341050385	0.000037561588463503656
0.09500105037971117	0.00003756053113306528
0.09577953477528969	0.00003755945652367781
0.09656439844722083	0.00003755836435497737
0.09735569367036968	0.000037557254342117374
0.09815347314796677	0.00003755612619569912
0.09895779001511845	0.000037554979621701236
0.09976869784234559	0.00003755381432140824
0.10058625063915173	0.000037552629991338
0.10141050285762046	0.00003755142632316817
0.10224150939604168	0.00003755020300366159
0.10307932560256879	0.00003754895971459061
0.10392400727890412	0.00003754769613266033
0.10477561068401657	0.00003754641192943077
0.10563419253788767	0.00003754510677123791
0.1064998100252901	0.000037543780319113676
0.10737252079959621	0.00003754243222870473
0.10825238298661749	0.00003754106215019015
0.1091394551884768	0.000037539669728197976
0.1100337964875106	0.00003753825460172057
0.11093546645020493	0.00003753681640402885
0.11184452513116187	0.00003753535476258524
0.11276103307710034	0.00003753386929895551
0.11368505133088776	0.00003753235962871935
0.11461664143560671	0.0000375308253613798
0.115555865438653	0.00003752926610027135
0.11650278589586913	0.00003752768144246676
0.1174574658757099	0.000037526070978682824
0.11841996896344388	0.0000375244342931846
0.1193903592653875	0.00003752277096368855
0.12036870141317572	0.00003752108056126429
0.12135506056806582	0.00003751936265023504
0.12234950242527826	0.000037517616788076776
0.12335209321837134	0.00003751584252531604
0.12436289972365344	0.00003751403940542641
0.12538198926463018	0.00003751220696472361
0.12640942971648805	0.00003751034473225921
0.12744528951061607	0.00003750845222971309
0.1284896376391625	0.000037506528971284306
0.12954254365963105	0.000037504574463580755
0.1306040776995126	0.000037502588205507265
0.13167431046095707	0.00003750056968815243
0.13275331322548128	0.00003749851839467385
0.1338411578587177	0.00003749643380018206
0.13493791681519993	0.00003749431537162292
0.13604366314318944	0.0000374921625676586
0.13715847048953989	0.0000374899748385471
0.13828241310460315	0.00003748775162602022
0.1394155658471739	0.000037485492363160155
0.14055800418947628	0.00003748319647427449
0.14170980422218973	0.00003748086337476978
0.1428710426595179	0.000037478492471023545
0.14404179684429705	0.0000374760831602548
0.1452221447531485	0.00003747363483039308
0.14641216500167104	0.00003747114685994585
0.14761193684967794	0.000037468618617864475
0.14882154020647562	0.000037466049463408626
0.15004105563618544	0.00003746343874600905
0.15127056436311054	0.000037460785805128985
0.15251014827714462	0.00003745808997012379
0.15375988993922723	0.00003745535056009922
0.15501987258684136	0.00003745256688376805
0.15629018013955878	0.00003744973823930513
0.157570897204628	0.00003744686391420089
0.15886210908261073	0.00003744394318511338
0.16016390177306197	0.00003744097531771857
0.1614763619802592	0.00003743795956655924
0.16279957711897583	0.00003743489517489229
0.16413363532030473	0.00003743178137453442
0.16547862543752678	0.000037428617385706355
0.16683463705203014	0.00003742540241687547
0.16820176047927535	0.000037422135664596895
0.16958008677481204	0.00003741881631335306
0.1709697077403422	0.00003741544353539179
0.1723707159298358	0.00003741201649056279
0.1737832046556946	0.000037408534326152665
0.1752072679949666	0.0000374049961767185
0.17664300079561326	0.00003740140116391984
0.17809049868282514	0.00003739774839634932
0.1795498580653925	0.00003739403696936175
0.18102117614212496	0.00003739026596490182
0.1825045509083267	0.00003738643445133036
0.18400008116232203	0.000037382541483249185
0.18550786651203696	0.00003737858610132461
0.18702800738163222	0.00003737456733210954
0.1885606050181932	0.00003737048418786428
0.19010576149847197	0.00003736633566637598
0.19166357973568748	0.00003736212075077689
0.1932341634863784	0.000037357838409361205
0.19481761735731531	0.00003735348759540087
0.19641404681246624	0.00003734906724696005
0.19802355818002268	0.00003734457628670854
0.19964625865947966	0.00003734001362173395
0.20128225632877725	0.00003733537814335294
0.2029316601514982	0.000037330668726921314
0.20459457998412475	0.000037325884231643125
0.20627112658335697	0.000037321023500378934
0.20796141161348788	0.00003731608535945297
0.20966554765384232	0.00003731106861845966
0.2113836482062736	0.000037305972070069156
0.21311582770272472	0.00003730079448983229
0.21486220151284835	0.000037295534635984695
0.21662288595169255	0.000037290191249250395
0.2183979982874461	0.000037284763052644824
0.22018765674925067	0.000037279248751277274
0.22199198053507369	0.000037273647032153036
0.22381108981964898	0.00003726795656397507
0.22564510576247923	0.000037262175996945475
0.22749415051590738	0.000037256303962566756
0.2293583472332506	0.00003725033907344293
0.23123782007700466	0.00003724427992308066
0.23313269422711172	0.00003723812508569039
0.23504309588929964	0.000037231873115987736
0.23696915230348592	0.00003722552254899498
0.23891099175225397	0.00003721907189984309
0.24086874356939653	0.00003721251966357407
0.24284253814852907	0.0000372058643149439
0.2448325069517761	0.00003719910430822627
0.24683878251852523	0.00003719223807701692
0.24886149847425665	0.00003718526403403911
0.2509007895394411	0.00003717818057094999
0.25295679153851497	0.000037170986058148224
0.25502964140892426	0.00003716367884458293
0.2571194772102477	0.000037156257257564035
0.25922643813338947	0.0000371487196025743
0.2613506645098523	0.00003714106416308307
0.26349229782108186	0.00003713328920036193
0.26565148070789196	0.00003712539295330244
0.26782835697996293	0.000037117373638236145
0.270023071625422	0.000037109229448756985
0.272235770820498	0.000037100958555546285
0.27446660193925926	0.00003709255910620051
0.2767157135634271	0.000037084029225062094
0.278983255492274	0.00003707536701305329
0.2812693787525999	0.00003706657054751347
0.28357423560879014	0.00003705763788204005
0.2858979795729591	0.0000370485670463331
0.28824076541517224	0.000037039356046044057
0.2906027491737566	0.00003703000286262861
0.2929840881656915	0.00003702050545320418
0.2953849409970884	0.000037010861750411975
0.2978054675737526	0.00003700106966228413
0.3002458291118358	0.000036991127072116046
0.30270618814857125	0.00003698103183834418
0.3051867085531021	0.00003697078179442966
0.3076875555373928	0.00003696037474874788
0.31020889566723553	0.000036949808484484453
0.3127508968733417	0.00003693908075953782
0.31531372846252903	0.00003692818930642868
0.31789756112899575	0.00003691713183221676
0.32050256696569185	0.00003690590601842505
0.32312891947577865	0.000036894509520971966
0.325776793584187	0.000036882939970111645
0.3284463656492667	0.000036871194970382876
0.3311378134745323	0.000036859272100566865
0.333851316320507	0.000036847168913654265
0.33658705491666	0.000036834882936821814
0.33934521147344615	0.000036822411671418994
0.3421259696944392	0.000036809752592965025
0.34492951478857	0.000036796903151156656
0.3477560334824591	0.00003678386076988711
0.3506057140328566	0.00003677062284727657
0.3534787462391776	0.000036757186755714755
0.3563753214561464	0.00003674354984191576
0.35929563260653896	0.00003672970942698588
0.3622398741940347	0.000036715662806504624
0.36520824231616855	0.00003670140725061957
0.3682009346773947	0.00003668694000415532
0.3712181506022512	0.00003667225828673719
0.3742600910486393	0.00003665735929293
0.3773269586212042	0.000036642240192392566
0.3804189575848332	0.00003662689813004819
0.38353629387825666	0.00003661133022627189
0.38667917512776745	0.0000365955335770947
0.38984781066104834	0.00003657950525442562
0.3930424115211129	0.000036563242306291726
0.39626319048036435	0.00003654674175709699
0.399510362054764	0.00003653000060790039
0.40278414251812195	0.00003651301583671369
0.40608474991649846	0.00003649578439881967
0.40941240408273005	0.00003647830322711116
0.41276732665106775	0.000036460569232451594
0.416149741071942	0.000036442579304057626
0.4195598726268424	0.0000364243303099042
0.42299794844332506	0.000036405819097153054
0.4264641975101371	0.00003638704249260475
0.42995885069247164	0.000036367997303175284
0.43348214074734065	0.00003634868031639757
0.437034302339081	0.000036329088300948446
0.44061557205498053	0.000036309218007202
0.444226188421039	0.000036289066167809524
0.4478663919178515	0.00003626862949830701
0.4515364249966283	0.00003624790469775047
0.4552365320953419	0.00003622688844938009
0.45896695965500567	0.00003620557742131341
0.46272795613609163	0.00003618396826726849
0.4665197720350746	0.0000361620576273175
0.4703426599011202	0.00003613984212867134
0.47419687435290164	0.000036117318386496014
0.47808267209556227	0.00003609448300476125
0.4820003119378091	0.00003607133257712205
0.48595005480915454	0.00003604786368783367
0.48993216377729104	0.00003602407291270086
0.49394690406561653	0.000035999956820061596
0.4979945430708954	0.00003597551197180622
0.502075350381072	0.000035950734924432386
0.506189597793222	0.000035925622230136474
0.5103375593316597	0.00003590017043794188
0.5145195112661843	0.000035874376094864964
0.5187357321304852	0.00003584823574711898
0.5229865027406889	0.000035821745941356645
0.5272721062140663	0.00003579490322595181
0.5315928279878875	0.000035767704152320706
0.5359489558384316	0.00003574014527628338
0.5403407799001576	0.000035712223159465536
0.5447685926850235	0.00003568393437074153
0.5492326891019739	0.000035655275487718714
0.553733366476577	0.00003562624309826365
0.5582709245708323	0.000035596833802070556
0.5628456656031312	0.00003556704421227237
0.5674578942683908	0.00003553687095709475
0.5721079177583427	0.00003550631068155327
0.5767960457819982	0.000035475360049194264
0.5815225905862706	0.00003544401574387944
0.586287866976778	0.000035412274471614496
0.5910921923388047	0.000035380132962422075
0.5959358866584452	0.000035347587972259014
0.6008192725439122	0.00003531463628497831
0.6057426752470281	0.00003528127471433558
0.6107064226848825	0.00003524750010604045
0.6157108454616788	0.00003521330933985254
0.6207562768907476	0.00003517869933172228
0.6258430530167519	0.00003514366703597648
0.6309715126380663	0.000035108209447548514
0.6361419973293406	0.00003507232360425306
0.641354851464255	0.000035036006589104995
0.6466104222384503	0.00003499925553268281
0.6519090596926591	0.000034962067615535514
0.6572511167360132	0.00003492444007063334
0.662636949169555	0.00003488637018586171
0.668066915709929	0.00003484785530655789
0.6735413780132802	0.0000348088928380902
0.6790607006993349	0.00003476948024847911
0.6846252513756923	0.00003472961507105962
0.6902354006623027	0.00003468929490718456
0.6958915222161575	0.000034648517428968
0.701593992756171	0.00003460728038206802
0.7073431920882763	0.00003456558158850839
0.7131395031307172	0.00003452341894953797
0.7189833119395562	0.000034480790448527415
0.7248750077343831	0.00003443769415390185
0.7308149829242423	0.00003439412822210899
0.7368036331337673	0.00003435009090062138
0.742841357229528	0.00003430558053097192
0.7489285573466028	0.000034260595551821414
0.755065638915355	0.000034215134502057255
0.7612530106884434	0.00003416919602392168
0.7674910847680397	0.00003412277886616877
0.7737802766332824	0.00003407588188724851
0.7801210051679435	0.00003402850405851703
0.7865136926883335	0.000033980644467471166
0.7929587649714231	0.00003393230232100633
0.799456651283208	0.00003388347694869611
0.8060077844072931	0.00003383416780609197
0.8126126006737241	0.00003378437447804182
0.8192715399880418	0.00003373409668202572
0.8259850458605889	0.0000336833342715071
0.8327535654360415	0.000033632087239298094
0.8395775495231989	0.00003358035572093728
0.8464574526250009	0.00003352813999807803
0.8533937329688074	0.000033475440501886195
0.8603868525369103	0.000033422257816445025
0.8674372770973098	0.00003336859268216606
0.8745454762347337	0.00003331444599920403
0.8817119233819105	0.00003325981883087442
0.8889370958511087	0.00003320471240707161
0.8962214748659194	0.00003314912812768656
0.9035655455933157	0.000033093067566021805
0.9109697971759589	0.000033036532472202744
0.9184347227647851	0.00003297952477658326
0.9259608195518426	0.00003292204659314448
0.9335485888034151	0.000032864100222884946
0.9411985358933999	0.00003280568815720116
0.9489111703369754	0.000032746813081256764
0.9566870058245293	0.00003268747787733951
0.9645265602558795	0.00003262768562820443
0.9724303557747609	0.000032567439620402576
0.9803989188036097	0.000032506743347593925
0.9884327800786176	0.000032445600513843864
0.9965324746850878	0.0000323840150369024
1.004698542093067	0.00003232199105146533
1.012931526193282	0.0000322595329124172
1.0212319753333632	0.00003219664519805534
1.0296004423543614	0.00003213333271329509
1.0380374846275788	0.00003206960049285607
1.0465436640916816	0.00003200545380442962
1.0551195472901373	0.00003194089815182788
1.0637657054089387	0.000031875939278115195
1.0724827143146567	0.00003181058316872231
1.0812711545927856	0.000031744836054544714
1.090131611586422	0.0000316787044150263
1.0990646754352411	0.00003161219498123
1.108070941114812	0.000031545314738896936
1.1171510084762153	0.00003147807093149667
1.1263054822860052	0.000031410471063270645
1.1355349722664803	0.00003134252290227176
1.1448400931363019	0.000031274234483403146
1.1542214646514273	0.00003120561411145977
1.1636797116463982	0.00003113667036417648
1.1732154640759467	0.00003106741209528713
1.182829357056961	0.00003099784843759921
1.1925220309107833	0.000030927988806089306
1.202294131205854	0.000030857842901025026
1.2121463088007172	0.000030787420711119386
1.2220792198873607	0.00003071673251672459
1.2320935260349308	0.00003064578889307207
1.242189894233785	0.00003057460071356696
1.2523689969399265	0.000030503179153144945
1.262631512119782	0.000030431535691701065
1.2729781232953672	0.0000303596821175996
1.2834095195898008	0.000030287630531275988
1.2939263957732143	0.000030215393348941487
1.3045294523090152	0.000030142983306402903
1.315219395400551	0.000030070413463009847
1.3259969370381344	0.00002999769720574346
1.3368627950464753	0.00002992484825346091
1.3478176931324797	0.00002985188066131149
1.3588623609334627	0.000029778808825340588
1.369997534065733	0.000029705647487299607
1.3812239541736004	0.000029632411739680267
1.3925423689787593	0.000029559117030993697
1.4039535323301002	0.000029485779171315487
1.4154582042539152	0.00002941241433811957
1.427057151004514	0.00002933903908242521
1.4387511451152684	0.000029265670335282794
1.450540965450056	0.000029192325414626094
1.462427397255146	0.000029119022032520167
1.474411232211488	0.000029045778302836304
1.4864932684874528	0.000028972612749386986
1.4986743107919815	0.00002889954431455673
1.5109551704281947	0.000028826592368466296
1.5233366653474147	0.0000287537767187109
1.5358196202036585	0.00002868111762071536
1.5484048664085484	0.000028608635788752325
1.5610932421867012	0.000028536352407672718
1.5738855926315432	0.000028464289145401138
1.5867827697616106	0.00002839246816625225
1.5997856325772837	0.000028320912145128932
1.6128950471180117	0.00002824964428266625
1.6261118865199826	0.0000281786883213911
1.6394370310742878	0.000028108068562971506
1.6528713682855485	0.000028037809886635745
1.6664157929310213	0.000027967937768847213
1.6800712071202053	0.000027898478304327385
1.6938385203549136	0.0000278294582285267
1.7077186495898615	0.00002776090494165069
1.7217125192937273	0.000027692846534357368
1.7358210615107375	0.000027625311815251148
1.7500452159227309	0.000027558330340308845
1.76438592991176	0.000027491932444384422
1.7788441586231751	0.00002742614927495163
1.793420865029255	0.00002736101282825693
1.8081170199933299	0.000027296555988070434
1.8229336023344602	0.000027232812567238426
1.837871598892613	0.00002716981735225981
1.8529320045944064	0.00002710760615112824
1.8681158225193581	0.000027046215844704335
1.883424063966711	0.000026985684441906468
1.8988577485227738	0.00002692605113903631
1.9144179041288425	0.0000268673563835851
1.9301055671496592	0.000026809641942900526
1.945921782442433	0.000026752950978131444
1.961867603426444	0.00002669732812390943
1.97794409215319	0.000026642819574272896
1.994152319377138	0.000026589473175391663
2.0104933646270258	0.00002653733852570843
2.026968316277778	0.000026486467084179206
2.0435782716229793	0.000026436912287368765
2.060324336947976	0.000026388729676239998
2.0772076276035403	0.000026341977033570355
2.0942292680801757	0.000026296714533033985
2.1113903920829933	0.00002625300490110878
2.12869214260724	0.000026210913593103206
2.146135672014407	0.000026170508984752957
2.1637221421090005	0.00002613186258101338
2.1814527242159034	0.00002609504924387515
2.1993285992584086	0.00002606014744126034
2.2173509578368544	0.00002602723951932031
2.235521000307941	0.000025996412000759253
2.2538399368646616	0.000025967755912156946
2.27230898761692	0.000025941367143666622
2.290929382672789	0.00002591734684493082
2.309702362220433	0.00002589580186159914
2.328629176610725	0.000025876845217462003
2.3477110864405066	0.00002586059664794988
2.3669493626365674	0.00002584718319160823
2.3863452865402732	0.000025836739847169167
2.4059001499929287	0.000025829410305031453
2.425615255421799	0.00002582534776336771
2.4454919159268758	0.000025824715840746765
2.4655314553683154	0.00002582768959914551
2.4857352084546314	0.000025834456693598463
2.5061045208315735	0.00002584521866758044
2.526640749171771	0.000025860192416647306
2.547345261265071	0.00002587961184700837
2.5682194361096617	0.000025903729760745718
2.589264664003897	0.000025932820005550578
2.6104823466389147	0.000025967179934400144
2.631873897191976	0.000026007133229913962
2.653440740420604	0.00002605303315968365
2.675184312757475	0.00002610526634328378
2.6971060624060743	0.00002616425712976337
2.7192074494371794	0.00002623047270727262
2.7414899458860784	0.000026304429095550474
2.763955035850638	0.000026386698209245863
2.7866042155901267	0.000026477916228138207
2.8094389936248936	0.000026578793572931403
2.832460890836819	0.000026690126867518763
2.855671440570635	0.00002681281337761697
2.8790721887360275	0.00002694786856162278
2.9026646939106224	0.00002709644756710887
2.92645052744377	0.00002725987177691671
2.950431273561228	0.000027439661883971015
2.97460852947065	0.00002763757950132305
2.998983905467991	0.00002785568006636221
3.023559025044737	0.000028096380889159107
3.0483355249960553	0.000028362549805222085
3.073315055529791	0.000028657622316664143
3.0984992803763967	0.00002898575883364007
3.123889876899734	0.000029352059501691995
3.149488536208783	0.000029762863609472316
3.1752969632702985	0.00003022617644256878
3.2013168770223426	0.00003075229387872982
3.227550010488796	0.00003135474436297395
3.2539981108947607	0.00003205176090214225
3.280662939782955	0.00003286868092237877
3.3075462731310155	0.000033842065836535834
3.334649901469808	0.000035027241074882355
3.3619756300026573	0.00003651327928527381
3.3895252787256096	0.00003845622822348539
3.4173006825486207	0.000041165182220969375
3.445303691417797	0.00004538616601784357
3.4735361704385816	0.00005377684425756161
3.474	1 			#JOSU
3.475	10 			#JOSU
3.476	100 		#JOSU