0.001	2.83128838901683e-6
0.0010047905617180971	2.831288771981544e-6
0.001009604072917768	2.831289158624669e-6
0.0010144406435399227	2.8312895489815406e-6
0.001019300384052147	2.8312899430878326e-6
0.0010241834054512276	2.8312903409795627e-6
0.0010290898192656926	2.831290742693096e-6
0.0010340197375583503	2.8312911482651437e-6
0.001038973272928853	2.831291557732772e-6
0.001043950538516272	2.831291971133403e-6
0.001048951648001675	2.8312923885048187e-6
0.0010539767156107266	2.8312928098851625e-6
0.0010590258561162958	2.8312932353129465e-6
0.0010640991848410817	2.831293664827051e-6
0.0010691968176602396	2.83129409846673e-6
0.001074318871004033	2.8312945362716168e-6
0.001079465461860494	2.8312949782817224e-6
0.0010846367077780908	2.831295424537445e-6
0.0010898327268684144	2.8312958750795697e-6
0.0010950536378088796	2.8312963299492737e-6
0.0011002995598454297	2.8312967891881286e-6
0.001105570612795263	2.8312972528381083e-6
0.0011108669170495733	2.8312977209415878e-6
0.0011161885935762914	2.8312981935413494e-6
0.0011215357639228535	2.831298670680588e-6
0.0011269085502189791	2.831299152402911e-6
0.0011323070751794544	2.831299638752348e-6
0.0011377314621069383	2.8313001297733485e-6
0.0011431818348947825	2.831300625510792e-6
0.0011486583180298534	2.8313011260099873e-6
0.001154161036595381	2.831301631316679e-6
0.001159690116273813	2.831302141477052e-6
0.0011652456833496896	2.8313026565377344e-6
0.0011708278647125227	2.831303176545802e-6
0.0011764367878596945	2.8313037015487843e-6
0.0011820725808993763	2.831304231594666e-6
0.001187735372553445	2.8313047667318945e-6
0.0011934252921604281	2.8313053070093807e-6
0.0011991424696784607	2.8313058524765072e-6
0.0012048870356882466	2.8313064031831306e-6
0.0012106591213960451	2.831306959179587e-6
0.00121645885863667	2.8313075205166965e-6
0.0012222863798764948	2.831308087245765e-6
0.0012281418182164814	2.831308659418595e-6
0.0012340253073952233	2.8313092370874852e-6
0.001239936981791994	2.831309820305236e-6
0.0012458769764298195	2.8313104091251574e-6
0.0012518454269785614	2.83131100360107e-6
0.0012578424697580197	2.8313116037873114e-6
0.0012638682417410393	2.8313122097387436e-6
0.0012699228805566412	2.831312821510753e-6
0.0012760065244931714	2.831313439159261e-6
0.0012821193125014505	2.831314062740724e-6
0.0012882613841979516	2.831314692312143e-6
0.001294432879867993	2.831315327931065e-6
0.0013006339404689348	2.8313159696555913e-6
0.0013068647076334018	2.831316617544382e-6
0.0013131253236725224	2.83131727165666e-6
0.0013194159315791719	2.831317932052217e-6
0.001325736675031241	2.83131859879142e-6
0.0013320876983949229	2.831319271935218e-6
0.0013384691467280018	2.8313199515451415e-6
0.0013448811657831696	2.831320637683317e-6
0.0013513239020113601	2.8313213304124644e-6
0.0013577975025650855	2.8313220297959087e-6
0.0013643021153018002	2.8313227358975825e-6
0.0013708378887872838	2.831323448782035e-6
0.0013774049722990252	2.8313241685144314e-6
0.0013840035158296374	2.831324895160568e-6
0.0013906336700902813	2.8313256287868704e-6
0.0013972955865141125	2.831326369460404e-6
0.001403989417259733	2.831327117248879e-6
0.0014107153152146696	2.8313278722206557e-6
0.00141747343399887	2.8313286344447505e-6
0.0014242639279682047	2.8313294039908464e-6
0.0014310869522179944	2.8313301809292935e-6
0.001437942662586558	2.8313309653311186e-6
0.0014448312156587638	2.8313317572680315e-6
0.001451752768769609	2.831332556812432e-6
0.0014587074800078178	2.8313333640374137e-6
0.0014656955082194452	2.8313341790167754e-6
0.0014727170130115067	2.8313350018250238e-6
0.0014797721547556298	2.831335832537383e-6
0.001486861094591708	2.831336671229798e-6
0.0014939839944315871	2.8313375179789464e-6
0.0015011410169627592	2.8313383728622416e-6
0.0015083323256520863	2.8313392359578406e-6
0.0015155580847495236	2.831340107344653e-6
0.0015228184592918756	2.831340987102346e-6
0.0015301136151065708	2.8313418753113543e-6
0.0015374437188154396	2.8313427720528833e-6
0.001544808937838524	2.8313436774089207e-6
0.0015522094403979073	2.8313445914622436e-6
0.0015596453955215464	2.8313455142964213e-6
0.0015671169730471367	2.8313464459958292e-6
0.0015746243436259965	2.8313473866456547e-6
0.001582167678726955	2.831348336331901e-6
0.0015897471506402731	2.8313492951414012e-6
0.0015973629324815843	2.8313502631618216e-6
0.001605015198195838	2.8313512404816715e-6
0.0016127041225612773	2.8313522271903115e-6
0.0016204298811934366	2.831353223377961e-6
0.0016281926505491426	2.831354229135708e-6
0.0016359926079305485	2.8313552445555142e-6
0.0016438299314891905	2.8313562697302273e-6
0.0016517048002300447	2.831357304753587e-6
0.001659617394015624	2.8313583497202335e-6
0.0016675678935700814	2.831359404725719e-6
0.0016755564804833462	2.831360469866513e-6
0.0016835833372152592	2.8313615452400126e-6
0.0016916486470997469	2.8313626309445517e-6
0.0016997525943490137	2.8313637270794097e-6
0.0017078953640577382	2.8313648337448206e-6
0.001716077142207307	2.8313659510419827e-6
0.0017242981156700666	2.831367079073066e-6
0.0017325584722135826	2.8313682179412246e-6
0.001740858400504932	2.8313693677506042e-6
0.0017491980901150185	2.8313705286063514e-6
0.0017575777315228921	2.831371700614623e-6
0.0017659975161201037	2.8313728838825995e-6
0.0017744576362150833	2.83137407851849e-6
0.0017829582850375203	2.8313752846315438e-6
0.001791499656742785	2.831376502332062e-6
0.0018000819464163592	2.831377731731407e-6
0.0018087053500782991	2.8313789729420095e-6
0.0018173700646877016	2.8313802260773855e-6
0.0018260762881472082	2.831381491252139e-6
0.001834824219307531	2.8313827685819776e-6
0.001843614057971983	2.831384058183722e-6
0.0018524460049010472	2.8313853601753163e-6
0.0018613202618169681	2.8313866746758385e-6
0.001870237031408347	2.831388001805513e-6
0.0018791965173347773	2.8313893416857196e-6
0.0018881989242315027	2.831390694439005e-6
0.0018972444577140782	2.8313920601890964e-6
0.0019063333243830732	2.831393439060909e-6
0.0019154657318287954	2.831394831180561e-6
0.0019246418886360213	2.8313962366753826e-6
0.001933862004388765	2.83139765567393e-6
0.0019431262896750722	2.8313990883059955e-6
0.0019524349560918178	2.831400534702619e-6
0.0019617882162495438	2.8314019949961022e-6
0.0019711862837773226	2.8314034693200187e-6
0.0019806293733276243	2.831404957809227e-6
0.0019901177005812263	2.831406460599884e-6
0.001999651482252136	2.8314079778294546e-6
0.0020092309360925493	2.831409509636728e-6
0.0020188562808978105	2.8314110561618265e-6
0.0020285277365114174	2.8314126175462228e-6
0.002038245523830047	2.831414193932748e-6
0.00204800986480859	2.83141578546561e-6
0.002057820982465225	2.8314173922904024e-6
0.00206767910088652	2.83141901455412e-6
0.002077584445232536	2.8314206524051715e-6
0.002087537241741979	2.8314223059933948e-6
0.00209753771773737	2.8314239754700672e-6
0.0021075861016302275	2.8314256609879238e-6
0.0021176826229262905	2.831427362701169e-6
0.0021278275122307583	2.8314290807654884e-6
0.002138021001253565	2.831430815338069e-6
0.002148263322814658	2.8314325665776077e-6
0.0021585547108493234	2.831434334644331e-6
0.002168895400413536	2.831436119700005e-6
0.002179285627689314	2.8314379219079528e-6
0.0021897256299901195	2.8314397414330708e-6
0.0022002156457662865	2.8314415784418394e-6
0.0022107559146104525	2.8314434331023445e-6
0.00222134667726304	2.8314453055842863e-6
0.002231988175617758	2.8314471960590007e-6
0.002242680652727118	2.8314491046994713e-6
0.0022534243528079872	2.831451031680347e-6
0.002264219521247177	2.831452977177957e-6
0.0022750664046070315	2.8314549413703277e-6
0.0022859652506310685	2.8314569244372e-6
0.002296916308249642	2.8314589265600423e-6
0.0023079198275856153	2.8314609479220735e-6
0.002318976059960082	2.8314629887082728e-6
0.0023300852578981104	2.831465049105401e-6
0.0023412476751344994	2.831467129302017e-6
0.0023524635666195798	2.831469229488494e-6
0.0023637331885250456	2.8314713498570386e-6
0.0023750567982497896	2.8314734906017065e-6
0.002386434654425791	2.8314756519184228e-6
0.002397867016924021	2.831477834004998e-6
0.002409354146860385	2.8314800370611467e-6
0.0024208963066016725	2.831482261288507e-6
0.0024324937597715586	2.8314845068906584e-6
0.0024441467712566305	2.8314867740731383e-6
0.002455855607212423	2.831489063043466e-6
0.0024676205350695063	2.8314913740111564e-6
0.0024794418235396004	2.8314937071877436e-6
0.002491319742621698	2.831496062786797e-6
0.002503254563608241	2.831498441023943e-6
0.002515246559091312	2.8315008421168844e-6
0.00252729600296887	2.8315032662854193e-6
0.0025394031704509927	2.831505713751465e-6
0.002551568338066167	2.831508184739073e-6
0.0025637917836676153	2.831510679474454e-6
0.002576073786439625	2.8315131981859954e-6
0.0025884146269039335	2.8315157411042864e-6
0.002600814586926142	2.8315183084621368e-6
0.0026132739497221388	2.831520900494596e-6
0.0026257929998645753	2.8315235174389807e-6
0.002638372023289374	2.8315261595348903e-6
0.0026510113073022422	2.831528827024235e-6
0.002663711140585244	2.8315315201512516e-6
0.0026764718132034006	2.8315342391625326e-6
0.0026892936166112986	2.8315369843070438e-6
0.0027021768436597568	2.831539755836151e-6
0.0027151217886025214	2.8315425540036396e-6
0.0027281287471029717	2.831545379065741e-6
0.002741198016240881	2.8315482312811557e-6
0.002754329894519208	2.831551110911075e-6
0.002767524681870902	2.8315540182192075e-6
0.002780782679665759	2.8315569534718017e-6
0.002794104190717313	2.831559916937673e-6
0.0028074895192897378	2.831562908888226e-6
0.002820938971104803	2.8315659295974798e-6
0.002834452853348866	2.831568979342094e-6
0.00284803147467987	2.8315720584013964e-6
0.002861675145234407	2.831575167057403e-6
0.002875384176634794	2.83157830559485e-6
0.0028891588819962024	2.8315814743012177e-6
0.0029029995759337936	2.831584673466755e-6
0.002916906574569911	2.8315879033845093e-6
0.0029308801955413113	2.831591164350353e-6
0.0029449207580064004	2.83159445666301e-6
0.0029590285826525324	2.831597780624082e-6
0.0029732039917033425	2.8316011365380802e-6
0.0029874473089260903	2.8316045247124496e-6
0.0030017588596390637	2.831607945457598e-6
0.0030161389707190063	2.8316113990869285e-6
0.0030305879706085934	2.831614885916863e-6
0.0030451061893239165	2.831618406266875e-6
0.003059693958462029	2.831621960459517e-6
0.00307435161120853	2.8316255488204527e-6
0.0030890794823451554	2.831629171678485e-6
0.0031038779082574342	2.8316328293655884e-6
0.0031187472269423792	2.8316365222169364e-6
0.003133687778016191	2.8316402505709364e-6
0.003148699902722021	2.831644014769257e-6
0.0031637839439377768	2.831647815156865e-6
0.0031789402461839355	2.8316516520820515e-6
0.003194169155631419	2.8316555258964665e-6
0.003209471020109513	2.831659436955154e-6
0.003224846189113792	2.83166338561658e-6
0.0032402950138141085	2.831667372242669e-6
0.003255817847062627	2.831671397198838e-6
0.0032714150434018626	2.8316754608540255e-6
0.003287086959072787	2.8316795635807326e-6
0.003302833952022977	2.831683705755053e-6
0.00331865638191477	2.831687887756707e-6
0.003334554610133486	2.831692109969081e-6
0.003350528999795695	2.831696372779259e-6
0.003366579915757491	2.8317006765780613e-6
0.0033827077246228296	2.8317050217600764e-6
0.003398912794751919	2.831709408723704e-6
0.0034151954962696076	2.8317138378711857e-6
0.003431556201073851	2.8317183096086484e-6
0.003447995282844214	2.8317228243461342e-6
0.0034645131170503865	2.831727382497645e-6
0.0034811100809607736	2.831731984481179e-6
0.0034977865536511025	2.8317366307187685e-6
0.003514542916013098	2.8317413216365205e-6
0.0035313795507631598	2.831746057664654e-6
0.0035482968424511165	2.8317508392375417e-6
0.003565295177469004	2.831755666793751e-6
0.003582374944059903	2.831760540776081e-6
0.0035995365323267864	2.8317654616316097e-6
0.003616780334241439	2.8317704298117294e-6
0.003634106743653423	2.8317754457721916e-6
0.003651516156299047	2.831780509973149e-6
0.0036690089698104226	2.8317856228791993e-6
0.0036865855837245514	2.8317907849594255e-6
0.0037042463994924305	2.8317959966874422e-6
0.0037219918204882342	2.8318012585414385e-6
0.0037398222520185357	2.831806571004222e-6
0.003757738101331543	2.831811934563264e-6
0.003775739777626413	2.8318173497107465e-6
0.0037938276920626065	2.831822816943604e-6
0.0038120022577692583	2.8318283367635744e-6
0.003830263889854623	2.8318339096772433e-6
0.00384861300541557	2.8318395361960894e-6
0.0038670500235470848	2.8318452168365347e-6
0.0038855753653518517	2.8318509521199935e-6
0.0039041894539498874	2.831856742572917e-6
0.003922892714488178	2.8318625887268455e-6
0.003941685574150403	2.831868491118457e-6
0.003960568462166704	2.831874450289616e-6
0.003979541809823461	2.8318804667874264e-6
0.003998606050473165	2.831886541164281e-6
0.0040177616195443125	2.831892673977912e-6
0.0040370089545513415	2.8318988657914455e-6
0.004056348495104626	2.8319051171734505e-6
0.0040757806829205346	2.831911428697996e-6
0.004095305961831493	2.831917800944702e-6
0.004114924777796138	2.831924234498792e-6
0.004134637578909493	2.8319307299511527e-6
0.004154444815413222	2.8319372878983837e-6
0.004174346939705888	2.831943908942857e-6
0.004194344406353295	2.8319505936927696e-6
0.004214437672098885	2.831957342762206e-6
0.004234627195874148	2.831964156771188e-6
0.004254913438809116	2.8319710363457386e-6
0.004275296864242887	2.8319779821179384e-6
0.004295777937734229	2.8319849947259836e-6
0.004316357127072185	2.831992074814248e-6
0.004337034902286768	2.831999223033341e-6
0.004357811735659714	2.83200644004017e-6
0.0043786881017352395	2.8320137264980005e-6
0.0043996644773308955	2.832021083076519e-6
0.004420741341548468	2.832028510451896e-6
0.0044419191757848996	2.8320360093068477e-6
0.004463198463743291	2.832043580330702e-6
0.00448457969144397	2.8320512242194608e-6
0.0045060633472355565	2.832058941675867e-6
0.004527649921806139	2.83206673340947e-6
0.004549339908194489	2.8320746001366918e-6
0.004571133801801296	2.832082542580892e-6
0.004593032100400501	2.832090561472442e-6
0.00461503530415067	2.8320986575487842e-6
0.0046371439156064	2.832106831554509e-6
0.004659358439729807	2.832115084241423e-6
0.004681679383902069	2.832123416368615e-6
0.0047041072579349945	2.8321318287025323e-6
0.004726642574082675	2.832140322017052e-6
0.004749285847053203	2.83214889709355e-6
0.004772037594020397	2.832157554720979e-6
0.004794898334635626	2.832166295695939e-6
0.004817868591039699	2.832175120822755e-6
0.004840948887874757	2.8321840309135513e-6
0.004864139752296269	2.8321930267883264e-6
0.0048874417139850935	2.832202109275033e-6
0.004910855305159541	2.8322112792096526e-6
0.004934381060587552	2.8322205374362783e-6
0.004958019517598901	2.8322298848071912e-6
0.004981771216097488	2.8322393221829395e-6
0.005005636698573643	2.832248850432424e-6
0.005029616510116532	2.832258470432976e-6
0.0050537111984266	2.832268183070441e-6
0.005077921313828101	2.8322779892392627e-6
0.005102247409281635	2.832287889842568e-6
0.005126690040396794	2.8322978857922496e-6
0.005151249765444869	2.8323079780090555e-6
0.005175927145371566	2.832318167422674e-6
0.005200722743809836	2.832328454971819e-6
0.005225637127092769	2.832338841604324e-6
0.005250670864266486	2.832349328277228e-6
0.005275824527103163	2.8323599159568653e-6
0.005301098690114102	2.8323706056189606e-6
0.005326493930562817	2.832381398248717e-6
0.005352010828478242	2.8323922948409123e-6
0.00537764996666799	2.8324032963999904e-6
0.005403411930731636	2.83241440394016e-6
0.005429297309074103	2.832425618485486e-6
0.0054553066929191206	2.8324369410699897e-6
0.005481440676322698	2.8324483727377482e-6
0.005507699856186704	2.8324599145429876e-6
0.005534084832272521	2.832471567550187e-6
0.0055605962072147064	2.8324833328341823e-6
0.00558723458653478	2.8324952114802606e-6
0.0056140005786550614	2.8325072045842688e-6
0.005640894794912541	2.832519313252717e-6
0.005667917849572856	2.8325315386028815e-6
0.005695070359844339	2.8325438817629127e-6
0.005722352945892078	2.8325563438719416e-6
0.005749766230852103	2.832568926080188e-6
0.005777310840845631	2.8325816295490704e-6
0.005804987404993333	2.8325944554513158e-6
0.005832796555429723	2.8326074049710737e-6
0.005860738927317614	2.832620479304023e-6
0.005888815158862583	2.832633679657493e-6
0.00591702589132758	2.8326470072505745e-6
0.005945371769047557	2.832660463314236e-6
0.005973853439444211	2.8326740490914425e-6
0.006002471553040735	2.832687765837273e-6
0.006031226763476698	2.83270161481904e-6
0.0060601197275229664	2.8327155973164123e-6
0.006089151105096723	2.832729714621536e-6
0.006118321559276507	2.8327439680391565e-6
0.006147631756317379	2.832758358886747e-6
0.006177082365666151	2.8327728884946314e-6
0.006206674059976644	2.8327875582061117e-6
0.006236407515125068	2.8328023693775974e-6
0.006266283410225479	2.832817323378737e-6
0.006296302427645252	2.8328324215925453e-6
0.006326465253020684	2.8328476654155398e-6
0.006356772575272677	2.832863056257873e-6
0.006387225086622427	2.832878595543467e-6
0.006417823482607264	2.8328942847101508e-6
0.006448568462096546	2.832910125209799e-6
0.006479460727307594	2.8329261185084693e-6
0.006510500983821741	2.8329422660865484e-6
0.006541689940600471	2.8329585694388865e-6
0.006573028310001571	2.832975030074948e-6
0.006604516807795426	2.832991649518954e-6
0.00663615615318138	2.8330084293100274e-6
0.006667947068804125	2.833025371002346e-6
0.006699890280770229	2.8330424761652864e-6
0.006731986518664738	2.8330597463835805e-6
0.006764236515567798	2.8330771832574645e-6
0.006796641008071425	2.8330947884028363e-6
0.00682920073629634	2.833112563451411e-6
0.006861916443908842	2.8331305100508766e-6
0.006894788878137805	2.833148629865055e-6
0.006927818789791774	2.8331669245740627e-6
0.006961006933276064	2.8331853958744746e-6
0.006994354066610017	2.8332040454794854e-6
0.007027860951444336	2.833222875119078e-6
0.007061528353078435	2.8332418865401905e-6
0.007095357040477949	2.8332610815068863e-6
0.007129347786292286	2.8332804618005243e-6
0.007163501366872298	2.8333000292199317e-6
0.007197818562287972	2.8333197855815814e-6
0.007232300156346278	2.8333397327197635e-6
0.0072669469366090506	2.83335987248677e-6
0.007301759694411013	2.8333802067530697e-6
0.007336739224877802	2.8334007374074956e-6
0.007371886326944155	2.8334214663574225e-6
0.007407201803372177	2.8334423955289585e-6
0.007442686460769631	2.833463526867131e-6
0.007478341109608386	2.8334848623360773e-6
0.007514166564242948	2.8335064039192333e-6
0.007550163642929015	2.8335281536195326e-6
0.007586333167842191	2.833550113459599e-6
0.007622675965096786	2.8335722854819435e-6
0.007659192864764637	2.8335946717491694e-6
0.007695884700894094	2.8336172743441673e-6
0.007732752311529085	2.833640095370326e-6
0.007769796538728223	2.833663136951735e-6
0.00780701822858405	2.8336864012333946e-6
0.00784441823124239	2.8337098903814263e-6
0.007881997400921723	2.833733606583284e-6
0.007919756595932711	2.833757552047975e-6
0.007957696678697834	2.833781729006269e-6
0.007995818515771032	2.8338061397109247e-6
0.008034122977857527	2.833830786436911e-6
0.008072610939833736	2.833855671481628e-6
0.008111283280767195	2.833880797165136e-6
0.00815014088393667	2.8339061658303874e-6
0.008189184636852356	2.8339317798434524e-6
0.008228415431276089	2.8339576415937594e-6
0.008267834163241752	2.8339837534943264e-6
0.008307441733075753	2.8340101179820047e-6
0.008347239045417548	2.8340367375177176e-6
0.00838722700924033	2.8340636145867046e-6
0.008427406537871777	2.8340907516987714e-6
0.008467778549014947	2.8341181513885344e-6
0.008508343964769181	2.8341458162156786e-6
0.008549103711651199	2.8341737487652066e-6
0.008590058720616276	2.8342019516477023e-6
0.008631209927079466	2.834230427499585e-6
0.008672558270936994	2.8342591789833786e-6
0.008714104696587701	2.834288208787972e-6
0.008755850152954664	2.834317519628892e-6
0.008797795593506803	2.8343471142485734e-6
0.00883994197628069	2.834376995416633e-6
0.00888229026390246	2.8344071659301493e-6
0.008924841423609737	2.8344376286139397e-6
0.008967596427273761	2.834468386320848e-6
0.009010556251421602	2.834499441932029e-6
0.009053721877258423	2.834530798357237e-6
0.009097094290689906	2.834562458535121e-6
0.009140674482344804	2.8345944254335203e-6
0.009184463447597511	2.834626702049763e-6
0.009228462186590824	2.834659291410969e-6
0.009272671704258812	2.8346921965743563e-6
0.009317093010349718	2.8347254206275473e-6
0.00936172711944904	2.8347589666888876e-6
0.009406575051002742	2.8347928379077535e-6
0.009451637829340484	2.8348270374648784e-6
0.00949691648369903	2.8348615685726727e-6
0.009542412048245803	2.8348964344755507e-6
0.009588125562102439	2.8349316384502594e-6
0.009634058069368545	2.834967183806213e-6
0.009680210619145585	2.835003073885831e-6
0.009726584265560782	2.835039312064878e-6
0.009773180067791213	2.835075901752807e-6
0.009819999090088042	2.835112846393113e-6
0.009867042401800766	2.8351501494636784e-6
0.009914311077401664	2.8351878144771345e-6
0.009961806196510369	2.835225844981218e-6
0.010009528843918473	2.835264244559139e-6
0.010057480109614334	2.835303016829946e-6
0.010105661088807975	2.8353421654488975e-6
0.010154072881956076	2.8353816941078424e-6
0.010202716594787137	2.835421606535598e-6
0.010251593338326719	2.835461906498332e-6
0.0103007042289228	2.8355025977999568e-6
0.010350050388271317	2.8355436842825213e-6
0.01039963294344174	2.835585169826604e-6
0.010449453026902849	2.8356270583517238e-6
0.010499511776548584	2.8356693538167383e-6
0.010549810335724021	2.8357120602202615e-6
0.01060034985325152	2.8357551816010745e-6
0.010651131483456942	2.83579872203855e-6
0.010702156386196005	2.835842685653076e-6
0.010753425726880797	2.8358870766064857e-6
0.010804940676506393	2.835931899102493e-6
0.010856702411677568	2.8359771573871327e-6
0.010908712114635724	2.8360228557492032e-6
0.010960970973285834	2.8360689985207193e-6
0.011013480181223624	2.836115590077365e-6
0.011066240937762815	2.8361626348389546e-6
0.011119254447962494	2.836210137269899e-6
0.011172521922654678	2.8362581018796723e-6
0.011226044578471948	2.8363065332232945e-6
0.011279823637875221	2.8363554359018054e-6
0.011333860329181713	2.8364048145627585e-6
0.011388155886592944	2.836454673900708e-6
0.011442711550222973	2.836505018657711e-6
0.011497528566126698	2.8365558536238283e-6
0.011552608186328306	2.8366071836376362e-6
0.011607951668849899	2.836659013586742e-6
0.011663560277740213	2.8367113484083037e-6
0.011719435283103466	2.836764193089559e-6
0.011775577961128412	2.8368175526683588e-6
0.011831989594117461	2.836871432233706e-6
0.011888671470515958	2.8369258369263034e-6
0.011945624884941644	2.836980771939104e-6
0.012002851138214187	2.8370362425178714e-6
0.012060351537384927	2.8370922539617446e-6
0.012118127395766717	2.837148811623809e-6
0.012176180032963894	2.837205920911676e-6
0.012234510774902462	2.837263587288069e-6
0.012293120953860356	2.8373218162714155e-6
0.012352011908497851	2.8373806134364418e-6
0.01241118498388818	2.8374399844147873e-6
0.01247064153154821	2.837499934895612e-6
0.012530382909469348	2.837560470626217e-6
0.01259041048214855	2.837621597412678e-6
0.012650725620619453	2.8376833211204726e-6
0.012711329702483736	2.837745647675129e-6
0.012772224111942565	2.837808583062876e-6
0.012833410239828187	2.8378721333312983e-6
0.012894889483635735	2.837936304590005e-6
0.012956663247555133	2.8380011030113033e-6
0.01301873294250314	2.8380665348308795e-6
0.013081099986155625	2.838132606348491e-6
0.013143765802979896	2.8381993239286628e-6
0.013206731824267277	2.8382666940013956e-6
0.013269999488165787	2.838334723062882e-6
0.013333570239712954	2.8384034176762286e-6
0.013397445530868876	2.83847278447219e-6
0.013461626820549346	2.8385428301499093e-6
0.013526115574659171	2.838613561477671e-6
0.01359091326612569	2.838684985293658e-6
0.013656021374932364	2.838757108506723e-6
0.013721441388152622	2.8388299380971646e-6
0.01378717479998382	2.8389034811175164e-6
0.013853223111781327	2.8389777446933435e-6
0.013919587832092878	2.839052736024051e-6
0.013986270476692991	2.8391284623837014e-6
0.01405327256861758	2.839204931121839e-6
0.014120595638198783	2.8392821496643284e-6
0.01418824122309986	2.839360125514206e-6
0.014256210868350362	2.83943886625253e-6
0.014324506126381401	2.8395183795392584e-6
0.014393128557061083	2.8395986731141204e-6
0.014462079727730183	2.8396797547975126e-6
0.014531361213237915	2.8397616324913973e-6
0.014600974595977884	2.8398443141802176e-6
0.014670921465924277	2.8399278079318174e-6
0.014741203420668142	2.8400121218983824e-6
0.014811822065453869	2.840097264317384e-6
0.014882779013215898	2.840183243512539e-6
0.014954075884615501	2.8402700678947845e-6
0.01502571430807785	2.8403577459632546e-6
0.015097695919829191	2.8404462863062845e-6
0.015170022363934188	2.8405356976024136e-6
0.01524269529233352	2.840625988621409e-6
0.015315716364881592	2.8407171682253004e-6
0.015389087249384419	2.8408092453694274e-6
0.015462809621637775	2.8409022291035008e-6
0.015536885165465407	2.8409961285726764e-6
0.015611315572757549	2.841090953018644e-6
0.015686102543509533	2.8411867117807308e-6
0.01576124778586061	2.841283414297017e-6
0.015836753016132986	2.8413810701054664e-6
0.01591261995887103	2.8414796888450727e-6
0.015988850346880617	2.841579280257021e-6
0.01606544592126876	2.841679854185862e-6
0.016142408431483346	2.8417814205807016e-6
0.01621973963535309	2.8418839894964105e-6
0.016297441299127715	2.841987571094845e-6
0.01637551519751824	2.8420921756460824e-6
0.01645396311373758	2.842197813529681e-6
0.016532786839541232	2.842304495235946e-6
0.01661198817526819	2.8424122313672185e-6
0.016691568929882102	2.842521032639181e-6
0.016771530921012575	2.8426309098821805e-6
0.01685187597499665	2.842741874042563e-6
0.01693260592692059	2.842853936184038e-6
0.01701372262066171	2.842967107489046e-6
0.017095227908930564	2.8430813992601585e-6
0.017177123653313232	2.8431968229214874e-6
0.017259411724313806	2.8433133900201175e-6
0.01734209400139717	2.8434311122275537e-6
0.017425172373031907	2.843550001341197e-6
0.017508648736733384	2.8436700692858297e-6
0.01759252499910718	2.843791328115127e-6
0.017676803075892568	2.8439137900131877e-6
0.017761484892006272	2.8440374672960857e-6
0.017846572381586476	2.8441623724134432e-6
0.017932067488036944	2.844288517950022e-6
0.018017972164071458	2.844415916627344e-6
0.018104288371758398	2.8445445813053243e-6
0.018191018082565524	2.8446745249839355e-6
0.018278163277405064	2.8448057608048905e-6
0.01836572594667893	2.844938302053348e-6
0.01845370809032414	2.845072162159643e-6
0.018542111717858585	2.845207354701044e-6
0.01863093884842683	2.84534389340353e-6
0.0187201915108463	2.845481792143591e-6
0.018809871743653606	2.8456210649500657e-6
0.01889998159515106	2.845761726005986e-6
0.01899052312345352	2.845903789650467e-6
0.019081498396535373	2.8460472703806063e-6
0.019172909492277738	2.8461921828534244e-6
0.01926475849851597	2.846338541887824e-6
0.01935704751308735	2.846486362466578e-6
0.01944977864387892	2.8466356597383513e-6
0.01954295400887575	2.8467864490197434e-6
0.01963657573620919	2.846938745797367e-6
0.019730645964205578	2.847092565729952e-6
0.019825166841435028	2.847247924650485e-6
0.019920140526760485	2.8474048385683714e-6
0.020015569189387086	2.8475633236716375e-6
0.020111455008911688	2.8477233963291583e-6
0.0202078001753726	2.8478850730929223e-6
0.020304606889299696	2.848048370700324e-6
0.020401877361764575	2.8482133060764963e-6
0.020499613814431144	2.8483798963366702e-6
0.020597818479606334	2.848548158788577e-6
0.02069649360029104	2.8487181109348772e-6
0.020795641430231424	2.848889770475632e-6
0.02089526423397036	2.8490631553108097e-6
0.020995364286899132	2.8492382835428243e-6
0.021095943875309456	2.8494151734791234e-6
0.021197005296445626	2.8495938436348016e-6
0.02129855085855707	2.8497743127352612e-6
0.021400582880951015	2.8499565997189104e-6
0.021503103694045452	2.8501407237399024e-6
0.021606115639422406	2.8503267041709164e-6
0.0217096210698814	2.8505145606059787e-6
0.021813622349493158	2.850704312863329e-6
0.021918121853653653	2.8508959809883277e-6
0.022023121969138356	2.8510895852564125e-6
0.02212862509415668	2.851285146176092e-6
0.02223463363840687	2.8514826844919953e-6
0.022341150023130925	2.8516822211879595e-6
0.022448176681169985	2.851883777490171e-6
0.02255571605701988	2.8520873748703504e-6
0.022663770606886895	2.8522930350489924e-6
0.022772342798743968	2.852500779998652e-6
0.022881435112387015	2.8527106319472826e-6
0.022991050039491527	2.8529226133816277e-6
0.02310119008366957	2.853136747050665e-6
0.02321185776052687	2.8533530559691054e-6
0.02332305559772035	2.853571563420944e-6
0.02343478613501584	2.8537922929630736e-6
0.023547051924346026	2.85401526842895e-6
0.02365985552986883	2.8542405139323173e-6
0.023773199528025927	2.854468053870994e-6
0.02388708650760156	2.8546979129307177e-6
0.02400151906978174	2.8549301160890536e-6
0.02411649982821361	2.855164688619365e-6
0.024232031409065134	2.8554016560948472e-6
0.024348116451085127	2.8556410443926286e-6
0.02446475760566345	2.855882879697936e-6
0.024581957536891654	2.8561271885083295e-6
0.024699718921623776	2.8563739976380105e-6
0.02481804444953745	2.856623334222189e-6
0.024936936823195425	2.856875225721536e-6
0.02505639875810723	2.857129699926701e-6
0.02517643298279118	2.8573867849629078e-6
0.025297042238836775	2.8576465092946243e-6
0.02541822928096722	2.8579089017303145e-6
0.02553999687710242	2.8581739914272614e-6
0.025662347808422185	2.8584418078964816e-6
0.025785284869429693	2.8587123810077137e-6
0.025908810868015397	2.8589857409944955e-6
0.02603292862552113	2.8592619184593265e-6
0.02615764097680449	2.8595409443789157e-6
0.026282950770303685	2.859822850109521e-6
0.02640886086810253	2.86010766739238e-6
0.026535374145995803	2.860395428359232e-6
0.02666249349355499	2.8606861655379363e-6
0.026790221814194215	2.860979911858187e-6
0.026918562025236608	2.8612767006573266e-6
0.02704751705798093	2.8615765656862604e-6
0.027177089857768455	2.861879541115474e-6
0.027307283384050352	2.8621856615411574e-6
0.02743810061045521	2.8624949619914313e-6
0.02756954452485694	2.8628074779326903e-6
0.027701618129443092	2.8631232452760503e-6
0.027834324440783334	2.863442300383919e-6
0.02796766648989843	2.8637646800766715e-6
0.02810164732232944	2.864090421639456e-6
0.028236269998207244	2.8644195628291145e-6
0.028371537592322495	2.864752141881227e-6
0.028507453194195828	2.8650881975172887e-6
0.028644019908148372	2.8654277689520096e-6
0.028781240853372757	2.8657708959007523e-6
0.02891911916400424	2.866117618587097e-6
0.029057657989192392	2.8664679777505544e-6
0.029196860493172976	2.8668220146544124e-6
0.029336729855340176	2.8671797710937283e-6
0.02947726927031931	2.8675412894034713e-6
0.02961848194803974	2.8679066124668095e-6
0.02976037111380815	2.868275783723559e-6
0.029902940008382308	2.868648847178778e-6
0.03004619188804502	2.869025847411537e-6
0.03019013002467847	2.8694068295838396e-6
0.030334757705839068	2.869791839449716e-6
0.030480078234832394	2.8701809233644906e-6
0.030626094930788772	2.870574128294222e-6
0.030772811128739013	2.870971501825322e-6
0.030920230179690568	2.87137309217436e-6
0.031068355450704126	2.8717789481980537e-6
0.031217190324970504	2.87218911940345e-6
0.03136673820188784	2.8726036559583073e-6
0.03151700249713938	2.8730226087016708e-6
0.031667986642771324	2.8734460291546596e-6
0.03181969408727138	2.873873969531461e-6
0.031972128295647426	2.8743064827505404e-6
0.03212529274950662	2.8747436224460677e-6
0.03227919094713506	2.8751854429795758e-6
0.032433826403577545	2.8756319994518406e-6
0.032589202650717915	2.876083347715005e-6
0.032745323237359736	2.876539544384937e-6
0.03290219172930734	2.8770006468538386e-6
0.03305981170944724	2.8774667133031076e-6
0.03321818677783001	2.877937802716454e-6
0.033377320551752465	2.878413974893288e-6
0.03353721666584033	2.878895290462372e-6
0.03369787877213123	2.8793818108957566e-6
0.03385931054015806	2.879873598522997e-6
0.03402151565703288	2.8803707165456612e-6
0.03418449782753111	2.880873229052139e-6
0.034348260774176034	2.8813812010327564e-6
0.034512808237324014	2.881894698395199e-6
0.03467814397524975	2.882413787980261e-6
0.03484427176423222	2.882938537577924e-6
0.03501119539864092	2.8834690159437666e-6
0.03517891869102245	2.884005292815726e-6
0.03534744547218769	2.8845474389312102e-6
0.03551677959129928	2.8850955260445736e-6
0.03568692491595943	2.885649626944967e-6
0.03585788533229841	2.8862098154745643e-6
0.036029664745063236	2.886776166547186e-6
0.03620226707770679	2.8873487561673188e-6
0.036375696272477574	2.887927661449551e-6
0.03654995629050962	2.888512960638427e-6
0.036725051111913036	2.889104733128736e-6
0.03690098473586492	2.889703059486243e-6
0.03707776118070062	2.8903080214688783e-6
0.037255384484005616	2.890919702048392e-6
0.03743385870270768	2.891538185432491e-6
0.037613187913169505	2.892163557087462e-6
0.037793376211281926	2.8927959037613095e-6
0.03797442771255732	2.893435313507405e-6
0.03815634655222372	2.894081875708671e-6
0.038339136885319244	2.8947356811023133e-6
0.03852280288678692	2.8953968218051125e-6
0.03870734875157014	2.8960653913392918e-6
0.038892778694708446	2.896741484658983e-6
0.03907909695143372	2.8974251981772896e-6
0.03926630777726706	2.898116629793988e-6
0.03945441544811583	2.8988158789238587e-6
0.03964342426037145	2.899523046525687e-6
0.03983333853100747	2.900238235131934e-6
0.0400241625976781	2.900961548879109e-6
0.0402159008188174	2.901693093538859e-6
0.04040855757373882	2.902432976549788e-6
0.04060213726273507	2.903181307050041e-6
0.04079664430717883	2.9039381959106617e-6
0.040992083149623625	2.9047037557697506e-6
0.04118845825390524	2.905478101067451e-6
0.04138577410524384	2.9062613480817743e-6
0.04158403521034621	2.9070536149653026e-6
0.04178324609750888	2.9078550217827863e-6
0.04198341131672143	2.90866569054966e-6
0.042184535439770424	2.909485745271514e-6
0.042386623060343874	2.910315311984536e-6
0.042589678794136165	2.9111545187969646e-6
0.04279370727895338	2.912003495931574e-6
0.04299871317481939	2.9128623757692246e-6
0.04320470116408209	2.913731292893514e-6
0.04341167595152055	2.914610384136559e-6
0.043619642264452335	2.9154997886259357e-6
0.04382860485284149	2.916399647832831e-6
0.04403856848940709	2.9173101056214153e-6
0.044249537969732244	2.918231308299506e-6
0.044461518112373505	2.9191634046705305e-6
0.04467451375897109	2.9201065460868463e-6
0.04488852977435942	2.9210608865044645e-6
0.04510357104667811	2.9220265825391973e-6
0.0453196424874838	2.9230037935243027e-6
0.04553674903186215	2.923992681569651e-6
0.045754895638540766	2.9249934116224755e-6
0.04597408729000228	2.9260061515297446e-6
0.0461943289925982	2.9270310721022205e-6
0.0464156257766633	2.9280683471802533e-6
0.046637982696630505	2.929118153701356e-6
0.04686140483114623	2.930180671769639e-6
0.047085897283186566	2.931256084727142e-6
0.04731146518017363	2.932344579227144e-6
0.04753811367409283	2.9334463453095046e-6
0.047765847941610484	2.934561576478108e-6
0.04799467318419198	2.935690469780478e-6
0.04822459462822073	2.9368332258896397e-6
0.048455617525117435	2.9379900491882966e-6
0.04868774715145999	2.939161147855409e-6
0.048920988809104136	2.940346733955253e-6
0.049155347825304486	2.941547023529033e-6
0.049390829552836114	2.9427622366891577e-6
0.04962743937011699	2.943992597716248e-6
0.049865182681330625	2.9452383351589885e-6
0.0501040649165497	2.946499681936913e-6
0.05034409153185997	2.947776875446227e-6
0.05058526800948485	2.949070157668774e-6
0.050827599857910744	2.9503797752842653e-6
0.05107109261201281	2.9517059797858723e-6
0.05131575183318128	2.9530490275993216e-6
0.05156158310944869	2.9544091802056006e-6
0.05180859205561727	2.9557867042674165e-6
0.05205678431338739	2.9571818717595393e-6
0.05230616555148634	2.958594960103176e-6
0.05255674146579771	2.9600262523045142e-6
0.05280851777949166	2.9614760370976038e-6
0.05306150024315554	2.9629446090917243e-6
0.05331569463492517	2.9644322689234147e-6
0.05357110676061697	2.9659393234133397e-6
0.053827742453860475	2.96746608572817e-6
0.0540856075762315	2.969012875547679e-6
0.054344708017386216	2.9705800192372374e-6
0.05460504969519544	2.972167850025943e-6
0.054866638555880004	2.973776708190567e-6
0.05512948057414647	2.975406941245579e-6
0.055393581753323526	2.977058904139465e-6
0.05565894812549925	2.9787329594576013e-6
0.05592558575165882	2.980429477631936e-6
0.05619350072182284	2.9821488371577563e-6
0.05646269915518667	2.9838914248178274e-6
0.0567331872002599	2.9856576359141906e-6
0.057004971035007075	2.987447874507955e-6
0.057278056866988614	2.989262553667385e-6
0.057552450933502565	2.991102095724646e-6
0.05782815950172723	2.99296693254156e-6
0.05810518886886422	2.9948575057847504e-6
0.05838354536228217	2.996774267210565e-6
0.0586632353396615	2.998717678960207e-6
0.05894426518913937	3.0006882138654934e-6
0.0592266413294558	3.0026863557657087e-6
0.05951037021010015	3.004712599836029e-6
0.05979545831145842	3.0067674529280197e-6
0.06008191214496133	3.0088514339227467e-6
0.06036973825323305	3.010965074097043e-6
0.0606589432102405	3.0131089175035226e-6
0.06094953362144367	3.015283521364973e-6
0.061241516123946425	3.017489456483743e-6
0.061534897386647996	3.019727307666837e-6
0.06182968411039551	3.021997674167424e-6
0.06212588302813677	3.0243011701435084e-6
0.06242350090507431	3.026638425134583e-6
0.06272254453881976	3.029010084557079e-6
0.06302302075954903	3.0314168102195205e-6
0.06332493643015853	3.033859280858309e-6
0.06362829844642177	3.036338192695127e-6
0.06393311373714683	3.0388542600170024e-6
0.06423938926433476	3.0414082157801394e-6
0.06454713202333838	3.0440008122386706e-6
0.0648563490430223	3.046632821599574e-6
0.06516704738592335	3.049305036705042e-6
0.06547923414841174	3.052018271743684e-6
0.0657929164608534	3.054773362992026e-6
0.06610810148777273	3.0575711695878422e-6
0.06642479642801609	3.0604125743369514e-6
0.0667430085149165	3.0632984845552237e-6
0.06706274501645869	3.0662298329476217e-6
0.067384013235445	3.0692075785262297e-6
0.06770682050966247	3.072232707569348e-6
0.0680311742120501	3.0753062346238363e-6
0.06835708175086751	3.0784292035530543e-6
0.06868455056986404	3.0816026886328745e-6
0.0690135881484487	3.084827795698406e-6
0.06934420200186114	3.0881056633442495e-6
0.06967639968134325	3.091437464181261e-6
0.07001018877431148	3.094824406153025e-6
0.07034557690453044	3.0982677339154234e-6
0.0706825717322867	3.101768730282927e-6
0.07102118095456401	3.1053287177454843e-6
0.071361412305219	3.1089490600601204e-6
0.07170327355515768	3.1126311639216664e-6
0.07204677251251322	3.1163764807173367e-6
0.07239191702282412	3.1201865083701928e-6
0.07273871496921329	3.124062793276887e-6
0.07308717427256833	3.128006932345487e-6
0.07343730289172239	3.132020575139553e-6
0.07378910882363574	3.1361054261351356e-6
0.07414260010357875	3.140263247097816e-6
0.07449778480531509	3.1444958595874445e-6
0.07485467104128643	3.1488051475988243e-6
0.07521326696279756	3.153193060347177e-6
0.07557358076020251	3.157661615207923e-6
0.07593562066309183	3.162212900821052e-6
0.07629939494048038	3.1668490803711225e-6
0.07666491190099617	3.1715723950548354e-6
0.07703217989307036	3.1763851677490675e-6
0.07740120730512763	3.1812898068932695e-6
0.07777200256577804	3.186288810601292e-6
0.0781445741440094	3.191384771018916e-6
0.07851893054938065	3.1965803789447405e-6
0.0788950803322164	3.201878428733552e-6
0.0792730320838021	3.2072818235029334e-6
0.0796527944365802	3.2127935806656565e-6
0.08003437606434755	3.218416837812379e-6
0.08041778568245316	3.2241548589713036e-6
0.0808030320479976	3.2300110412738772e-6
0.08119012396003292	3.235988922058201e-6
0.08157907025976335	3.2420921864447385e-6
0.08196987983074769	3.248324675422134e-6
0.0823625615991019	3.2546903944844597e-6
0.08275712453370292	3.2611935228651914e-6
0.08315357764639382	3.2678384234175525e-6
0.08355192999218945	3.2746296531957187e-6
0.08395219066948312	3.2815719747967804e-6
0.08435436882025472	3.288670368529377e-6
0.08475847363027923	3.295930045481608e-6
0.08516451432933675	3.3033564615683535e-6
0.0855725001914232	3.310955332646505e-6
0.08598244053496204	3.3187326507960167e-6
0.08639434472301735	3.326694701875267e-6
0.08680822216350752	3.3348480844710716e-6
0.08722408230942004	3.3431997303770644e-6
0.0876419346590277	3.3517569267492935e-6
0.08806178875610515	3.3605273401048715e-6
0.08848365419014725	3.369519042348926e-6
0.08890754059658791	3.3787405390369384e-6
0.08933345765702004	3.3882008001045323e-6
0.08976141509941696	3.397909293325161e-6
0.09019142269835445	3.407876020788524e-6
0.09062349027523385	3.418111558729643e-6
0.09105762769850669	3.4286271010810704e-6
0.09149384488389989	3.4394345071694764e-6
0.09193215179464216	3.4505463540342244e-6
0.09237255844169186	3.4619759939105194e-6
0.09281507488396527	3.473737617494893e-6
0.09325971122856666	3.4858463236982437e-6
0.09370647763101901	3.4983181966932312e-6
0.09415538429549584	3.5111703911815478e-6
0.09460644147505452	3.524421226945555e-6
0.09505965947187031	3.538090293911923e-6
0.09551504863747154	3.552198569147206e-6
0.0959726193729764	3.566768547432533e-6
0.09643238212933003	3.581824387334149e-6
0.09689434740754366	3.5973920750075087e-6
0.09735852575893424	3.6134996083560423e-6
0.09782492778536529	3.630177204625813e-6
0.09829356413948943	3.6474575350714536e-6
0.09876444552499139	3.665375990999205e-6
0.09923758269683244	3.683970986307677e-6
0.09971298646149633	3.7032843026418394e-6
0.1001906676772359	3.7233614844965225e-6
0.10067063725432106	3.7442522931116685e-6
0.10115290615528795	3.7660112298693527e-6
0.10163748539518973	3.7886981422327783e-6
0.10212438604184758	3.8123789281920583e-6
0.10261361921610372	3.837126358876581e-6
0.10310519609207577	3.863021043693339e-6
0.10359912789741137	3.890152568372067e-6
0.10409542591354484	3.918620844072784e-6
0.10459410147595527	3.948537715832284e-6
0.10509516597442475	3.980028891917523e-6
0.10559863085329878	4.013236273273209e-6
0.10610450761174806	4.048320785842567e-6
0.10661280780403043	4.085465850471454e-6
0.10712354303975526	4.1248816688303634e-6
0.10763672498414832	4.166810564417093e-6
0.10815236535831874	4.2115337029242695e-6
0.10867047593952595	4.259379637832086e-6
0.10919106856144911	4.310735303356734e-6
0.1097141551144577	4.366060337027399e-6
0.1102397475458824	4.4259060056688705e-6
0.11076785786028827	4.490940610663409e-6
0.11129849811974937	4.561984196943475e-6
0.11183168044412355	4.640056925593714e-6
0.11236741701132952	4.726448032403447e-6
0.11290572005762545	4.822816722704684e-6
0.11344660187788769	4.93134431725503e-6
0.11399007482589198	5.054971972936602e-6
0.11453615131459592	5.197788186724423e-6
0.1150848438164218	5.365693858179449e-6
0.11563616486354181	5.567619300737386e-6
0.11619012704816466	5.817942080697844e-6
0.11674674302282242	6.1418476663941745e-6
0.11730602550066008	6.589211536105246e-6
0.11786798725572553	7.280371805079181e-6
0.11843264112326198	8.643823863001148e-6
0.1185	0.1 	#JOSU
0.119	1 		#JOSU
0.1195	10 		#JOSU
0.120	100 	#JOSU
0.1205	10000 	#JOSU