0.001	0.000013202394689218474
0.0010052765624674093	0.000013202395317429514
0.0010105809670462901	0.000013202395952287955
0.0010159133606472846	0.000013202396593864134
0.0010212738909562158	0.000013202397242229138
0.0010266627064381795	0.000013202397897454809
0.00103207995634166	0.000013202398559613745
0.001037525790702658	0.000013202399228779316
0.0010430003603488476	0.000013202399905025663
0.0010485038169037587	0.000013202400588427718
0.0010540363127909684	0.000013202401279061203
0.0010595980012383266	0.00001320240197700264
0.0010651890362822027	0.000013202402682329367
0.0010708095727717454	0.000013202403395119527
0.0010764597663731742	0.000013202404115452104
0.0010821397735740952	0.000013202404843406913
0.001087849751687827	0.000013202405579064614
0.0010935898588577625	0.000013202406322506718
0.0010993602540617508	0.000013202407073815604
0.0011051610971164947	0.000013202407833074513
0.0011109925486819793	0.000013202408600367584
0.001116854770265926	0.000013202409375779827
0.0011227479242282583	0.000013202410159397164
0.0011286721737856016	0.00001320241095130642
0.001134627683015808	0.000013202411751595347
0.0011406146168624928	0.00001320241256035262
0.0011466331411396067	0.000013202413377667849
0.0011526834225360316	0.000013202414203631602
0.0011587656286201902	0.000013202415038335395
0.0011648799278446901	0.000013202415881871721
0.0011710264895509939	0.000013202416734334048
0.0011772054839741008	0.000013202417595816835
0.0011834170822472656	0.000013202418466415536
0.0011896614564067428	0.000013202419346226624
0.0011959387793965407	0.000013202420235347581
0.0012022492250732238	0.000013202421133876935
0.0012085929682107172	0.000013202422041914247
0.0012149701845051515	0.000013202422959560132
0.0012213810505797326	0.00001320242388691627
0.0012278257439896265	0.000013202424824085427
0.00123430444322688	0.000013202425771171446
0.0012408173277253674	0.000013202426728279265
0.0012473645778657543	0.000013202427695514948
0.0012539463749804951	0.000013202428672985667
0.0012605629013588613	0.000013202429660799742
0.00126721434025198	0.000013202430659066625
0.0012739008758779152	0.000013202431667896943
0.0012806226934267725	0.000013202432687402472
0.0012873799790658208	0.00001320243371769619
0.0012941729199446523	0.000013202434758892261
0.0013010017042003699	0.000013202435811106065
0.001307866520962789	0.000013202436874454198
0.001314767560359681	0.000013202437949054488
0.0013217050135220423	0.000013202439035026018
0.0013286790725893795	0.00001320244013248912
0.0013356899307150354	0.000013202441241565409
0.0013427377820715428	0.000013202442362377784
0.0013498228218559942	0.000013202443495050446
0.0013569452462954504	0.000013202444639708909
0.0013641052526523825	0.000013202445796480017
0.001371303039230124	0.000013202446965491955
0.0013785388053783687	0.000013202448146874267
0.0013858127514986955	0.000013202449340757866
0.0013931250790501107	0.000013202450547275049
0.0014004759905546316	0.000013202451766559519
0.0014078656896029	0.000013202452998746392
0.001415294380859812	0.00001320245424397221
0.0014227622700701908	0.000013202455502374965
0.0014302695640644892	0.000013202456774094109
0.0014378164707645098	0.00001320245805927057
0.0014454031991891672	0.000013202459358046765
0.0014530299594602823	0.000013202460670566621
0.0014606969628083917	0.000013202461996975586
0.0014684044215786036	0.000013202463337420655
0.0014761525492364832	0.000013202464692050368
0.001483941560373955	0.000013202466061014846
0.0014917716707152514	0.000013202467444465796
0.001499643097122892	0.000013202468842556529
0.00150755605760368	0.000013202470255441985
0.0015155107713147457	0.00001320247168327873
0.0015235074585696197	0.000013202473126225011
0.0015315463408443262	0.000013202474584440726
0.001539627640783522	0.000013202476058087482
0.0015477515822066661	0.000013202477547328582
0.0015559183901142112	0.000013202479052329077
0.0015641282906938383	0.000013202480573255747
0.0015723815113267265	0.00001320248211027715
0.0015806782805938414	0.000013202483663563618
0.0015890188282822702	0.000013202485233287295
0.001597403385391591	0.000013202486819622146
0.001605832184140261	0.000013202488422743968
0.001614305457972052	0.000013202490042830431
0.0016228234415625212	0.000013202491680061084
0.001631386370825502	0.00001320249333461737
0.0016399944829196412	0.000013202495006682655
0.0016486480162549732	0.000013202496696442251
0.0016573472104995132	0.000013202498404083428
0.0016660923065858987	0.00001320250012979544
0.0016748835467180693	0.00001320250187376954
0.0016837211743779632	0.000013202503636199017
0.0016926054343322666	0.000013202505417279192
0.0017015365726391971	0.000013202507217207461
0.0017105148366553095	0.00001320250903618331
0.00171954047504235	0.000013202510874408339
0.0017286137377741494	0.000013202512732086272
0.0017377348761435367	0.000013202514609423008
0.001746904142769302	0.000013202516506626606
0.0017561217916032003	0.000013202518423907342
0.0017653880779369734	0.000013202520361477708
0.0017747032584094257	0.000013202522319552454
0.0017840675910135379	0.000013202524298348602
0.0017934813351036013	0.000013202526298085464
0.0018029447514024063	0.000013202528318984686
0.0018124581020084688	0.000013202530361270253
0.0018220216504032786	0.00001320253242516852
0.001831635661458602	0.000013202534510908243
0.0018413004014438228	0.000013202536618720601
0.001851016138033307	0.00001320253874883921
0.0018607831403138204	0.00001320254090150018
0.0018706016787919885	0.000013202543076942102
0.001880472025401775	0.000013202545275406092
0.0018903944535120214	0.000013202547497135839
0.0019003692379340217	0.000013202549742377595
0.0019103966549291235	0.000013202552011380221
0.0019204769822163848	0.000013202554304395222
0.0019306104989802713	0.000013202556621676753
0.001940797485878375	0.000013202558963481673
0.0019510382250492032	0.00001320256133006955
0.0019613330001199787	0.000013202563721702708
0.001971682096214501	0.00001320256613864625
0.0019820857999610494	0.000013202568581168074
0.001992544399500309	0.000013202571049538927
0.0020030581844933566	0.000013202573544032417
0.0020136274461296914	0.000013202576064925052
0.0020242524771352847	0.000013202578612496266
0.002034933571780695	0.000013202581187028454
0.002045671025889224	0.000013202583788806994
0.0020564651368450977	0.0000132025864181203
0.0020673162036017084	0.00001320258907525983
0.0020782245266899	0.000013202591760520126
0.0020891904082262817	0.000013202594474198858
0.0021002141519215977	0.000013202597216596841
0.0021112960630891493	0.00001320259998801808
0.0021224364486532345	0.000013202602788769795
0.0021336356171576575	0.000013202605619162465
0.002144893878774279	0.00001320260847950985
0.0021562115453115957	0.00001320261137012904
0.002167588930223379	0.00001320261429134048
0.0021790263486173678	0.000013202617243468004
0.002190524117263978	0.000013202620226838882
0.002202082554605086	0.000013202623241783846
0.002213701980762852	0.00001320262628863714
0.002225382717548575	0.000013202629367736529
0.0022371250884716106	0.000013202632479423373
0.0022489294187483396	0.000013202635624042642
0.00226079603531116	0.00001320263880194295
0.0022727252668175483	0.000013202642013476619
0.0022847174436591705	0.000013202645258999693
0.0022967728979710177	0.000013202648538871988
0.002308891963640612	0.00001320265185345713
0.002321074976317261	0.000013202655203122602
0.00233332227342134	0.000013202658588239777
0.0023456341941536425	0.000013202662009183949
0.0023580110795047857	0.000013202665466334405
0.002370453272264636	0.000013202668960074445
0.0023829611170318125	0.000013202672490791422
0.0023955349602232385	0.000013202676058876802
0.002408175150083719	0.000013202679664726179
0.0024208820366955963	0.000013202683308739364
0.0024336559719884496	0.000013202686991320378
0.002446497309748828	0.000013202690712877542
0.0024594064056300663	0.000013202694473823485
0.0024723836171621203	0.000013202698274575218
0.002485429303761473	0.000013202702115554165
0.0024985438267411	0.000013202705997186219
0.0025117275493204594	0.000013202709919901778
0.002524980836635559	0.000013202713884135798
0.002538304055749078	0.000013202717890327855
0.0025516975756605166	0.000013202721938922167
0.0025651617673164233	0.000013202726030367674
0.0025786970036206784	0.000013202730165118052
0.002592303659444804	0.000013202734343631801
0.002605982111638356	0.000013202738566372269
0.002619732739039367	0.000013202742833807715
0.0026335559224848256	0.000013202747146411361
0.00264745204482123	0.000013202751504661443
0.0026614214909151993	0.000013202755909041257
0.002675464647664119	0.000013202760360039222
0.0026895819040068615	0.000013202764858148945
0.002703773650934567	0.000013202769403869245
0.0027180402815014586	0.000013202773997704235
0.0027323821908357333	0.000013202778640163363
0.002746799776150515	0.000013202783331761484
0.0027612934367548386	0.000013202788073018901
0.00277586357406472	0.00001320279286446144
0.002790510591614279	0.000013202797706620482
0.002805234895066899	0.000013202802600033055
0.002820036892226473	0.00001320280754524187
0.0028349169930487047	0.000013202812542795387
0.002849875609652446	0.000013202817593247885
0.0028649131563311205	0.000013202822697159507
0.0028800300495642047	0.000013202827855096344
0.002895226708028746	0.000013202833067630477
0.0029105035526109688	0.000013202838335340053
0.002925861006417937	0.000013202843658809342
0.0029412994947892583	0.000013202849038628811
0.0029568194453088704	0.000013202854475395186
0.002972421287816893	0.000013202859969711505
0.002988105454421516	0.00001320286552218722
0.0030038723795109746	0.00001320287113343822
0.00301972249976559	0.000013202876804086931
0.0030356562541698443	0.00001320288253476238
0.0030516740840245502	0.000013202888326100252
0.00306777643295908	0.000013202894178742975
0.0030839637469436344	0.000013202900093339789
0.003100236474301605	0.000013202906070546808
0.0031165950657219984	0.00001320291211102711
0.0031330399742719004	0.000013202918215450795
0.003149571655409033	0.00001320292438449507
0.0031661905669943804	0.000013202930618844318
0.0031828971693048484	0.000013202936919190178
0.0031996919250460226	0.000013202943286231623
0.003216575299364993	0.00001320294972067503
0.003233547759863218	0.000013202956223234275
0.003250609776609485	0.000013202962794630788
0.003267761822152936	0.000013202969435593667
0.003285004371536141	0.000013202976146859716
0.003302337902308261	0.000013202982929173569
0.003319762894538284	0.000013202989783287748
0.0033372798308283027	0.00001320299670996276
0.00335488919632689	0.000013203003709967164
0.0033725914787425455	0.000013203010784077675
0.0033903871683571827	0.000013203017933079245
0.003408276758039719	0.00001320302515776515
0.003426260743259735	0.000013203032458937074
0.0034443396221011773	0.0000132030398374052
0.0034625138952761635	0.000013203047293988311
0.003480784066138861	0.00001320305482951387
0.0034991506406994058	0.000013203062444818105
0.0035176141276379276	0.000013203070140746129
0.0035361750383186507	0.000013203077918152003
0.0035548338868040324	0.000013203085777898855
0.003573591189869014	0.000013203093720858965
0.0035924474670153412	0.000013203101747913868
0.003611403240485934	0.000013203109859954432
0.003630459035279359	0.000013203118057881002
0.003649615379164381	0.000013203126342603447
0.0036688728026945594	0.000013203134715041303
0.0036882318392229526	0.000013203143176123855
0.0037076930249169003	0.000013203151726790246
0.003727256898772852	0.000013203160367989578
0.0037469240026313058	0.000013203169100681032
0.0037666948811918254	0.000013203177925833948
0.0037865700820281047	0.000013203186844427966
0.0038065501556031455	0.000013203195857453108
0.003826635655284512	0.000013203204965909907
0.0038468271373596364	0.000013203214170809509
0.003867125161051236	0.000013203223473173786
0.0038875302885328132	0.000013203232874035453
0.003908043084944202	0.000013203242374438186
0.003928664118407233	0.000013203251975436734
0.0039493939600414784	0.000013203261678097038
0.003970233183980047	0.000013203271483496352
0.003991182367385495	0.000013203281392723359
0.004012242090465827	0.000013203291406878297
0.004033412936490539	0.000013203301527073079
0.004054695491806783	0.000013203311754431424
0.004076090345855625	0.000013203322090088974
0.0040975980911883364	0.000013203332535193421
0.004119219323482824	0.000013203343090904644
0.004140954641560141	0.000013203353758394828
0.004162804647401042	0.000013203364538848611
0.00418476994616267	0.00001320337543346319
0.0042068511461953355	0.000013203386443448488
0.004229048859059327	0.00001320339757002726
0.004251363699541875	0.000013203408814435247
0.004273796285674185	0.000013203420177921306
0.004296347238748526	0.00001320343166174756
0.00431901718333546	0.000013203443267189525
0.004341806747301144	0.000013203454995536267
0.004364716561824697	0.000013203466848090532
0.004387747261415697	0.000013203478826168906
0.004410899483931761	0.00001320349093110195
0.00443417387059619	0.000013203503164234359
0.004457571066015741	0.000013203515526925106
0.004481091718198489	0.000013203528020547596
0.00450473647857175	0.000013203540646489822
0.004528506002000151	0.00001320355340615452
0.004552400946803743	0.000013203566300959324
0.004576421974776241	0.000013203579332336922
0.004600569751203373	0.000013203592501735226
0.004624844944881271	0.000013203605810617522
0.004649248228135014	0.00001320361926046265
0.004673780276837261	0.000013203632852765156
0.004698441770426939	0.00001320364658903546
0.004723233391928076	0.000013203660470800036
0.004748155827968738	0.000013203674499601572
0.004773209768800009	0.00001320368867699915
0.004798395908315126	0.000013203703004568418
0.004823714944068712	0.00001320371748390177
0.004849167577296066	0.000013203732116608513
0.004874754512932599	0.00001320374690431507
0.004900476459633374	0.000013203761848665138
0.004926334129792693	0.000013203776951319893
0.004952328239563875	0.00001320379221395816
0.0049784595088790485	0.000013203807638276614
0.005004728661469112	0.000013203823225989954
0.005031136424883787	0.000013203838978831124
0.005057683530511745	0.00001320385489855148
0.005084370713600872	0.000013203870986921001
0.005111198713278654	0.00001320388724572848
0.0051381682725726106	0.000013203903676781733
0.005165280138430896	0.000013203920281907797
0.005192535061742995	0.000013203937062953142
0.005219933797360495	0.000013203954021783863
0.005247477104118003	0.000013203971160285906
0.005275165744854182	0.00001320398848036528
0.005303000486432842	0.000013204005983948259
0.005330982099764202	0.000013204023672981604
0.005359111359826248	0.000013204041549432793
0.005387389045686175	0.000013204059615290224
0.005415815940521969	0.00001320407787256345
0.005444392831644124	0.000013204096323283403
0.00547312051051741	0.000013204114969502628
0.005501999772782809	0.000013204133813295501
0.005531031418279569	0.000013204152856758481
0.005560216251067325	0.000013204172102010327
0.00558955507944838	0.000013204191551192347
0.005619048715990114	0.000013204211206468636
0.005648697977547452	0.000013204231070026333
0.005678503685285504	0.00001320425114407584
0.005708466664702328	0.000013204271430851105
0.005738587745651753	0.00001320429193260984
0.005768867762366388	0.000013204312651633806
0.005799307553480738	0.000013204333590229051
0.005829907962054398	0.000013204354750726173
0.005860669835595419	0.00001320437613548059
0.005891594026083799	0.000013204397746872808
0.005922681389995046	0.000013204419587308663
0.005953932788323912	0.00001320444165921964
0.005985349086608259	0.000013204463965063101
0.006016931154952999	0.000013204486507322595
0.0060486798680542036	0.000013204509288508121
0.006080596105223352	0.000013204532311156414
0.006112680750411649	0.000013204555577831246
0.006144934692234521	0.00001320457909112369
0.006177358823996246	0.000013204602853652441
0.006209954043714665	0.000013204626868064091
0.00624272125414606	0.00001320465113703344
0.006275661362810186	0.000013204675663263792
0.006308775282015361	0.000013204700449487267
0.006342063928883756	0.000013204725498465114
0.0063755282253768145	0.000013204750812988
0.006409169098320747	0.00001320477639587636
0.006442987479432219	0.000013204802249980698
0.006476984305344179	0.000013204828378181899
0.006511160517631757	0.000013204854783391585
0.006545517062838364	0.000013204881468552418
0.006580054892501923	0.00001320490843663845
0.006614774963181192	0.00001320493569065545
0.006649678236482266	0.000013204963233641257
0.006684765679085237	0.000013204991068666113
0.006720038262770924	0.000013205019198833012
0.006755496964447809	0.000013205047627278069
0.0067911427661791115	0.000013205076357170849
0.006826976655209951	0.000013205105391714756
0.006862999623994704	0.000013205134734147372
0.006899212670224518	0.000013205164387740841
0.0069356167968549	0.000013205194355802234
0.006972213012133511	0.000013205224641673935
0.007009002329628118	0.000013205255248733997
0.007045985768254617	0.000013205286180396563
0.0070831643523052825	0.000013205317440112218
0.007120539111477148	0.000013205349031368406
0.0071581110809004886	0.00001320538095768982
0.007195881301167508	0.000013205413222638796
0.007233850818361181	0.000013205445829815738
0.007272020684084183	0.000013205478782859504
0.007310391955488039	0.000013205512085447846
0.007348965695302418	0.000013205545741297803
0.007387742971864529	0.000013205579754166153
0.007426724859148729	0.000013205614127849814
0.007465912436796289	0.000013205648866186304
0.007505306790145253	0.000013205683973054158
0.007544909010260517	0.000013205719452373383
0.007584720193964076	0.000013205755308105902
0.007624741443865349	0.000013205791544256004
0.007664973868391741	0.000013205828164870816
0.00770541858181937	0.000013205865174040743
0.007746076704303877	0.00001320590257589995
0.007786949361911472	0.000013205940374626843
0.007828037686650151	0.000013205978574444524
0.007869342816500995	0.000013206017179621305
0.007910865895449712	0.000013206056194471169
0.007952608073518351	0.000013206095623354272
0.007994570506797095	0.000013206135470677465
0.008036754357476309	0.000013206175740894761
0.008079160793878756	0.000013206216438507886
0.008121790990491902	0.000013206257568066763
0.008164646128000467	0.000013206299134170047
0.008207727393319153	0.000013206341141465664
0.008251035979625468	0.000013206383594651333
0.008294573086392795	0.000013206426498475097
0.008338339919423638	0.000013206469857735898
0.00838233769088297	0.000013206513677284096
0.008426567619331825	0.000013206557962022055
0.008471030929761078	0.00001320660271690468
0.008515728853625318	0.00001320664794694002
0.008560662628876984	0.000013206693657189815
0.00860583350000067	0.0000132067398527701
0.008651242718047547	0.000013206786538851784
0.008696891540670037	0.000013206833720661248
0.008742781232156665	0.000013206881403480956
0.008788913063467033	0.000013206929592650056
0.008835288312267037	0.000013206978293564996
0.008881908262964287	0.000013207027511680162
0.008928774206743616	0.000013207077252508482
0.008975887441602883	0.000013207127521622098
0.009023249272388935	0.000013207178324652983
0.009070861010833701	0.000013207229667293602
0.009118723975590543	0.000013207281555297576
0.009166839492270809	0.000013207333994480343
0.009215208893480492	0.000013207386990719834
0.009263833518857158	0.000013207440549957155
0.009312714715107088	0.000013207494678197275
0.009361853836042511	0.00001320754938150973
0.009411252242619135	0.000013207604666029316
0.009460911302973862	0.00001320766053795681
0.009510832392462622	0.000013207717003559692
0.009561016893698501	0.000013207774069172866
0.009611466196590058	0.00001320783174119941
0.009662181698379747	0.00001320789002611131
0.009713164803682707	0.000013207948930450221
0.00976441692452558	0.000013208008460828224
0.00981593948038566	0.000013208068623928598
0.009867733898230223	0.000013208129426506606
0.009919801612556007	0.000013208190875390287
0.009972144065428956	0.000013208252977481228
0.010024762706524196	0.0000132083157397554
0.010077658993166122	0.000013208379169263966
0.010130834390368812	0.000013208443273134098
0.010184290370876568	0.000013208508058569815
0.010238028415204726	0.00001320857353285283
0.010292050011680666	0.000013208639703343397
0.010346356656484994	0.000013208706577481189
0.010400949853693029	0.00001320877416278615
0.010455831115316432	0.000013208842466859393
0.010511001961345075	0.000013208911497384091
0.010566463919789168	0.000013208981262126371
0.010622218526721563	0.000013209051768936241
0.010678267326320276	0.000013209123025748506
0.010734611870911296	0.000013209195040583697
0.010791253721011553	0.000013209267821549037
0.010848194445372128	0.000013209341376839362
0.01090543562102173	0.000013209415714738131
0.010962978833310363	0.000013209490843618365
0.011020825675953206	0.000013209566771943661
0.011078977751074795	0.000013209643508269187
0.011137436669253374	0.00001320972106124268
0.011196204049565504	0.000013209799439605498
0.011255281519630893	0.000013209878652193625
0.011314670715657496	0.000013209958707938739
0.01137437328248683	0.000013210039615869264
0.011434390873639497	0.000013210121385111442
0.011494725151361025	0.000013210204024890424
0.011555377786667882	0.000013210287544531348
0.011616350459393743	0.000013210371953460474
0.011677644858236047	0.000013210457261206285
0.011739262680802751	0.00001321054347740063
0.011801205633659329	0.00001321063061177988
0.011863475432376067	0.000013210718674186079
0.011926073801575576	0.00001321080767456812
0.011989002474980517	0.000013210897622982934
0.01205226319546167	0.000013210988529596703
0.012115857715086182	0.000013211080404686064
0.012179787795166071	0.000013211173258639346
0.012244055206307048	0.000013211267101957815
0.012308661728457536	0.000013211361945256928
0.012373609150957945	0.000013211457799267617
0.012438899272590277	0.000013211554674837573
0.012504533901627911	0.000013211652582932551
0.012570514855885681	0.00001321175153463769
0.012636843962770252	0.00001321185154115884
0.012703523059330714	0.000013211952613823938
0.012770553992309442	0.00001321205476408435
0.012837938618193278	0.000013212158003516261
0.012905678803264941	0.000013212262343822074
0.012973776423654684	0.000013212367796831827
0.013042233365392293	0.000013212474374504637
0.013111051524459315	0.000013212582088930127
0.01318023280684154	0.0000132126909523299
0.013249779128581829	0.000013212800977059045
0.013319692415833168	0.0000132129121756076
0.013389974604911982	0.000013213024560602108
0.013460627642351819	0.000013213138144807128
0.013531653484957218	0.000013213252941126803
0.01360305409985793	0.000013213368962606434
0.013674831464563372	0.000013213486222434074
0.013746987567017428	0.000013213604733942127
0.013819524405653495	0.000013213724510609
0.013892443989449806	0.00001321384556606074
0.013965748337985116	0.000013213967914072705
0.014039439481494612	0.000013214091568571259
0.014113519460926123	0.00001321421654363548
0.01418799032799669	0.000013214342853498895
0.014262854145249365	0.000013214470512551229
0.014338112986110313	0.000013214599535340175
0.01441376893494629	0.000013214729936573202
0.014489824087122337	0.00001321486173111935
0.014566280549059802	0.000013214994934011091
0.014643140438294719	0.000013215129560446174
0.014720405883536429	0.000013215265625789508
0.01479807902472652	0.00001321540314557509
0.01487616201309814	0.000013215542135507893
0.014954657011235556	0.000013215682611465868
0.015033566193134012	0.000013215824589501875
0.01511289174426001	0.000013215968085845713
0.015192635861611792	0.00001321611311690614
0.015272800753780182	0.0000132162596992729
0.015353388641009791	0.000013216407849718836
0.015434401755260492	0.000013216557585201955
0.015515842340269207	0.00001321670892286758
0.015597712651612104	0.00001321686188005048
0.015680014956767036	0.000013217016474277067
0.015762751535176322	0.000013217172723267586
0.015845924678309923	0.000013217330644938365
0.01592953668972889	0.000013217490257404052
0.016013589885149122	0.000013217651578979925
0.016098086592505577	0.000013217814628184195
0.0161830291520167	0.000013217979423740358
0.01626841991624921	0.000013218145984579568
0.016354261250183338	0.000013218314329843027
0.016440555531278253	0.00001321848447888445
0.016527305149537954	0.000013218656451272494
0.01661451250757742	0.00001321883026679328
0.016702180020689197	0.0000132190059454529
0.01679031011691028	0.000013219183507479986
0.01687890523708932	0.000013219362973328298
0.016967967834954297	0.000013219544363679339
0.017057500377180426	0.000013219727699445026
0.017147505343458467	0.000013219913001770354
0.017237985226563453	0.00001322010029203615
0.017328942532423692	0.000013220289591861803
0.017420379780190162	0.000013220480923108068
0.01751229950230632	0.0000132206743078799
0.01760470424457822	0.000013220869768529303
0.017697596566244995	0.000013221067327658234
0.01779097904004979	0.000013221267008121548
0.01788485425231098	0.000013221468833029966
0.0179792248029938	0.000013221672825753087
0.01807409330578238	0.000013221879009922437
0.01816946238815213	0.000013222087409434566
0.018265334691442446	0.000013222298048454172
0.018361712870929973	0.000013222510951417271
0.018458599595902066	0.00001322272614303441
0.01855599754973073	0.000013222943648293923
0.01865390942994697	0.000013223163492465209
0.018752337948315483	0.000013223385701102088
0.01885128583090973	0.000013223610300046174
0.018950755818187504	0.000013223837315430296
0.019050750665066788	0.000013224066773681976
0.019151273141002043	0.000013224298701526923
0.01925232603006095	0.00001322453312599262
0.019353912131001495	0.000013224770074411908
0.019456034257349465	0.000013225009574426651
0.019558695237476414	0.000013225251653991443
0.01966189791467798	0.000013225496341377332
0.019765645147252594	0.00001322574366517566
0.01986993980858071	0.00001322599365430187
0.01997478478720434	0.000013226246337999448
0.02008018298690708	0.000013226501745843844
0.020186137326794494	0.000013226759907746491
0.020292650741375016	0.000013227020853958863
0.0203997261806412	0.000013227284615076586
0.02050736661015139	0.0000132275512220436
0.020615575011111907	0.000013227820706156398
0.0207243543804596	0.000013228093099068284
0.020833707730944815	0.000013228368432793727
0.02094363809121488	0.000013228646739712744
0.02105414850589799	0.000013228928052575375
0.02116524203568746	0.00001322921240450617
0.021276921757426594	0.000013229499829008787
0.021389190764193836	0.00001322979035997062
0.021502052165388426	0.000013230084031667497
0.021615509086816583	0.000013230380878768461
0.021729564670778023	0.000013230680936340587
0.021844222076152983	0.000013230984239853868
0.021959484478489753	0.000013231290825186208
0.02207535507009261	0.00001323160072862842
0.022191837060110183	0.000013231913986889358
0.02230893367462441	0.000013232230637101055
0.02242664815673986	0.000013232550716823987
0.022544983766673497	0.000013232874264052391
0.022663943781845067	0.000013233201317219632
0.022783531496967824	0.000013233531915203686
0.02290375022413975	0.00001323386609733267
0.02302460329293535	0.000013234203903390451
0.023146094050497844	0.000013234545373622364
0.023268225861631815	0.000013234890548740964
0.023391002108896494	0.000013235239469931892
0.023514426192699386	0.000013235592178859805
0.023638501531390438	0.000013235948717674412
0.02376323156135676	0.000013236309129016574
0.02388861973711777	0.000013236673456024491
0.024014669531420847	0.000013237041742339994
0.02414138443533757	0.000013237414032114903
0.024268767958360356	0.000013237790370017508
0.02439682362849971	0.000013238170801239106
0.02452555499238184	0.000013238555371500652
0.024654965615347014	0.000013238944127059504
0.02478505908154822	0.000013239337114716278
0.024915838994050428	0.000013239734381821752
0.025047308974930436	0.000013240135976283944
0.025179472665377158	0.000013240541946575226
0.025312333725792432	0.000013240952341739577
0.025445895835892473	0.000013241367211399947
0.02558016269480975	0.000013241786605765688
0.025715138021195395	0.000013242210575640146
0.02585082555332227	0.000013242639172428325
0.025987229049188477	0.000013243072448144677
0.02612435228662138	0.000013243510455421012
0.026262199063382334	0.000013243953247514517
0.02640077319727181	0.000013244400878315907
0.026540078526235106	0.00001324485340235766
0.02668011890846872	0.000013245310874822435
0.026820898222527163	0.000013245773351551556
0.02696242036743034	0.000013246240889053655
0.02710468926277162	0.000013246713544513443
0.027247708848826355	0.000013247191375800602
0.027391483086660954	0.00001324767444147882
0.027536015958242694	0.000013248162800814954
0.02768131146654994	0.000013248656513788336
0.02782737363568299	0.000013249155641100227
0.027974206510975597	0.000013249660244183405
0.028121814159106966	0.000013250170385211896
0.028270200668214354	0.000013250686127110867
0.02841937014800637	0.00001325120753356666
0.028569326729876755	0.000013251734669036988
0.02872007456701876	0.000013252267598761283
0.028871617834540272	0.000013252806388771197
0.029023960729579395	0.000013253351105901275
0.02917710747142064	0.000013253901817799807
0.02933106230161189	0.00001325445859293981
0.029485829484081804	0.000013255021500630221
0.029641413305257942	0.000013255590611027247
0.02979781807418542	0.000013256165995145889
0.02995504812264634	0.00001325674772487165
0.030113107805279735	0.000013257335872972452
0.03027200149970211	0.000013257930513110693
0.03043173360662878	0.000013258531719855551
0.030592308549995718	0.000013259139568695417
0.030753730777082013	0.000013259754136050599
0.03091600475863316	0.000013260375499286187
0.03107913498898481	0.000013261003736725114
0.03124312598618722	0.000013261638927661464
0.03140798229213046	0.000013262281152373964
0.03157370847267017	0.000013262930492139712
0.03174030911775397	0.00001326358702924811
0.031907788841548664	0.000013264250847015042
0.032076152282568	0.000013264922029797273
0.032245404103801084	0.000013265600663007086
0.03241554899284163	0.00001326628683312715
0.03258659166201773	0.000013266980627725659
0.032758536848522306	0.000013267682135471667
0.03293138931454445	0.000013268391446150751
0.03310515384740122	0.000013269108650680871
0.03327983525967021	0.00001326983384112851
0.03345543838932293	0.000013270567110725112
0.03363196809985876	0.000013271308553883751
0.03380942928043956	0.000013272058266216107
0.03398782684602524	0.000013272816344549725
0.03416716573750979	0.000013273582886945562
0.03434745092185807	0.000013274357992715816
0.03452868739224351	0.00001327514176244208
0.03471088016818633	0.000013275934297993803
0.03489403429569251	0.000013276735702547038
0.035078154847393635	0.000013277546080603554
0.03526324692268735	0.00001327836553801024
0.035449315647878586	0.000013279194181978854
0.03563636617632151	0.000013280032121106129
0.03582440368856232	0.000013280879465394195
0.03601343339248271	0.000013281736326271393
0.03620346052344401	0.00001328260281661341
0.03639449034443233	0.000013283479050764831
0.03658652814620425	0.000013284365144561023
0.03677957924743331	0.000013285261215350435
0.0369736489948574	0.000013286167382017277
0.03716874276342683	0.0000132870837650046
0.03736486595645311	0.000013288010486337795
0.037562024005758685	0.000013288947669648508
0.0377602223718274	0.00001328989544019896
0.03795946654395559	0.000013290853924906739
0.03815976204040429	0.000013291823252370007
0.03836111440855196	0.000013292803552893181
0.0385635292250481	0.000013293794958513062
0.03876701209596781	0.000013294797603025458
0.038971568656967	0.000013295811622012256
0.039177204573438394	0.000013296837152869041
0.03938392554066859	0.000013297874334833163
0.03959173728399573	0.000013298923309012368
0.03980064555896797	0.000013299984218413918
0.04001065615150306	0.000013301057207974274
0.040221774878048504	0.000013302142424589325
0.04043400758574258	0.000013303240017145168
0.04064736015257643	0.000013304350136549477
0.040861838487556784	0.000013305472935763448
0.041077448530869545	0.00001330660856983434
0.04129419625404445	0.000013307757195928657
0.04151208766012038	0.000013308918973365917
0.04173112878381155	0.000013310094063653096
0.04195132569167481	0.000013311282630519711
0.04217268448227757	0.00001331248483995355
0.04239521128636663	0.00001331370086023716
0.042618912267038137	0.00001331493086198494
0.04284379361990818	0.00001331617501818102
0.043069861573284414	0.000013317433504217849
0.0432971223883385	0.000013318706497935521
0.04352558235927961	0.000013319994179661893
0.04375524781352872	0.00001332129673225345
0.04398612511189376	0.000013322614341137016
0.04421822064874592	0.00001332394719435226
0.04445154085219672	0.00001332529548259502
0.04468609218427591	0.000013326659399261535
0.04492188114111063	0.000013328039140493521
0.04515891425310523	0.000013329434905224156
0.045397198085122104	0.000013330846895224979
0.04563673923666358	0.000013332275315153749
0.0458775443420547	0.000013333720372603238
0.04611962007062687	0.000013335182278151047
0.0463629731269027	0.000013336661245410397
0.04660761025078162	0.000013338157491081984
0.04685353821772651	0.000013339671235006885
0.04710076383895147	0.000013341202700220529
0.04734929396161039	0.000013342752113007804
0.04759913546898653	0.000013344319702959305
0.04785029528068329	0.000013345905703028712
0.048102780352815795	0.000013347510349591412
0.048356597678203474	0.0000133491338825043
0.04861175428656387	0.000013350776545166858
0.04886825724470728	0.000013352438584583512
0.049126113656732376	0.000013354120251427312
0.049385330664223154	0.000013355821800104948
0.04964591544644659	0.000013357543488823144
0.049907875220551456	0.000013359285579656504
0.050171217241768346	0.000013361048338616761
0.0504359488036105	0.000013362832035723553
0.05070207723807578	0.000013364636945076709
0.050969609915849874	0.000013366463344930107
0.05123855424651034	0.00001336831151776713
0.051508917678731767	0.000013370181750377763
0.05178070770049221	0.000013372074333937412
0.0520539318392805	0.000013373989564087411
0.05232859766230472	0.000013375927741017335
0.05260471277670178	0.000013377889169549116
0.05288228482974814	0.00001337987415922305
0.053161321509071637	0.000013381883024385728
0.053441830542864256	0.00001338391608427988
0.053723819700096355	0.00001338597366313632
0.05400729679073175	0.000013388056090267925
0.054292269665943936	0.000013390163700165737
0.05457874621833369	0.000013392296832597266
0.054866734382147606	0.00001339445583270704
0.055156242133497735	0.000013396641051119462
0.05544727749058266	0.000013398852844044017
0.0557398485139095	0.000013401091573382941
0.05603396330651705	0.000013403357606841366
0.056329630014200376	0.000013405651318040032
0.05662685682573636	0.000013407973086630646
0.05692565197311037	0.000013410323298413965
0.05722602373174446	0.000013412702345460617
0.05752798042072646	0.000013415110626234835
0.05783153040304029	0.000013417548545721105
0.05813668208579778	0.000013420016515553836
0.05844344392047141	0.000013422514954150159
0.05875182440312828	0.000013425044286845912
0.05906183207466562	0.000013427604946034896
0.059373475521047235	0.000013430197371311545
0.05968676337354121	0.000013432822009617046
0.060001704308959146	0.00001343547931538905
0.06031830704989639	0.000013438169750715062
0.06063658036497351	0.00001344089378548961
0.06095653306907935	0.000013443651897575323
0.061278174023615045	0.000013446444572968015
0.0616015121367394	0.000013449272305965894
0.06192655636361574	0.000013452135599343019
0.06225331570665991	0.000013455034964527161
0.06258179921578942	0.000013457970921782114
0.06291201598867437	0.000013460944000394706
0.06324397517098923	0.000013463954738866556
0.06357768595666624	0.000013467003685110761
0.06391315758814989	0.00001347009139665365
0.0642503993566531	0.000013473218440841797
0.06458942060241447	0.000013476385395054358
0.06493023071495686	0.000013479592846921036
0.0652728391333476	0.000013482841394545702
0.06561725534645986	0.000013486131646735952
0.06596348889323538	0.00001348946422323875
0.06631154936294875	0.000013492839754982315
0.06666144639547304	0.000013496258884324516
0.06701318968154658	0.000013499722265307915
0.06736678896304157	0.000013503230563921699
0.06772225403323384	0.000013506784458370736
0.06807959473707394	0.00001351038463935194
0.06843882097145998	0.000013514031810338231
0.06879994268551173	0.000013517726687870278
0.06916296988084598	0.00001352147000185634
0.06952791261185377	0.000013525262495880413
0.0698947809859788	0.000013529104927518997
0.07026358516399717	0.000013532998068666752
0.0706343353602991	0.00001353694270587132
0.07100704184317165	0.000013540939640677642
0.07138171493508307	0.0000135449896899821
0.0717583650129688	0.000013549093686396767
0.07213700250851889	0.00001355325247862414
0.07251763790846671	0.000013557466931842742
0.07290028175487967	0.00001356173792810386
0.07328494464545103	0.000013566066366739953
0.07367163723379334	0.000013570453164784988
0.07406037022973373	0.000013574899257407209
0.07445115439961039	0.000013579405598354754
0.07484400056657063	0.000013583973160414525
0.07523891961087091	0.000013588602935884863
0.07563592247017807	0.000013593295937062448
0.07603502013987205	0.000013598053196743923
0.07643622367335078	0.000013602875768742872
0.07683954418233603	0.000013607764728422577
0.07724499283718139	0.000013612721173245182
0.07765258086718133	0.00001361774622333792
0.07806231956088251	0.000013622841022076907
0.07847422026639639	0.000013628006736689257
0.07888829439171322	0.000013633244558874157
0.07930455340501844	0.000013638555705443574
0.07972300883501	0.00001364394141898342
0.08014367227121773	0.000013649402968535845
0.08056655536432435	0.000013654941650303536
0.08099166982648819	0.000013660558788376847
0.0814190274316674	0.000013666255735484578
0.08184864001594626	0.000013672033873769421
0.0822805194778629	0.000013677894615588925
0.0827146777787387	0.000013683839404343078
0.0831511269430098	0.000013689869715329466
0.08358987905856007	0.000013695987056627155
0.08403094627705571	0.000013702192970010422
0.08447434081428207	0.000013708489031893544
0.08492007495048184	0.000013714876854307879
0.0853681610306951	0.000013721358085912555
0.08581861146510138	0.000013727934413040166
0.08627143872936331	0.00001373460756077887
0.08672665536497204	0.000013741379294092443
0.08718427397959475	0.000013748251418979814
0.08764430724742381	0.00001375522578367582
0.08810676790952761	0.000013762304279894817
0.08857166877420372	0.000013769488844119037
0.0890390227173335	0.000013776781458933631
0.08950884268273852	0.00001378418415441029
0.08998114168253947	0.00001379169900954169
0.0904559327975162	0.00001379932815372889
0.09093322917747002	0.000013807073768324028
0.09141304404158813	0.000013814938088230778
0.09189539067880961	0.000013822923403565157
0.0923802824481933	0.000013831032061379317
0.09286773277928806	0.000013839266467451256
0.0933577551725046	0.000013847629088143411
0.09385036319948942	0.000013856122452333274
0.09434557050350052	0.000013864749153419378
0.09484339079978557	0.000013873511851406165
0.09534383787596155	0.000013882413275071422
0.09584692559239656	0.000013891456224220164
0.09635266788259392	0.00001390064357202911
0.09686107875357797	0.00001390997826748609
0.09737217228628182	0.000013919463337928924
0.09788596263593768	0.00001392910189168866
0.0984024640324687	0.000013938897120842275
0.09892169078088298	0.000013948852304080227
0.09944365726167	0.000013958970809694608
0.09996837793119885	0.000013969256098693917
0.10049586732211835	0.000013979711728050911
0.10102614004375998	0.000013990341354090239
0.10155921078254201	0.000014001148736023142
0.1020950943023769	0.00001401213773963677
0.10263380544507943	0.000014023312341146204
0.10317535913077822	0.000014034676631217808
0.10371977035832916	0.000014046234819172965
0.10426705420573024	0.000014057991237381855
0.10481722583053941	0.000014069950345857597
0.1053703004702948	0.000014082116737061644
0.105926293442936	0.000014094495140932029
0.10648522014722868	0.000014107090430146851
0.10704709606319136	0.000014119907625636178
0.10761193675252355	0.000014132951902356316
0.10817975785903704	0.000014146228595341501
0.10875057510908946	0.00001415974320604886
0.10932440431201926	0.000014173501409013691
0.10990126136058383	0.000014187509058833247
0.11048116223140002	0.000014201772197498427
0.11106412298538598	0.000014216297062094078
0.11165015976820629	0.000014231090092890177
0.11223928881071946	0.000014246157941847628
0.11283152642942681	0.000014261507481564099
0.11342688902692472	0.000014277145814687203
0.11402539309235919	0.000014293080283824304
0.11462705520188192	0.00001430931848198029
0.11523189201910972	0.000014325868263557073
0.1158399202955863	0.000014342737755951092
0.11645115687124569	0.0000143599353717877
0.11706561867487877	0.000014377469821834494
0.11768332272460269	0.000014395350128638749
0.11830428612833134	0.000014413585640937603
0.11892852608424963	0.000014432186048893639
0.11955605988129009	0.000014451161400212554
0.12018690489961105	0.000014470522117204174
0.1208210786110783	0.000014490279014853194
0.12145859857974943	0.00001451044331997134
0.12209948246235947	0.000014531026691508652
0.12274374800881033	0.00001455204124210823
0.12339141306266277	0.000014573499560995856
0.12404249556162969	0.00001459541473830378
0.12469701353807397	0.000014617800390936804
0.125354985119507	0.000014640670690098032
0.12601642852909112	0.0000146640403906025
0.1266813620861447	0.000014687924862118216
0.1273498042066487	0.000014712340122487065
0.1280217734037573	0.00001473730287329217
0.12869728828831076	0.00001476283053785396
0.12937636756935023	0.000014788941301854452
0.13005903005463626	0.000014815654156808708
0.1307452946511702	0.000014842988946623619
0.13143518036571697	0.000014870966417508078
0.13212870630533174	0.000014899608271525182
0.1328258916778898	0.0000149289372241066
0.13352675579261752	0.000014958977065882328
0.13423131806062766	0.00001498975272921625
0.13493959799545724	0.00001502129035987918
0.13565161521360736	0.000015053617394337804
0.1363673894350868	0.000015086762643190345
0.13708694048395856	0.00001512075638133873
0.1378102882888882	0.00001515563044555363
0.13853745288369607	0.000015191418340164199
0.13926845440791266	0.000015228155351689389
0.14000331310733555	0.000015265878673324608
0.14074204933459053	0.0000153046275403075
0.1414846835496957	0.00001534444337731193
0.1422312363206273	0.000015385369959162212
0.1429817283238898	0.000015427453586323557
0.14373618034508895	0.00001547074327681217
0.14449461327950663	0.000015515290976384117
0.14525704813267995	0.000015561151789110797
0.14602350602098352	0.000015608384230735648
0.14679400817221336	0.00001565705050753881
0.14756857592617528	0.000015707216823822545
0.1483472307352764	0.000015758953721578932
0.14912999416511824	0.00001581233645642542
0.14991688789509472	0.000015867445414507753
0.1507079337189928	0.000015924366575790378
0.15150315354559524	0.00001598319203000337
0.15230256939928793	0.000016044020552519272
0.15310620342067022	0.00001610695824862347
0.15391407786716726	0.00001617211927605955
0.1547262151136469	0.00001623962665742525
0.15554263765303988	0.000016309613196026995
0.15636336809696175	0.000016382222511249033
0.1571884291763397	0.00001645761021245605
0.1580178437420426	0.000016535945234047724
0.15885163476551284	0.000016617411358679518
0.15968982533940299	0.000016702208961059302
0.16053243867821604	0.00001679055701138333
0.1613794981189472	0.000016882695385729703
0.16223102712173082	0.000016978887541025604
0.1630870492704906	0.000017079423625130563
0.1639475882735918	0.00001718462410890843
0.16481266796449834	0.000017294844047934366
0.1656823123024334	0.00001741047810809897
0.16655654537304201	0.0000175319665237394
0.1674353913890586	0.000017659802201669545
0.1683188746909781	0.00001779453924324059
0.1692070197477291	0.000017936803234459183
0.17009985115735196	0.00001808730375849678
0.17099739364768074	0.000018246849726106834
0.17189967207702692	0.00001841636831280041
0.17280671143486834	0.000018596928559724093
0.17371853684254202	0.00001878977107203879
0.17463517355393862	0.00001899634578624382
0.17555664695620268	0.000019218360557443353
0.176482982570436	0.00001945784446808196
0.1774142060524036	0.000019717231491257364
0.17835034319324478	0.000019999472804848732
0.17929141992018782	0.00002030819024854059
0.1802374622972672	0.00002064789020778038
0.18118849652604588	0.000021024268544274736
0.18214454894634152	0.000021444656781641924
0.1831056460369548	0.000021918694990288242
0.18407181441640413	0.00002245938322007235
0.18504308084366167	0.000023084795554470284
0.18601947221889492	0.00002382102212512618
0.18700101558421245	0.000024707553186135844
0.18798773812441152	0.000025807976510159306
0.18897966716773176	0.00002723369673317664
0.18997683018661252	0.000029205364707634863
0.1909792547984526	0.00003225544178541076
0.19198696876637572	0.00003828020117668341
0.19300000000000006	0.07166356815567075
0.194	1 		#JOSU
0.195	10 		#JOSU
0.196	100 	#JOSU