# m4 [GeV] CNH/Lambda^2 [GeV^-2], 1sigma from Z invisible decay (LEP) (PDG 2022, Workman:2022ynf). Assuming Majorana neutrinos.
0.001	1.8622536711327465e-6
0.001013115373946478	1.862253671150486e-6
0.0010264027609267119	1.8622536711686937e-6
0.0010398644169559632	1.862253671187382e-6
0.0010535026276379767	1.862253671206564e-6
0.001067319708553046	1.8622536712262522e-6
0.001081318005651165	1.8622536712464602e-6
0.00109549989565034	1.862253671267202e-6
0.0011098677864401216	1.8622536712884917e-6
0.0011244241174904336	1.862253671310343e-6
0.001139171360265759	1.8622536713327714e-6
0.0011541120186447638	1.8622536713557919e-6
0.0011692486293454142	1.8622536713794205e-6
0.0011845837623556863	1.8622536714036725e-6
0.0012001200213699068	1.8622536714285651e-6
0.0012158600442308282	1.862253671454115e-6
0.0012318065033774968	1.8622536714803394e-6
0.0012479621062989961	1.8622536715072558e-6
0.0012643295959941416	1.8622536715348832e-6
0.0012809117514372044	1.8622536715632404e-6
0.0012977113880497412	1.862253671592346e-6
0.0013147313581786165	1.86225367162222e-6
0.00133197455158029	1.8622536716528827e-6
0.0013494438959114577	1.8622536716843553e-6
0.0013671423572261287	1.8622536717166584e-6
0.0013850729404792186	1.8622536717498149e-6
0.0014032386900367515	1.8622536717838461e-6
0.0014216426901927494	1.8622536718187765e-6
0.001440288065692904	1.8622536718546293e-6
0.001459177982265116	1.8622536718914278e-6
0.0014783156471569901	1.8622536719291989e-6
0.0014977043096803836	1.8622536719679665e-6
0.001517347261763095	1.862253672007758e-6
0.0015372478385077824	1.8622536720486002e-6
0.001557409418758227	1.8622536720905205e-6
0.001577835425673008	1.862253672133548e-6
0.0015985293273067097	1.8622536721777111e-6
0.001619494637198749	1.8622536722230405e-6
0.0016407349149699262	1.8622536722695664e-6
0.0016622537669267997	1.862253672317321e-6
0.001684054846673986	1.8622536723663365e-6
0.0017061418557344941	1.862253672416646e-6
0.0017285185441781898	1.862253672468284e-6
0.0017511887112585086	1.862253672521285e-6
0.0017741562060575146	1.8622536725756858e-6
0.0017974249281394235	1.8622536726315226e-6
0.0018209988282126934	1.862253672688834e-6
0.001844881908800801	1.8622536727476582e-6
0.0018690782249218155	1.8622536728080356e-6
0.0018935918847768844	1.862253672870007e-6
0.0019184270504477492	1.8622536729336152e-6
0.001943587938603412	1.8622536729989024e-6
0.0019690788212160582	1.8622536730659133e-6
0.001994904026286399	1.8622536731346936e-6
0.0020210679385784793	1.8622536732052902e-6
0.0020475750003641734	1.86225367327775e-6
0.0020744297121774095	1.8622536733521238e-6
0.0021016366335783005	1.8622536734284605e-6
0.0021292003839272974	1.8622536735068132e-6
0.0021571256431694883	1.8622536735872345e-6
0.002185417152629193	1.862253673669779e-6
0.002214079715814972	1.862253673754503e-6
0.0022431181992351966	1.862253673841464e-6
0.0022725375332243165	1.862253673930721e-6
0.0023023427127799602	1.8622536740223346e-6
0.0023325387984110177	1.8622536741163671e-6
0.0023631309169968467	1.8622536742128825e-6
0.0023941242626577437	1.8622536743119457e-6
0.0024255240976368358	1.8622536744136246e-6
0.0024573357531935363	1.8622536745179882e-6
0.0024895646305087196	1.8622536746251072e-6
0.002522216201601767	1.8622536747350548e-6
0.0025552960102596415	1.862253674847905e-6
0.0025888096729781403	1.8622536749637348e-6
0.002622762879915508	1.862253675082623e-6
0.002657161395858541	1.86225367520465e-6
0.002692011061201371	1.8622536753298987e-6
0.0027273177929370822	1.8622536754584544e-6
0.002763087585662335	1.8622536755904043e-6
0.0027993265125951673	1.8622536757258383e-6
0.002836040726606143	1.862253675864848e-6
0.002873236461263024	1.862253676007528e-6
0.0029109200318891432	1.862253676153975e-6
0.002949097836635663	1.8622536763042886e-6
0.0029877763575678886	1.8622536764585708e-6
0.0030269621617658375	1.8622536766169265e-6
0.003066661902439236	1.8622536767794637e-6
0.0031068823200571436	1.862253676946292e-6
0.0031476302434923944	1.862253677117525e-6
0.0031889125911810407	1.862253677293279e-6
0.003230736372297012	1.8622536774736735e-6
0.003273108687942178	1.8622536776588308e-6
0.003316036732352002	1.8622536778488769e-6
0.0033595277941170587	1.8622536780439403e-6
0.003403589257420487	1.8622536782441543e-6
0.0034482286032917753	1.8622536784496543e-6
0.003493453410876888	1.8622536786605805e-6
0.003539271358725138	1.8622536788770751e-6
0.003585690226092877	1.8622536790992864e-6
0.003632717894264316	1.8622536793273644e-6
0.0036803623478896545	1.8622536795614644e-6
0.003728631676340765	1.8622536798017448e-6
0.003777534075084657	1.86225368004837e-6
0.0038270778470749552	1.8622536803015065e-6
0.003877271404161625	1.8622536805613262e-6
0.003928123268519191	1.8622536808280059e-6
0.003979642074093681	1.8622536811017273e-6
0.004031836568068556	1.8622536813826752e-6
0.00408471561234986	1.8622536816710406e-6
0.004138288185070845	1.8622536819670204e-6
0.004192563382116341	1.8622536822708143e-6
0.004247550418667107	1.8622536825826293e-6
0.004303258630764449	1.8622536829026771e-6
0.00435969747689533	1.8622536832311754e-6
0.004416876539598332	1.8622536835683468e-6
0.004474805527090586	1.86225368391442e-6
0.00453349427491615	1.862253684269631e-6
0.004592952747615892	1.8622536846342206e-6
0.004653191040419378	1.862253685008436e-6
0.0047142193809588786	1.862253685392532e-6
0.004776048131005888	1.8622536857867688e-6
0.0048386877882304075	1.862253686191415e-6
0.004902148987983306	1.8622536866067448e-6
0.004966442505102055	1.8622536870330402e-6
0.005031579255740152	1.8622536874705914e-6
0.005097570299220525	1.862253687919695e-6
0.005164426839913262	1.8622536883806563e-6
0.005232160229137951	1.862253688853788e-6
0.0053007819670909855	1.8622536893394116e-6
0.005370303704798131	1.8622536898378574e-6
0.005440737246092714	1.862253690349463e-6
0.005512094549619756	1.862253690874577e-6
0.005584387730866357	1.862253691413555e-6
0.005657629064218799	1.8622536919667636e-6
0.005731830985046485	1.8622536925345787e-6
0.005807006091813384	1.8622536931173854e-6
0.005883167148216992	1.8622536937155802e-6
0.005960327085355492	1.8622536943295686e-6
0.006038499003923251	1.8622536949597683e-6
0.006117696176435139	1.8622536956066067e-6
0.006197932049480024	1.8622536962705234e-6
0.006279220246003815	1.8622536969519694e-6
0.006361574567622451	1.8622536976514077e-6
0.0064450089969652225	1.862253698369313e-6
0.006529537700048837	1.862253699106173e-6
0.006615175028682602	1.862253699862488e-6
0.0067019355229051775	1.862253700638772e-6
0.006789833913453264	1.8622537014355518e-6
0.006878885124262681	1.8622537022533689e-6
0.00696910427500225	1.8622537030927787e-6
0.007060506683640903	1.8622537039543512e-6
0.0071531078690484605	1.8622537048386712e-6
0.007246923553630533	1.8622537057463402e-6
0.007341969665997928	1.8622537066779742e-6
0.007438262343671197	1.8622537076342058e-6
0.007535817935820442	1.8622537086156843e-6
0.007634653006041311	1.8622537096230769e-6
0.007734784335167145	1.8622537106570671e-6
0.007836228924118222	1.8622537117183575e-6
0.007939003996788239	1.8622537128076694e-6
0.008043127002968699	1.8622537139257416e-6
0.00814861562131165	1.862253715073334e-6
0.008255487762331263	1.8622537162512263e-6
0.008363761571444809	1.862253717460218e-6
0.00847345543205349	1.8622537187011309e-6
0.008584587968663687	1.862253719974807e-6
0.008697178050049147	1.8622537212821116e-6
0.008811244792454641	1.8622537226239325e-6
0.00892680756284164	1.8622537240011816e-6
0.009043885982176557	1.8622537254147936e-6
0.009162499928762112	1.8622537268657289e-6
0.009282669541612405	1.8622537283549729e-6
0.009404415223872233	1.8622537298835374e-6
0.009527757646281276	1.8622537314524597e-6
0.009652717750683661	1.862253733062806e-6
0.009779316753583692	1.86225373471567e-6
0.00990757614974799	1.8622537364121741e-6
0.010037517715855145	1.8622537381534708e-6
0.010169163514192983	1.8622537399407423e-6
0.010302535896404504	1.8622537417752028e-6
0.010437657507282866	1.8622537436580982e-6
0.010574551288616145	1.862253745590707e-6
0.010713240483082555	1.8622537475743423e-6
0.01085374863819673	1.862253749610351e-6
0.010996099610307754	1.8622537517001157e-6
0.011140317568649662	1.8622537538450564e-6
0.01128642699944502	1.862253756046629e-6
0.011434452710062368	1.8622537583063292e-6
0.011584419833228153	1.8622537606256924e-6
0.011736353831293936	1.8622537630062926e-6
0.011890280500559541	1.8622537654497474e-6
0.012046225975652896	1.862253767957716e-6
0.01220421673396736	1.8622537705319021e-6
0.012364279600157206	1.862253773174054e-6
0.012526441750692075	1.8622537758859658e-6
0.012690730718471176	1.8622537786694794e-6
0.012857174397497981	1.8622537815264857e-6
0.01302580104761625	1.8622537844589246e-6
0.013196639299308161	1.8622537874687882e-6
0.013369718158555375	1.8622537905581204e-6
0.013545067011763851	1.8622537937290198e-6
0.013722715630753238	1.8622537969836393e-6
0.013902694177811743	1.8622538003241903e-6
0.014085033210817267	1.8622538037529405e-6
0.014269763688425696	1.8622538072722194e-6
0.014456916975327272	1.8622538108844168e-6
0.014646524847571873	1.8622538145919866e-6
0.01483861949796416	1.8622538183974466e-6
0.015033233541529458	1.8622538223033807e-6
0.015230400021051353	1.8622538263124429e-6
0.015430152412681895	1.862253830427355e-6
0.01563252463162537	1.8622538346509122e-6
0.015837551037896663	1.862253838985983e-6
0.016045266442155107	1.8622538434355118e-6
0.016255706111614844	1.8622538480025202e-6
0.01646890577603272	1.8622538526901104e-6
0.0166849016337747	1.8622538575014661e-6
0.016903730357961857	1.8622538624398548e-6
0.01712542910269696	1.8622538675086308e-6
0.017350035509372724	1.862253872711236e-6
0.01757758771306282	1.862253878051205e-6
0.017808124348996663	1.8622538835321637e-6
0.018041684559119135	1.8622538891578347e-6
0.01827830799873638	1.8622538949320392e-6
0.018518034843248706	1.8622539008586985e-6
0.018760905794971822	1.8622539069418382e-6
0.01900696209004752	1.8622539131855897e-6
0.019256245505445024	1.8622539195941934e-6
0.019508798366054122	1.862253926172002e-6
0.01976466355187136	1.8622539329234829e-6
0.020023884505280476	1.8622539398532216e-6
0.020286505238428326	1.8622539469659248e-6
0.020552570340697497	1.862253954266423e-6
0.020822124986277037	1.8622539617596743e-6
0.021095214941832363	1.8622539694507686e-6
0.021371886574275824	1.8622539773449287e-6
0.021652186858639164	1.862253985447517e-6
0.02193616338604923	1.8622539937640354e-6
0.022223864371808306	1.8622540023001334e-6
0.022515338663580377	1.862254011061608e-6
0.022810635749684827	1.86225402005441e-6
0.023109805767498857	1.8622540292846462e-6
0.023412899511970075	1.862254038758587e-6
0.023719968444240874	1.8622540484826657e-6
0.02403106470038575	1.8622540584634873e-6
0.024346241100263316	1.8622540687078303e-6
0.024665551156484382	1.8622540792226523e-6
0.024989049083497656	1.8622540900150946e-6
0.02531678980679462	1.8622541010924875e-6
0.02564882897223511	1.8622541124623541e-6
0.025985222955495234	1.8622541241324168e-6
0.02632602887163917	1.862254136110602e-6
0.026671304584816494	1.862254148405044e-6
0.027021108718086773	1.8622541610240934e-6
0.027375500663372916	1.8622541739763211e-6
0.027734540591545107	1.8622541872705236e-6
0.028098289462636993	1.8622542009157297e-6
0.028466809036195858	1.862254214921207e-6
0.028840161881768547	1.8622542292964683e-6
0.029218411389524898	1.8622542440512764e-6
0.02960162178102055	1.8622542591956523e-6
0.02998985812010084	1.8622542747398819e-6
0.0303831863239478	1.8622542906945225e-6
0.030781673174271888	1.8622543070704097e-6
0.031185386328650734	1.862254323878666e-6
0.03159439433201637	1.8622543411307071e-6
0.032008766628293245	1.8622543588382498e-6
0.032428573572188854	1.8622543770133212e-6
0.032853886441138985	1.8622543956682654e-6
0.033284777447409646	1.8622544148157513e-6
0.03372131975035772	1.862254434468785e-6
0.03416358746885241	1.862254454640713e-6
0.03461165569385964	1.8622544753452365e-6
0.035065600501191355	1.862254496596417e-6
0.03552549896442228	1.8622545184086878e-6
0.035991429167975895	1.8622545407968634e-6
0.03646347022038207	1.8622545637761498e-6
0.03694170226770865	1.8622545873621526e-6
0.037426206507169095	1.8622546115708925e-6
0.03791706520090873	1.8622546364188105e-6
0.03841436168997163	1.8622546619227828e-6
0.03891818040845087	1.8622546881001313e-6
0.03942860689782421	1.8622547149686349e-6
0.03994572782147786	1.8622547425465424e-6
0.040469630979420766	1.8622547708525833e-6
0.04100040532319184	1.8622547999059832e-6
0.041538140970962666	1.8622548297264744e-6
0.04208292922283836	1.8622548603343094e-6
0.042634862576359046	1.8622548917502775e-6
0.04319403474220469	1.8622549239957148e-6
0.04376054066010587	1.8622549570925224e-6
0.044334476514963216	1.8622549910631785e-6
0.04491593975317832	1.8622550259307551e-6
0.04550502909919873	1.8622550617189337e-6
0.04610184457228008	1.8622550984520203e-6
0.04670648750346794	1.8622551361549639e-6
0.047319060552802425	1.862255174853371e-6
0.04793966772674846	1.862255214573525e-6
0.048568414395854666	1.8622552553424028e-6
0.049205407312643806	1.8622552971876935e-6
0.04985075462973789	1.862255340137818e-6
0.05050456591822102	1.8622553842219464e-6
0.05116695218624304	1.86225542947002e-6
0.05183802589786719	1.8622554759127709e-6
0.05251790099216493	1.862255523581741e-6
0.05320669290256128	1.8622555725093069e-6
0.05390451857643379	1.862255622728698e-6
0.05461149649496858	1.8622556742740235e-6
0.05532774669327687	1.8622557271802911e-6
0.0560533907807752	1.8622557814834343e-6
0.056788551961833134	1.8622558372203342e-6
0.05753335505669157	1.8622558944288456e-6
0.05828792652265556	1.8622559531478245e-6
0.059052394475565054	1.862256013417151e-6
0.05982688871154702	1.8622560752777586e-6
0.060611540729053275	1.862256138771662e-6
0.06140648375118699	1.8622562039419853e-6
0.06221185274832213	1.8622562708329903e-6
0.0630277844610196	1.8622563394901086e-6
0.06385441742324388	1.8622564099599705e-6
0.06469189198588422	1.8622564822904375e-6
0.06554035034058425	1.8622565565306353e-6
0.0663999365438842	1.862256632730987e-6
0.06727079654167968	1.8622567109432458e-6
0.06815307819400124	1.8622567912205316e-6
0.06904693130011912	1.8622568736173683e-6
0.06995250762397695	1.8622569581897177e-6
0.07086996091995926	1.86225704499502e-6
0.0717994469589968	1.8622571340922316e-6
0.07274112355501436	1.862257225541866e-6
0.07369515059172532	1.8622573194060342e-6
0.07466169004977781	1.8622574157484867e-6
0.07564090603425667	1.8622575146346587e-6
0.0766329648025464	1.862257616131711e-6
0.07763803479255908	1.8622577203085793e-6
0.07865628665133316	1.8622578272360185e-6
0.07968789326400676	1.8622579369866522e-6
0.08073302978317122	1.8622580496350218e-6
0.08179187365860965	1.8622581652576354e-6
0.0828646046674254	1.8622582839330224e-6
0.08395140494456575	1.8622584057417863e-6
0.08505245901374593	1.862258530766657e-6
0.08616795381877869	1.8622586590925494e-6
0.08729807875531483	1.8622587908066216e-6
0.0884430257029999	1.8622589259983312e-6
0.08960298905805271	1.8622590647594994e-6
0.09077816576627123	1.8622592071843706e-6
0.09196875535647125	1.8622593533696778e-6
0.09317495997436352	1.862259503414709e-6
0.09439698441687541	1.8622596574213718e-6
0.0956350361669226	1.8622598154942672e-6
0.09688932542863672	1.862259977740756e-6
0.09816006516305528	1.862260144271034e-6
0.0994474711242794	1.8622603151982077e-6
0.10075176189610589	1.862260490638369e-6
0.10207315892913983	1.8622606707106744e-6
0.10341188657839377	1.8622608555374284e-6
0.10476817214138018	1.8622610452441634e-6
0.10614224589670335	1.862261239959727e-6
0.10753434114315774	1.8622614398163686e-6
0.10894469423933839	1.8622616449498288e-6
0.11037354464377201	1.862261855499434e-6
0.11182113495557336	1.862262071608188e-6
0.11328771095563528	1.8622622934228702e-6
0.11477352164835895	1.8622625210941367e-6
0.11627881930393136	1.862262754776621e-6
0.11780385950115736	1.8622629946290384e-6
0.11934890117085338	1.8622632408142977e-6
0.12091420663981037	1.862263493499606e-6
0.1225000416753332	1.8622637528565876e-6
0.12410667553036432	1.8622640190613972e-6
0.12573438098919926	1.8622642922948412e-6
0.12738343441380154	1.8622645727424993e-6
0.12905411579072518	1.8622648605948526e-6
0.1307467087786526	1.862265156047411e-6
0.13246150075655588	1.8622654593008459e-6
0.1341987828724898	1.8622657705611287e-6
0.1359588500930247	1.8622660900396688e-6
0.13774200125332786	1.8622664179534578e-6
0.13954853910790163	1.8622667545252155e-6
0.14137877038198646	1.862267099983545e-6
0.14323300582363946	1.8622674545630834e-6
0.14511156025649455	1.8622678185046644e-6
0.14701475263321534	1.8622681920554806e-6
0.1489429060896489	1.8622685754692514e-6
0.15089634799968982	1.8622689690063959e-6
0.1528754100308636	1.8622693729342092e-6
0.15488042820063955	1.862269787527045e-6
0.15691174293348156	1.8622702130665003e-6
0.15896969911864778	1.862270649841608e-6
0.16105464616874793	1.8622710981490326e-6
0.16316693807906876	1.862271558293273e-6
0.16530693348767755	1.862272030586868e-6
0.16747499573631403	1.8622725153506082e-6
0.1696714929320806	1.8622730129137561e-6
0.171896798009942	1.8622735236142672e-6
0.17415128879604458	1.8622740477990216e-6
0.17643534807186578	1.8622745858240588e-6
0.1787493636392053	1.8622751380548195e-6
0.18109372838602844	1.8622757048663943e-6
0.18346884035317332	1.8622762866437784e-6
0.18587510280193184	1.862276883782133e-6
0.1883129242825192	1.862277496687053e-6
0.19078271870343924	1.8622781257748445e-6
0.19328490540176055	1.8622787714728065e-6
0.19581990921431427	1.8622794342195201e-6
0.19838816054982536	1.8622801144651499e-6
0.20099009546199023	1.862280812671745e-6
0.20362615572351253	1.8622815293135572e-6
0.20629678890111014	1.8622822648773607e-6
0.20900244843150584	1.8622830198627849e-6
0.2117435936984145	1.862283794782651e-6
0.2145206901105403	1.862284590163324e-6
0.21733420918059657	1.8622854065450667e-6
0.22018462860536214	1.8622862444824098e-6
0.22307243234678784	1.8622871045445274e-6
0.22599811071416637	1.8622879873156228e-6
0.2289621604473802	1.8622888933953283e-6
0.23196508480124106	1.8622898233991094e-6
0.2350073936309358	1.8622907779586846e-6
0.23808960347859293	1.862291757722456e-6
0.24121223766098332	1.8622927633559462e-6
0.24437582635837382	1.8622937955422548e-6
0.24758090670454347	1.86229485498252e-6
0.2508280228779816	1.8622959423963958e-6
0.2541177261942821	1.862297058522541e-6
0.2574505751997488	1.8622982041191212e-6
0.26082713576622935	1.8622993799643236e-6
0.2642479811871922	1.862300586856888e-6
0.2677136922750641	1.8623018256166456e-6
0.2712248574598439	1.8623030970850807e-6
0.2747820728890099	1.8623044021258992e-6
0.27838594252873766	1.8623057416256178e-6
0.2820370782664448	1.862307116494165e-6
0.28573610001468125	1.8623085276655007e-6
0.28948363581638203	1.8623099760982504e-6
0.29328032195149994	1.8623114627763578e-6
0.2971268030450373	1.8623129887097514e-6
0.3010237321764945	1.8623145549350335e-6
0.3049717709907536	1.8623161625161841e-6
0.308971589810417	1.862317812545282e-6
0.3130238677496187	1.8623195061432517e-6
0.31712929282932784	1.8623212444606209e-6
0.3212885620941666	1.862323028678305e-6
0.3255023817307578	1.86232486000841e-6
0.3297714671876259	1.8623267396950564e-6
0.33409654329667027	1.8623286690152232e-6
0.3384783443962318	1.862330649279619e-6
0.3429176144557731	1.8623326818335721e-6
0.34741510720219476	1.8623347680579441e-6
0.3519715862478073	1.8623369093700703e-6
0.3565878252199823	1.8623391072247234e-6
0.36126460789250364	1.8623413631151011e-6
0.36600272831864156	1.8623436785738438e-6
0.37080299096597175	1.8623460551740763e-6
0.3756662108529629	1.8623484945304757e-6
0.380593213687356	1.862350998300372e-6
0.38558483600635746	1.8623535681848743e-6
0.3906419253186722	1.8623562059300282e-6
0.3957653402483987	1.862358913328002e-6
0.4009559506808115	1.862361692218308e-6
0.40621463791005635	1.8623645444890521e-6
0.4115422947887799	1.8623674720782187e-6
0.41693982587972644	1.8623704769749898e-6
0.42240814760931844	1.8623735612210964e-6
0.4279481884232537	1.8623767269122105e-6
0.43356088894414246	1.8623799761993671e-6
0.4392472021312123	1.8623833112904322e-6
0.44500809344210734	1.8623867344516017e-6
0.4508445409968098	1.8623902480089452e-6
0.4567575357437112	1.8623938543499875e-6
0.46274808162786174	1.8623975559253361e-6
0.46881719576142644	1.8624013552503458e-6
0.4749659085963767	1.862405254906833e-6
0.48119526409944685	1.862409257544832e-6
0.4875063199293853	1.8624133658843994e-6
0.4939001476165305	1.8624175827174655e-6
0.500377832744742	1.862421910909735e-6
0.5069404751357175	1.8624263534026379e-6
0.5135891890357276	1.8624309132153323e-6
0.5203251033047995	1.8624355934467612e-6
0.5271493616083818	1.8624403972777616e-6
0.5340631226115233	1.8624453279732296e-6
0.5410675601755972	1.862450388884347e-6
0.5481638635576086	1.862455583450862e-6
0.5553532376121127	1.8624609152034308e-6
0.5626369029957828	1.862466387766026e-6
0.5700160963746608	1.862472004858403e-6
0.5774920706341261	1.8624777702986348e-6
0.5850660950916186	1.862483688005715e-6
0.5927394557121507	1.8624897620022259e-6
0.6005134553266473	1.862495996417082e-6
0.6083894138531479	1.8625023954883425e-6
0.6163686685209105	1.8625089635661009e-6
0.624452574097455	1.862515705115451e-6
0.6326425031185838	1.8625226247195296e-6
0.64093984612142	1.8625297270826417e-6
0.6493460118805003	1.8625370170334687e-6
0.6578624276469672	1.8625444995283617e-6
0.6664905393908951	1.862552179654721e-6
0.6752318120467964	1.8625600626344668e-6
0.6840877297623481	1.8625681538276015e-6
0.6930597961503792	1.8625764587358657e-6
0.7021495345441612	1.862584983006494e-6
0.7113584882560533	1.8625937324360677e-6
0.7206882208395327	1.8626027129744712e-6
0.730140316354665	1.8626119307289536e-6
0.7397163796370562	1.8626213919682973e-6
0.749418036570331	1.8626311031271003e-6
0.7592469343621862	1.862641070810167e-6
0.7692047418240633	1.8626513017970235e-6
0.7792931496544899	1.8626618030465436e-6
0.7895138707261371	1.8626725817017068e-6
0.7998686403766416	1.8626836450944779e-6
0.8103592167032422	1.8626950007508168e-6
0.8209873808612802	1.8627066563958233e-6
0.8317549373666154	1.862718619959019e-6
0.8426637144020079	1.862730899579767e-6
0.8537155641275184	1.8627435036128405e-6
0.8649123629949792	1.8627564406341345e-6
0.8762560120665902	1.8627697194465356e-6
0.887748437337693	1.8627833490859442e-6
0.8993915900637783	1.8627973388274572e-6
0.9111874470917831	1.862811698191719e-6
0.9231380111957285	1.8628264369514384e-6
0.9352453114167684	1.8628415651380821e-6
0.9475114034076896	1.8628570930487447e-6
0.9599383697819335	1.862873031253204e-6
0.9725283204671961	1.8628893906011637e-6
0.9852833930636634	1.8629061822296899e-6
0.998205753206948	1.8629234175708476e-6
1.0112975949357828	1.8629411083595378e-6
1.0245611410645394	1.86295926664155e-6
1.037998643560631	1.8629779047818246e-6
1.0516123839268656	1.8629970354729395e-6
1.0654046735888136	1.8630166717438237e-6
1.079377854287256	1.8630368269687035e-6
1.0935342984757805	1.8630575148762887e-6
1.1078764097235898	1.8630787495592051e-6
1.122406623123596	1.8631005454836814e-6
1.1371274057058656	1.8631229174994928e-6
1.1520412568564864	1.863145880850175e-6
1.1671507087419297	1.8631694511835095e-6
1.182458326738978	1.8631936445622935e-6
1.1979667098702864	1.8632184774753958e-6
1.213678491245667	1.8632439668491135e-6
1.229596338509151	1.863270130058833e-6
1.2457229542919188	1.863296984941003e-6
1.2620610766711686	1.8633245498054314e-6
1.2786134796350055	1.8633528434479148e-6
1.295382973553426	1.8633818851632064e-6
1.3123724056554797	1.8634116947583347e-6
1.3295846605126902	1.8634422925662812e-6
1.3470226605288151	1.863473699460027e-6
1.3646893664360302	1.863505936866981e-6
1.3825877777976208	1.8635390267837942e-6
1.4007209335172666	1.8635729917915798e-6
1.4190919123550052	1.8636078550715402e-6
1.4377038334499637	1.8636436404210204e-6
1.4565598568499447	1.8636803722699968e-6
1.4756631840479602	1.8637180756980103e-6
1.4950170585257994	1.8637567764515606e-6
1.5146247663047288	1.8637965009619747e-6
1.5344896365034122	1.8638372763637568e-6
1.554615041903151	1.863879130513442e-6
1.5750043995205303	1.8639220920089594e-6
1.59566117118759	1.8639661902095242e-6
1.6165888641395902	1.864011455256071e-6
1.637791031610493	1.8640579180922483e-6
1.6592712734362525	1.8641056104859804e-6
1.6810332366660177	1.8641545650516228e-6
1.7030806161813508	1.8642048152727229e-6
1.7254171553235673	1.8642563955254018e-6
1.748046646529304	1.8643093411023817e-6
1.7709729319744227	1.8643636882376636e-6
1.7941999042263577	1.8644194741318936e-6
1.8177315069050213	1.864476736978416e-6
1.8415717353523755	1.864535515990052e-6
1.8657246373107863	1.8645958514266081e-6
1.8901943136102741	1.8646577846231482e-6
1.9149849188647792	1.8647213580190441e-6
1.9401006621775565	1.8647866151878297e-6
1.9655458078558246	1.8648536008678765e-6
1.9913246761347858	1.8649223609939268e-6
2.0174416439111447	1.8649929427294935e-6
2.043901145486237	1.8650653945001632e-6
2.0707076733189234	1.8651397660278259e-6
2.0978657787883424	1.8652161083658519e-6
2.1253800729666708	1.8652944739352577e-6
2.153255227402021	1.8653749165618721e-6
2.181495974911607	1.8654574915145482e-6
2.210107110385309	1.8655422555444385e-6
2.239093491599782	1.8656292669253778e-6
2.2684600400432386	1.8657185854953914e-6
2.298211741751048	1.8658102726993786e-6
2.3283536481522993	1.8659043916329885e-6
2.358890876927463	1.8660010070877422e-6
2.389828612877302	1.8661001855974237e-6
2.4211721088031806	1.866201995485783e-6
2.452926686398917	1.8663065069155957e-6
2.4850977371543337	1.8664137919391105e-6
2.517690723270659	1.8665239245499328e-6
2.550711178587932	1.8666369807363884e-6
2.5841647095245746	1.8667530385364075e-6
2.618056996029281	1.8668721780939797e-6
2.6523937925454004	1.866994481717227e-6
2.6871809289879502	1.867120033938143e-6
2.722424311733471	1.8672489215740512e-6
2.7581299246228386	1.8673812337908362e-6
2.7943038299772383	1.867517062167998e-6
2.8309521696274653	1.867656500765595e-6
2.8680811659567222	1.8677996461931247e-6
2.905697122957095	1.8679465976804109e-6
2.943806427299883	1.8680974571505548e-6
2.982415549419966	1.8682523292950196e-6
3.0215310446143993	1.8684113216509131e-6
3.0611595541554095	1.8685745446805395e-6
3.1013078064179913	1.8687421118532938e-6
3.1419826180222947	1.868914139729971e-6
3.183190894990991	1.8690907480495725e-6
3.2249396339218213	1.8692720598186862e-6
3.267235923175524	1.8694582014035252e-6
3.310086944079337	1.8696493026247135e-6
3.353499972146292	1.8698454968549073e-6
3.397482378310494	1.8700469211193446e-6
3.442041630178609	1.8702537161994203e-6
3.487185293297746	1.8704660267393898e-6
3.5329210324400044	1.870684001356302e-6
3.579256612903832	1.8709077927532705e-6
3.6261999018324698	1.8711375578361968e-6
3.6737588695496846	1.871373457834064e-6
3.7219415909130187	1.8716156584229156e-6
3.7707562466847917	1.871864329853656e-6
3.8202111249210806	1.8721196470837917e-6
3.870314622378916	1.8723817899132603e-6
3.921075245941937	1.872650943124482e-6
3.9725016140647433	1.8729272966267843e-6
4.02460245823619	1.8732110456053512e-6
4.077386624461872	1.8735023906748588e-6
4.130863074766057	1.8738015380379617e-6
4.185040888713312	1.8741086996488023e-6
4.239929264950087	1.8744240933817258e-6
4.295537522766523	1.8747479432053875e-6
4.351875103678733	1.8750804793624438e-6
4.408951573031847	1.8754219385550398e-6
4.4667766216240725	1.8757725641362936e-6
4.525360067352062	1.876132606308011e-6
4.584711856877843	1.876502322324852e-6
4.644842067317647	1.8768819767051956e-6
4.7057609079528495	1.8772718414489518e-6
4.76747872196337	1.8776721962625855e-6
4.830005988183796	1.8780833287916221e-6
4.893353322882554	1.8785055348609277e-6
4.957531481564399	1.8789391187230554e-6
5.022551360796553	1.8793843933149777e-6
5.088424000058792	1.879841680523525e-6
5.155160583617795	1.880311311459878e-6
5.222772442426087	1.8807936267434665e-6
5.291271056045865	1.8812889767956508e-6
5.360668054598082	1.881797722143579e-6
5.430975220737074	1.8823202337346245e-6
5.502204491651097	1.8828568932618384e-6
5.5743679610890915	1.8834080935008663e-6
5.647477881414041	1.8839742386587939e-6
5.721546665683249	1.8845557447354248e-6
5.7965868897559085	1.8851530398975004e-6
5.872611294428315	1.8857665648664108e-6
5.949632787597053	1.8863967733199647e-6
6.027664446450614	1.8870441323088133e-6
6.106719519689704	1.887709122688166e-6
6.18681142977669	1.888392239565444e-6
6.267953775214556	1.8890939927645799e-6
6.350160332855733	1.8898149073076818e-6
6.433445060241227	1.89055552391483e-6
6.517822097970412	1.89131639952282e-6
6.603305772101911	1.8920981078236863e-6
6.689910596585964	1.8929012398239145e-6
6.777651275728695	1.89372640442527e-6
6.8665427066886995	1.8945742290282408e-6
6.956599982006383	1.8954453601591339e-6
7.047838392166458	1.8963404641219278e-6
7.140273428194066	1.897260227676038e-6
7.233920784284931	1.8982053587412233e-6
7.328796360470027	1.8991765871309192e-6
7.4249162653151775	1.9001746653153664e-6
7.522296818656073	1.9012003692159708e-6
7.620954554369149	1.9022544990324198e-6
7.720906223178822	1.90333788010416e-6
7.822168795501502	1.9044513638079398e-6
7.924759464326975	1.905595828493213e-6
8.028695648137512	1.9067721804573112e-6
8.133994993865297	1.9079813549624e-6
8.24067537988862	1.9092243172963517e-6
8.348754919067394	1.910502063879805e-6
8.45825196181846	1.9118156234218026e-6
8.56918509923124	1.9131660581265603e-6
8.681573166224243	1.9145544649540626e-6
8.795435244742984	1.9159819769373565e-6
8.91079066699982	1.917449764559584e-6
9.027659018756308	1.918959037194001e-6
9.146060142648592	1.9205110446104104e-6
9.266014141556406	1.922107078551678e-6
9.38754138201627	1.9237484743842266e-6
9.51066249767945	1.9254366128266564e-6
9.63539839281526	1.9271729217609023e-6
9.761770245860324	1.9289588781306555e-6
9.889799513014385	1.9307960099320535e-6
10.019507931883275	1.9326858983020084e-6
10.150917525169616	1.9346301797098953e-6
10.284050604412082	1.9366305482587077e-6
10.418929773773439	1.938688758102214e-6
10.555577933878581	1.9408066259851013e-6
10.69401828570258	1.94298603391358e-6
10.834274334510052	1.9452289319644487e-6
10.976369893845868	1.9475373412411937e-6
11.120329089578531	1.9499133569863156e-6
11.26617636399624	1.9523591518597277e-6
11.413936479957034	1.9548769793938196e-6
11.563634525093027	1.9574691776365323e-6
11.715295916070014	1.9601381729946603e-6
11.86894640290293	1.962886484290512e-6
12.024612073327694	1.9657167270460493e-6
12.182319357230734	1.9686316180097267e-6
12.34209503113622	1.9716339799424195e-6
12.50396622275255	1.974726746680129e-6
12.667960415578067	1.977912968492535e-6
12.834105453567567	1.9811958177580133e-6
13.002429545859624	1.9845785949773766e-6
13.17296127156632	1.9880647351504434e-6
13.34572958462537	1.9916578145415014e-6
13.52076381871632	1.995361557861926e-6
13.69809369224078	1.999179845900585e-6
13.877749313368422	2.0031167236352715e-6
14.059761185148712	2.007176408861278e-6
14.24416021069013	2.0113633013763627e-6
14.430977698406858	2.015681992764814e-6
14.620245367334762	2.020137276827135e-6
14.811995352516604	2.024734160706043e-6
15.006260210458368	2.0294778767641288e-6
15.203072924656698	2.0343738952735737e-6
15.402466911199129	2.0394279379840316e-6
15.604476024437774	2.0446459926409548e-6
15.80913456273711	2.050034328533594e-6
16.016477274297614	2.055599513159566e-6
16.226539363055277	2.0613484301013765e-6
16.439356494659005	2.067288298219794e-6
16.654964802525903	2.0734266922794503e-6
16.873400893976477	2.0797715651338677e-6
17.094701856449795	2.0863312716101533e-6
17.318905263800705	2.0931145942483565e-6
17.546049182679056	2.1001307710667982e-6
17.776172178993207	2.1073895255432013e-6
18.00931332445766	2.114901099022019e-6
18.24551220322723	2.122676285781694e-6
18.484808918617563	2.130726471021679e-6
18.727244099914444	2.1390636720586815e-6
18.972858909271775	2.147700583054887e-6
19.22169504870066	2.1566506236388087e-6
19.473794767149553	2.1659279918221813e-6
19.729200867677662	2.1755477216651106e-6
19.987956714722454	2.1855257461970653e-6
20.25010624146203	2.195878966164545e-6
20.515693957274735	2.206625325248571e-6
20.78476495529587	2.2177838924778098e-6
21.05736492007425	2.2293749526582187e-6
21.333540135328448	2.2414201057492326e-6
21.6133374918055	2.253942376242544e-6
21.896804495241938	2.266966333744888e-6
22.183989274429976	2.2805182261349237e-6
22.47494058938876	2.2946261268598305e-6
22.76970783964349	2.3093200981651997e-6
23.068341072612444	2.324632372317578e-6
23.370890992104677	2.3405975531904604e-6
23.67740896692848	2.3572528409497957e-6
23.98794703961346	2.3746382830054957e-6
24.302557935246274	2.3927970549034833e-6
24.621295070423	2.4117757754351524e-6
24.944212562318146	2.4316248609568755e-6
25.271365237873407	2.452398924766515e-6
25.602808643106165	2.474157228406485e-6
25.938599052540596	2.496964192992344e-6
26.278793478762452	2.5208899801492137e-6
26.62344968209866	2.5460111539356673e-6
26.97262618042465	2.572411437322154e-6
27.326382259099454	2.600182579464545e-6
27.68477798103197	2.6294253532975183e-6
28.047874196878396	2.660250707025493e-6
28.415732555374255	2.6927810981180126e-6
28.788415513801066	2.727152044689873e-6
29.165986348591186	2.7635139370180244e-6
29.5485091660708	2.8020341618832624e-6
29.93604891334478	2.842899605048014e-6
30.328671389323322	2.886319613325938e-6
30.726443255894175	2.9325295184965375e-6
31.12943204924043	2.981794852311331e-6
31.537706191307727	3.034416417158102e-6
31.951335001420848	3.0907364235599523e-6
32.37038870805371	3.1511459677614697e-6
32.79493846075265	3.2160942061342674e-6
33.22505634221718	3.2860996965807338e-6
33.660815380538196	3.3617645330205636e-6
34.102289561597274	3.4437921159072255e-6
34.54955384162873	3.5330097073304556e-6
35.00268415994563	3.6303973560624074e-6
35.46175745183381	3.7371254118787333e-6
35.926851661613874	3.854603784178169e-6
36.39804575587562	3.984547506515723e-6
36.87541973688491	4.129065326287679e-6
37.35905465616753	4.290781423266213e-6
37.84903262827003	4.473005803190492e-6
38.34543684470228	4.679977911667304e-6
38.84835158806156	4.9172233676839874e-6
39.35786224634328	5.192090864494779e-6
39.874055327438	5.51458629521459e-6
40.39701847381994	5.898717766694156e-6
40.92684047742683	6.3647625163982245e-6
41.463611294736175	6.94329777190139e-6
42.007422062038	7.682858939710755e-6
42.5583651109092	8.665768737592936e-6
43.116533983889475	0.000010044709456160832
43.682023450364255	0.00001214141426777089
44.25492952265465	0.00001578373004318368
44.835349472319244	0.00002405585214187616
45.42338184666978	0.00007335303611754442
45.498806015004895	0.00009035124274669052
45.6036915951296	10000000000
45.708818961487516	10000000000
45.814188671453394	10000000000
45.91980128368685	10000000000
46.02565735813563	10000000000
46.13175745603791	10000000000
46.238102139926035	10000000000
46.34469197362884	10000000000
46.45152752227492	10000000000
46.55860935229591	10000000000
46.665938031428915	10000000000
46.77351412871981	10000000000
46.88133821452655	10000000000
46.98941086052151	10000000000
47.097732639695295	10000000000
47.20630412635909	10000000000
47.315125896148025	10000000000
47.42419852602448	10000000000
47.53352259428058	10000000000
47.64309868054156	10000000000
47.75292736576912	10000000000
47.863009232263806	10000000000
47.97334486366892	10000000000
48.083934844972894	10000000000
48.19477976251272	10000000000
48.30588020397728	10000000000
48.41723675840999	10000000000
48.5288500162121	10000000000
48.64072056914619	10000000000
48.7528490103386	10000000000
48.86523593428336	10000000000
48.97788193684466	10000000000
49.09078761526029	10000000000
49.20395356814511	10000000000
49.31738039549364	10000000000
49.43106869868354	10000000000
49.54501908047905	10000000000
49.65923214503358	10000000000
49.77370849789361	10000000000
49.888448746001266	10000000000
50.00345349769783	10000000000
50.11872336272725	10000000000
50.23425895223877	10000000000
50.35006087879047	10000000000
50.46612975635287	10000000000
50.58246620031137	10000000000
50.69907082747044	10000000000
50.8159442560561	10000000000
50.93308710571952	10000000000
51.05049999754065	10000000000
51.16818355403083	10000000000
51.28613839913648	10000000000
51.40436515824264	10000000000
51.52286445817562	10000000000
51.64163692720711	10000000000
51.760683195056814	10000000000
51.88000389289609	10000000000
51.99959965335162	10000000000
52.11947111050811	10000000000
52.239618899911974	10000000000
52.36004365857506	10000000000
52.48074602497723	10000000000
52.60172663907063	10000000000
52.72298614228232	10000000000
52.84452517751802	10000000000
52.966344389165805	10000000000
53.0884444230989	10000000000
53.21082592667942	10000000000
53.33348954876213	10000000000
53.45643593969714	10000000000
53.57966575133417	10000000000
53.70317963702533	10000000000
53.826978251628816	10000000000
53.95106225151279	10000000000
54.075432294558155	10000000000
54.20008904016238	10000000000
54.32503314924336	10000000000
54.450265284242086	10000000000
54.57578610912711	10000000000
54.701596289397216	10000000000
54.82769649208536	10000000000
54.954087385762485	10000000000
55.0807696405403	10000000000
55.207743928075736	10000000000
55.33501092157371	10000000000
55.462571295791044	10000000000
55.59042572704037	10000000000
55.71857489319304	10000000000
55.84701947368306	10000000000
55.975760149511046	10000000000
56.10479760324701	10000000000
56.23413251903491	10000000000
56.363765582595484	10000000000
56.49369748123023	10000000000
56.623928903825345	10000000000
56.75446054085477	10000000000
56.88529308438413	10000000000
57.01642722807478	10000000000
57.14786366718666	10000000000
57.279603098582925	10000000000
57.4116462207328	10000000000
57.543993733715666	10000000000
57.676646339225094	10000000000
57.80960474057187	10000000000
57.94286964268809	10000000000
58.07644175213124	10000000000
58.210321777087096	10000000000
58.34451042737448	10000000000
58.47900841444812	10000000000
58.61381645140285	10000000000
58.74893525297769	10000000000
58.884365535558956	10000000000
59.02010801718442	10000000000
59.156163417547425	10000000000
59.29253245799994	10000000000
59.42921586155727	10000000000
59.56621435290109	10000000000
59.70352865838366	10000000000
59.841159506031985	10000000000
59.979107625551	10000000000
60.11737374832779	10000000000
60.25595860743581	10000000000
60.39486293763794	10000000000
60.53408747539136	10000000000
60.67363295885059	10000000000
60.81350012787176	10000000000
60.95368972401694	10000000000
61.09420249055727	10000000000
61.235039172477336	10000000000
61.37620051647946	10000000000
61.51768727098677	10000000000
61.65950018614822	10000000000
61.80164001384164	10000000000
61.94410750767812	10000000000
62.086903423006376	10000000000
62.230028516916015	10000000000
62.373483548241914	10000000000
62.517269277568616	10000000000
62.6613864672335	10000000000
62.8058358813318	10000000000
62.95061828571981	10000000000
63.0957344480193	10000000000
63.24118513762197	10000000000
63.38697112569277	10000000000
63.53309318517436	10000000000
63.67955209079162	10000000000
63.826348619054826	10000000000
63.973483548264824	10000000000
64.12095765851622	10000000000
64.26877173170195	10000000000
64.41692655151775	10000000000
64.56542290346563	10000000000
64.71426157485831	10000000000
64.86344335482389	10000000000
65.01296903430902	10000000000
65.16283940608427	10000000000
65.31305526474729	10000000000
65.46361740672747	10000000000
65.61452663029057	10000000000
65.76578373554213	10000000000
65.91738952443212	10000000000
66.06934480075964	10000000000
66.22165037017615	10000000000
66.3743070401909	10000000000
66.52731562017419	10000000000
66.68067692136219	10000000000
66.83439175686149	10000000000
66.98846094165272	10000000000
67.14288529259522	10000000000
67.29766562843182	10000000000
67.45280276979216	10000000000
67.60829753919819	10000000000
67.76415076106757	10000000000
67.92036326171844	10000000000
68.07693586937417	10000000000
68.23386941416705	10000000000
68.39116472814293	10000000000
68.5488226452662	10000000000
68.70684400142318	10000000000
68.86522963442762	10000000000
69.02398038402426	10000000000
69.18309709189363	10000000000
69.34258060165695	10000000000
69.50243175887977	10000000000
69.66265141107687	10000000000
69.8232404077172	10000000000
69.98419960022731	10000000000
70.14552984199715	10000000000
70.3072319883834	10000000000
70.46930689671467	10000000000
70.63175542629622	10000000000
70.79457843841388	10000000000
70.95777679633888	10000000000
71.12135136533296	10000000000
71.28530301265191	10000000000
71.44963260755135	10000000000
71.61434102129027	10000000000
71.77942912713615	10000000000
71.94489780036999	10000000000
72.11074791829004	10000000000
72.27698036021702	10000000000
72.44359600749905	10000000000
72.61059574351543	10000000000
72.77798045368242	10000000000
72.94575102545694	10000000000
73.11390834834172	10000000000
73.28245331389044	10000000000
73.45138681571143	10000000000
73.6207097494736	10000000000
73.79042301291015	10000000000
73.96052750582375	10000000000
74.13102413009177	10000000000
74.30191378967021	10000000000
74.47319739059888	10000000000
74.6448758410067	10000000000
74.81695005111537	10000000000
74.98942093324558	10000000000
75.1622894018206	10000000000
75.3355563733717	10000000000
75.50922276654342	10000000000
75.68328950209751	10000000000
75.85775750291836	10000000000
76.03262769401822	10000000000
76.20790100254115	10000000000
76.38357835776907	10000000000
76.5596606911257	10000000000
76.73614893618186	10000000000
76.91304402866098	10000000000
77.09034690644309	10000000000
77.26805850957021	10000000000
77.44617978025191	10000000000
77.62471166286912	10000000000
77.8036551039804	10000000000
77.98301105232593	10000000000
78.16278045883293	10000000000
78.3429642766212	10000000000
78.52356346100726	10000000000
78.70457896950985	10000000000
78.88601176185549	10000000000
79.06786279998245	10000000000
79.25013304804718	10000000000
79.43282347242821	10000000000
79.61593504173184	10000000000
79.79946872679768	10000000000
79.98342550070292	10000000000
80.16780633876789	10000000000
80.35261221856177	10000000000
80.53784411990661	10000000000
80.72350302488383	10000000000
80.9095899178383	10000000000
81.09610578538404	10000000000
81.28305161640995	10000000000
81.47042840208405	10000000000
81.65823713585922	10000000000
81.84647881347904	10000000000
82.03515443298177	10000000000
82.22426499470713	10000000000
82.4138115013003	10000000000
82.60379495771784	10000000000
82.79421637123345	10000000000
82.98507675144234	10000000000
83.17637711026708	10000000000
83.36811846196348	10000000000
83.56030182312475	10000000000
83.75292821268826	10000000000
83.94599865193982	10000000000
84.13951416451947	10000000000
84.33347577642756	10000000000
84.52788451602909	10000000000
84.72274141405963	10000000000
84.91804750363144	10000000000
85.11380382023759	10000000000
85.31001140175896	10000000000
85.50667128846841	10000000000
85.70378452303693	10000000000
85.90135215053961	10000000000
86.09937521846017	10000000000
86.29785477669702	10000000000
86.49679187756938	10000000000
86.69618757582161	10000000000
86.8960429286302	10000000000
87.09635899560814	10000000000
87.29713683881113	10000000000
87.49837752274364	10000000000
87.70008211436358	10000000000
87.90225168308842	10000000000
88.10488730080147	10000000000
88.30799004185621	10000000000
88.51156098308356	10000000000
88.71560120379617	10000000000
88.92011178579482	10000000000
89.12509381337459	10000000000
89.33054837332963	10000000000
89.53647655495938	10000000000
89.74287945007491	10000000000
89.94975815300346	10000000000
90.1571137605957	10000000000
90.36494737223023	10000000000
90.57326008981998	10000000000
90.78205301781861	10000000000
90.99132726322527	10000000000
91.20108393559097	10000000000
91.41132414702508	10000000000
91.62204901219992	10000000000
91.83325964835811	10000000000
92.04495717531722	10000000000
92.25714271547629	10000000000
92.4698173938223	10000000000
92.68298233793503	10000000000
92.89663867799364	10000000000
93.1107875467831	10000000000
93.32543007969905	10000000000
93.5405674147552	10000000000
93.75620069258811	10000000000
93.97233105646376	10000000000
94.18895965228418	10000000000
94.40608762859246	10000000000
94.6237161365793	10000000000
94.84184633008978	10000000000
95.0604793656281	10000000000
95.2796164023652	10000000000
95.49925860214368	10000000000
95.71940712948441	10000000000
95.94006315159336	10000000000
96.16122783836659	10000000000
96.38290236239705	10000000000
96.60508789898141	10000000000
96.82778562612486	10000000000
97.05099672454898	10000000000
97.2747223776966	10000000000
97.49896377173867	10000000000
97.72372209558111	10000000000
97.94899854087001	10000000000
98.17479430199843	10000000000
98.40111057611345	10000000000
98.627948563121	10000000000
98.8553094656939	10000000000
99.08319448927686	10000000000
99.31160484209335	10000000000
99.54054173515274	10000000000
99.77000638225526	10000000000
100.	10000000000