0.005	1.0467980616850956e-6
0.01	5.25587506571671e-7
0.015	3.5289284098927875e-7
0.02	2.6741268756432134e-7
0.025	2.169275671971483e-7
0.02815169247942464	1.9484451862734303e-7
0.02929278770354197	2.0003249774696308e-7
0.030208431669596598	2.0481161705513145e-7
0.03176890366968086	2.1323951007153253e-7
0.03305661822820737	2.2037108025907096e-7
0.03408991329473221	2.2461694918175147e-7
0.03585089035450025	2.352731979194046e-7
0.0372748476586327	2.4179450441701124e-7
0.03847012652470743	2.4787453721633873e-7
0.040593447253276835	2.585623044011838e-7
0.04223885414400031	2.654373059984625e-7
0.04355917067793466	2.71614403719264e-7
0.04580929961323518	2.8433353278954875e-7
0.047666124848415196	2.928913315689234e-7
0.04915608886428046	3.002642381271611e-7
0.051695336884347805	3.1348291694359694e-7
0.05379074560874262	3.235096473236022e-7
0.05547215511283937	3.301342337045201e-7
0.05853388605707899	3.4565451840337594e-7
0.0610771518919161	3.597749625779534e-7
0.0627049595033424	3.6642105232462043e-7
0.06605490554141714	3.8448425594947554e-7
0.06873236222711812	3.9709377731982975e-7
0.07088082188834494	4.087374687579779e-7
0.07454230087902831	4.3187680131013234e-7
0.07756378399553877	4.484717189911954e-7
0.07998829925569928	4.6168486344233935e-7
0.08412024171097428	4.922925744459283e-7
0.08752995521712116	5.183226556446393e-7
0.0902659964623147	5.424884835248553e-7
0.09461063557665092	5.832579253687216e-7
0.09844556466612313	6.215621020039692e-7
0.10152280976084235	6.481632548943532e-7
0.106767156893273	7.084431644549435e-7
0.11110371814981947	7.727176528449496e-7
0.11437529096823097	8.28178240343658e-7
0.11967924924472875	9.332751909895984e-7
0.1248792481897205	1.0413744794735422e-6
0.1279924213465154	1.1088753310717728e-6
0.13415289042584178	1.2700630263528926e-6
0.13998176128761897	1.4645537096242237e-6
0.14218794538089058	1.5564435890713378e-6