# m4 (GeV) Umu4^2
9.88335645e-4 9.31680562e-1
1.00588370e-3 2.50197823e-1
1.38078922e-3 1.32923423e-1
3.15764322e-3 2.54215120e-2
4.81728730e-3 1.05891233e-2
5.44886104e-3 7.17414265e-3
6.27266695e-3 4.00038079e-3
7.28484611e-3 1.24354916e-3
8.23993085e-3 4.93110853e-4
9.07740648e-3 2.68329359e-4
9.65413518e-3 2.00367427e-4
1.04498073e-2 1.23142332e-4
1.10163625e-2 1.53325344e-4
1.18198364e-2 3.18337918e-4
1.53907983e-2 8.34678882e-5
1.71049189e-2 2.47115132e-5
1.77177122e-2 3.39147419e-5
1.93474710e-2 2.18838405e-5
2.03964291e-2 3.56159319e-5
2.15022584e-2 3.92627573e-5
2.28683941e-2 3.31138604e-5
2.45362912e-2 1.84623619e-5
2.60951928e-2 1.63479881e-5
2.70300677e-2 2.29893932e-5
2.79984351e-2 1.80224682e-5
2.92578250e-2 2.41399385e-5
3.03060030e-2 5.71986075e-4
3.33861914e-2 5.18995353e-4
3.77633109e-2 4.94435589e-4
4.34726946e-2 5.45146912e-4
4.91722120e-2 6.62521524e-4
5.22963451e-2 7.85715398e-4
5.66064920e-2 1.02716468e-3
6.07350636e-2 1.44454213e-3
6.69079474e-2 2.23942553e-3
