# m4 [GeV]				d_gamma [1/GeV] at 90%CL from CHARMII data. Summarized in arXiv: 2105.09699. Source arXiv: 1707.08573
0.0010019650541628156	4.272388771256419e-7
0.0011692707982712376	4.2732586095414007e-7
0.0012787259184142228	4.2685201175510206e-7
0.0014168602213651313	4.2742992296420073e-7
0.0015596708650958174	4.2763807055646695e-7
0.0017168759280184864	4.2771947580099445e-7
0.001889926277508717	4.2789552489218417e-7
0.0020804190192941496	4.2810852006437945e-7
0.0023034797616085035	4.259612247232022e-7
0.00252094121957672	4.2409766677751346e-7
0.002775036318688263	4.247134671074275e-7
0.003031969365346024	4.270165833589586e-7
0.003342379240264265	4.287094588734834e-7
0.0036865250042287787	4.281871046713969e-7
0.004077407611486738	4.29864976187118e-7
0.004470336147543964	4.2643717171572485e-7
0.004906775685339855	4.270681491043779e-7
0.00541303695188188	4.2460387287319996e-7
0.0059829625882616725	4.267645776101011e-7
0.006610695395136158	4.2735352793361936e-7
0.007244563725277039	4.258053382711823e-7
0.007980574260185502	4.2708676799512064e-7
0.008784966203901418	4.27580724796701e-7
0.009670435821731962	4.27634543684523e-7
0.010645155235851177	4.2738487230905273e-7
0.011718120267207805	4.265797161788452e-7
0.012861750666987531	4.265108912722679e-7
0.014128736056296182	4.261411367899349e-7
0.015360059802748783	4.275111993184023e-7
0.01690825770900302	4.277262946871924e-7
0.018612504275725424	4.2794147835046943e-7
0.02048852823135282	4.288944277002084e-7
0.022357604240842387	4.3062178803775734e-7
0.025485726431076997	4.330364775333577e-7
0.028054528167962202	4.3324521963975473e-7
0.03088224904459686	4.336097182964373e-7
0.03297196250394627	4.370626776436988e-7
0.038080594977163054	4.4412373853323566e-7
0.041918880645947294	4.4551693465197945e-7
0.046144041490500956	4.475176605330052e-7
0.05079507210751181	4.544015765269975e-7
0.055914897504989014	4.588397218214621e-7
0.06155076926312843	4.6713933604647676e-7
0.06775470162571336	4.753963940725152e-7
0.07458395154680005	4.86338074745223e-7
0.08210154712310497	4.995841269556315e-7
0.0903768692890693	5.148657880270897e-7
0.09948629214314635	5.319950535992025e-7
0.1095138878149712	5.534811226082945e-7
0.12055220237873078	5.886427545018823e-7
0.13609684807770614	6.900106724017247e-7
0.13721923483666545	9.688848666187765e-7
0.13802019184584333	1.28333928638913e-6
0.13842242186157194	1.8037120174779964e-6
0.13894932021441983	2.581895566441944e-6
0.13923040194650224	3.6966996975025283e-6
0.13923040194650224	4.9904619150595125e-6
0.13923040194650224	6.646783408769698e-6
0.13923040194650224	9.178258578512946e-6
0.13923040194650224	0.00004098713504691482
0.1398394805326256	0.00022167897381036568
0.14025025159824353	0.001
0.140252	1 #JOSU