# m4 [GeV]				d_gamma [1/GeV] at 90%CL from NOMAD data. Summarized in arXiv: Summarized in arXiv: 2105.09699. Source arXiv: 1707.08573
0.0041028109520162784	0.00005560303519203932
0.005122507908456514	0.00004495420256888598
0.009097161313305334	0.000026445486821560513
0.3377273794183016	1.1869994256619573e-6
0.6790195594491477	7.087321332711893e-7
0.7474604817987284	6.721584662380187e-7
0.8227998208240537	6.450221909999597e-7
0.9057328937563737	6.226361840370807e-7
0.9970251014526137	6.067150976772937e-7
1.0975189923862687	6.067150976772937e-7
1.2081420386443689	6.067150976772937e-7
1.329915195696284	6.197106823119112e-7
1.4639623249336464	6.457820948583712e-7
1.6115205659433414	6.996121560702794e-7
1.7739517542407097	7.796522466029998e-7
1.9588529978110696	9.13671853796761e-7
2.1247040283103247	1.0971656730952956e-6
2.225971035261369	1.3002941404862632e-6
2.4149401792230125	1.702869246707318e-6
2.5374135903407096	1.997396420691762e-6
2.6304557087284985	2.278190185563966e-6
2.876933439422203	2.992200745901048e-6
3.090850758322524	3.898968835651569e-6
3.366479059909429	5.3167260268915755e-6
3.63171313565046	7.2103612739106325e-6
3.9182200312149265	9.43519101162797e-6
4.193824795229436	0.000012405586942792657
4.568488257689444	0.00001729703672349785
4.88371177577825	0.00002288386535355973
5.191467939611677	0.00002959520687506547
5.567007133006854	0.00003916633909558821
6.128126614187593	0.00005572266815869212