# m4 (GeV) Umu4^2
0.00098833564 0.93168056
0.0010058837 0.25019782
0.0013807892 0.13292342
0.0031576432 0.025421512
0.0048172873 0.010589123
0.0054488610 0.0071741426
0.0062726670 0.0040003808
0.0072848461 0.0012435492
0.0082399308 0.00049311085
0.0090774065 0.00026832936
0.0096541352 0.00020036743
0.010449807 0.00012314233
0.011016362 0.00015332534
0.011819836 0.00031833792
0.015390798 0.000083467888
0.017104919 0.000024711513
0.017717712 0.000033914742
0.019347471 0.000021883840
0.020396429 0.000035615932
0.021502258 0.000039262757
0.022868394 0.000033113860
0.024536291 0.000018462362
0.026095193 0.000016347988
0.027030068 0.000022989393
0.027998435 0.000018022468
0.029257825 0.000024139939
0.030306003 0.00057198608
0.033386191 0.00051899535
0.037763311 0.00049443559
0.043472695 0.00054514691
0.049172212 0.00066252152
0.052296345 0.00078571540
0.056606492 0.0010271647
0.060735064 0.0014445421
0.066907947 0.0022394255
0.069304962 0.000099240569
0.071158912 0.000043370341
0.076348858 0.000023031501
0.084852066 0.000013158326
0.095976654 0.0000077031178
0.11444550 0.0000044014809
0.12831584 0.0000030554565
0.14771573 0.0000021211608
0.17614076 0.0000014026522

