<<<<<<< Updated upstream
2.49965101e-1  7.52455975e-1
2.51935756e-1  4.63505722e-1
2.56426722e-1  3.73197373e-2
2.57941430e-1  1.50253300e-2
2.57941430e-1  8.91556586e-3
2.69807224e-1  3.53710650e-3
2.90186746e-1  2.80351683e-3
3.35372115e-1  2.04579652e-3
3.74555855e-1  1.61651627e-3
4.43446124e-1  1.05743631e-3
4.91107391e-1  8.11281802e-4
5.74625767e-1  5.24672194e-4
6.36386127e-1  4.03076247e-4
7.53856318e-1  2.57913519e-4
8.31142266e-1  2.04601582e-4
9.80154245e-1  1.36433189e-4
1.08550051e+0  1.06756917e-4
1.27438389e+0  7.15665206e-5
1.41770117e+0  5.52788983e-5
1.65229697e+0  3.88650492e-5
1.86616394e+0  3.11778171e-5
2.23382254e+0  4.33112182e-5
2.13853238e+0  3.29770589e-5
2.02744839e+0  3.05561996e-5
2.54334576e-1  1.04680925e-1
2.53206531e-1  2.51571971e-1
	
=======
#  mHNL (GeV) Ualpha4^2
8.042765480000000355e-01 9.372475300000000509e-01
8.644254099999999497e-01 4.260833840000000095e-01
9.025783179999999906e-01 2.629547729999999750e-01
9.313793870000000030e-01 2.000135550000000095e-01
9.686765320000000346e-01 1.243061450000000068e-01
1.031483369999999899e+00 7.709243339999999334e-02
1.085500509999999919e+00 6.201587260000000074e-02
1.164994599999999991e+00 4.339966070000000203e-02
1.265125009999999994e+00 2.903420509999999830e-02
1.326160320000000059e+00 2.279284310000000147e-02
1.390140249999999966e+00 1.496221860000000042e-02
1.474473099999999981e+00 9.220895769999999311e-03
1.607502280000000061e+00 4.649586909999999657e-03
1.698339910000000064e+00 2.914912060000000166e-03
1.759428240000000088e+00 2.251047810000000177e-03
1.844310949999999893e+00 1.399000560000000001e-03
1.918166500000000108e+00 8.585527440000000109e-04
1.969039399999999995e+00 6.484830709999999786e-04
2.050571740000000087e+00 4.024597660000000057e-04
2.125998490000000185e+00 2.364068750000000133e-04
2.173262370000000221e+00 1.836447850000000131e-04
2.235577409999999876e+00 1.125745499999999944e-04
2.253202079999999885e+00 7.145185580000000254e-05
2.233822539999999801e+00 4.331121819999999873e-05
2.138532380000000011e+00 3.297705890000000270e-05
2.027448389999999989e+00 3.055619959999999747e-05
1.866163940000000077e+00 3.117781710000000305e-05
1.652296970000000087e+00 3.886504919999999864e-05
1.417701169999999955e+00 5.527889829999999959e-05
1.274383889999999964e+00 7.156652059999999761e-05
1.085500509999999919e+00 1.067569170000000009e-04
9.801542450000000350e-01 1.364331889999999899e-04
8.311422659999999629e-01 2.046015820000000071e-04
7.538563179999999697e-01 2.579135190000000086e-04
6.363861269999999681e-01 4.030762469999999765e-04
5.746257670000000095e-01 5.246721939999999910e-04
4.911073910000000042e-01 8.112818020000000076e-04
4.434461239999999971e-01 1.057436309999999985e-03
3.745558549999999931e-01 1.616516269999999922e-03
3.353721150000000262e-01 2.045796519999999990e-03
2.901867459999999954e-01 2.803516829999999974e-03
2.698072240000000122e-01 3.537106500000000101e-03
2.579414300000000271e-01 8.915565860000000328e-03
2.579414300000000271e-01 1.502532999999999994e-02
2.564267219999999958e-01 3.731973730000000267e-02
2.519357560000000107e-01 4.635057220000000089e-01
2.499651009999999951e-01 7.524559750000000546e-01
2.532065310000000125e-01 2.515719710000000053e-01
2.543345759999999789e-01 1.046809249999999941e-01
>>>>>>> Stashed changes
