0.0001	8.786312855158116e-6
0.6763838847035863	8.786312855158116e-6
1.4498619624725215	8.787793176848177e-6
2.422675588414222	8.791185734132512e-6
3.395489214355919	8.796286997789207e-6
4.368302840297616	8.803102429201038e-6
5.341116466239313	8.811639582471355e-6
6.31393009218101	8.821907890050075e-6
7.2867437181227075	8.83391895471579e-6
8.259557344064405	8.847686536021507e-6
9.232370970006102	8.863226617894255e-6
10.205184595947799	8.880557439851064e-6
11.177998221889496	8.899699666802985e-6
12.150811847831193	8.920676315688856e-6
13.12362547377289	8.943512949578874e-6
14.096439099714587	8.968237682600878e-6
15.069252725656284	8.994881373085982e-6
16.04206635159798	9.02347766802039e-6
17.014879977539678	9.054063137887664e-6
17.987693603481375	9.086677405983308e-6
18.960507229423072	9.121363271864693e-6
19.93332085536477	9.158166942751284e-6
20.906134481306466	9.19714946778691e-6
21.878948107248164	9.238330098574706e-6
22.85176173318986	9.281800273995968e-6
23.82457535913155	9.327610038006457e-6
24.797388985073248	9.375825182581299e-6
25.770202611014945	9.4265161197984e-6
26.74301623695664	9.479758166323207e-6
27.71582986289834	9.535631907217027e-6
28.688643488840036	9.594223450371413e-6
29.661457114781733	9.655624853388984e-6
30.63427074072343	9.719934521927929e-6
31.607084366665127	9.78725765812417e-6
32.579897992606824	9.857706727056284e-6
33.55271161854852	9.931402026166377e-6
34.52552524449022	0.000010008472267256082
35.498338870431915	0.000010089055161438943
36.47115249637361	0.000010173298227658386
37.44396612231531	0.000010261359509920852
38.41677974825701	0.000010353408462059261
39.389593374198704	0.000010449626902081544
40.3624070001404	0.00001055021005104051
41.3352206260821	0.000010655367717024489
42.308034252023795	0.000010765325578195191
43.28084787796549	0.000010880326687315794
44.25366150390719	0.000011000632917429048
45.226475129848886	0.000011126526972130107
46.19928875579058	0.000011258314203630404
47.17210238173228	0.000011396324950343296
48.14491600767398	0.000011540917016917694
49.117729633615674	0.000011692478511535635
50.09054325955737	0.00001185143104527772
51.06335688549907	0.00001201823332158032
52.036170511440766	0.000012193385232644556
53.00898413738246	0.000012377432484615198
53.98179776332416	0.000012570971894390225
54.95461138926586	0.00001277465740435227
55.927425015207554	0.000012989207015730491
56.90023864114925	0.000013215410629186039
57.87305226709095	0.000013454139843256128
58.845865893032645	0.000013706356847572192
59.81867951897434	0.000013973128552418488
60.79149314491604	0.000014255640730053087
61.764306770857736	0.000014555213475164328
62.73712039679943	0.000014873321945549531
63.70993402274113	0.000015211619348879273
64.68274764868283	0.000015571964462764458
65.65556127462452	0.00001595645448346586
66.62837490056623	0.000016367464256629096
67.60118852650791	0.000016807693673694664
68.57400215244962	0.000017280224955736182
69.5468157783913	0.00001778859261062316
70.51962940433302	0.000018336868877851038
71.4924430302747	0.000018929770055428333
72.46525665621641	0.000019572788195224232
73.4380702821581	0.000020272357078023435
74.4108839080998	0.000021036061612626696
75.38369753404149	0.00002187290681684368
76.35651115998317	0.000022793664757966985
77.32932478592488	0.0000238113278674398
78.30213841186657	0.000024941709686783994
79.14229563427077	0.000026023476442584747
79.84979645313746	0.000027021987380242757
80.60151607318332	0.00002818352285007059
81.30901689205001	0.000029385180115659662
82.01651771091667	0.000030708010318397854
82.85667493332087	0.00003246272909895035
83.74105095690425	0.00003456727973002863
84.58120817930842	0.00003686473550734866
85.29674878020768	0.00003910116416992646
85.78532014987962	0.00004080466583049263
86.42660614851903	0.00004329834422772233
87.05746104534185	0.00004609079214943975
87.64250979940468	0.0000490450257351064
88.24116433844574	0.000052511623439882516
88.7458152721828	0.00005585889922639291
89.26036132226767	0.00005976198119754235
89.7186288981245	0.000063745788077882
90.24121473024195	0.00006901159389012261
90.76380056235939	0.00007524839365748887
91.21402835618363	0.00008161824014303343
91.65621636797533	0.00008903034329320265
92.098404379767	0.0000979274975333335
92.54059239155868	0.00010879195864002859
92.94347480230223	0.00012099846500756
93.41692863310948	0.00013929401280157925
93.86715642693372	0.00016250641359981432
94.26512563754622	0.00019027825949936126
94.57465724580041	0.00021908759674243945
94.92840765523374	0.00026417456238951717
95.2821580646671	0.00033093106447219545
95.63590847410043	0.00043871819477773327
95.98965888353379	0.0006381611535390696
96.34340929296712	0.0011113496670085209
96.69715970240048	0.0032265536893474325