# m4 [GeV]	d_gamma [1/GeV] at 90%CL from DONUT data. Computed by Manu with the cross-section
0.0001	0.00005777917471806741
0.00010232929922807543	0.00005777917485724482
0.00010471285480508996	0.00005777917500298145
0.00010715193052376066	0.00005777917515558644
0.00010964781961431851	0.00005777917531538351
0.00011220184543019636	0.00005777917548271158
0.0001148153621496883	0.000057779175657925594
0.00011748975549395293	0.0000577791758413972
0.00012022644346174128	0.00005777917603351557
0.00012302687708123816	0.00005777917623468821
0.00012589254117941674	0.000057779176445341814
0.0001288249551693134	0.00005777917666592324
0.0001318256738556407	0.00005777917689690035
0.00013489628825916536	0.00005777917713876311
0.0001380384264602885	0.00005777917739202451
0.00014125375446227546	0.00005777917765722175
0.00014454397707459277	0.00005777917793491735
0.00014791083881682076	0.00005777917822570039
0.00015135612484362083	0.00005777917853018759
0.0001548816618912481	0.000057779178849024854
0.00015848931924611134	0.00005777917918288848
0.00016218100973589298	0.00005777917953248661
0.00016595869074375604	0.000057779179898560814
0.00016982436524617443	0.00005777918028188759
0.00017378008287493755	0.00005777918068327998
0.0001778279410038923	0.00005777918110358945
0.00018197008586099837	0.000057779181543707513
0.00018620871366628676	0.000057779182004567705
0.00019054607179632473	0.000057779182487147576
0.00019498445997580456	0.00005777918299247078
0.00019952623149688798	0.00005777918352160913
0.00020417379446695298	0.000057779184075685044
0.00020892961308540393	0.00005777918465587376
0.0002137962089502232	0.00005777918526340594
0.00021877616239495524	0.00005777918589957026
0.00022387211385683394	0.00005777918656571608
0.0002290867652767773	0.00005777918726325643
0.0002344228815319922	0.000057779187993670866
0.00023988329190194904	0.000057779188758508705
0.00024547089156850307	0.00005777918955939227
0.000251188643150958	0.00005777919039802033
0.0002570395782768864	0.00005777919127617174
0.0002630267991895382	0.000057779192195709194
0.0002691534803926916	0.00005777919315858316
0.0002754228703338166	0.00005777919416683599
0.0002818382931264454	0.00005777919522260635
0.00028840315031266055	0.00005777919632813367
0.0002951209226666385	0.000057779197485762935
0.0003019951720402016	0.000057779198697949645
0.00030902954325135904	0.000057779199967265
0.00031622776601683794	0.00005777920129640138
0.00032359365692962827	0.00005777920268817811
0.0003311311214825911	0.00005777920414554728
0.00033884415613920257	0.00005777920567160021
0.00034673685045253164	0.00005777920726957388
0.0003548133892335755	0.00005777920894285781
0.00036307805477010135	0.00005777921069500124
0.0003715352290971726	0.000057779212529720734
0.0003801893963205612	0.00005777921445090796
0.0003890451449942806	0.00005777921646263809
0.0003981071705534972	0.00005777921856917822
0.00040738027780411277	0.00005777922077499664
0.00041686938347033545	0.0000577792230847722
0.0004265795188015927	0.00005777922550340426
0.000436515832240166	0.00005777922803602308
0.00044668359215096316	0.0000577792306880007
0.00045708818961487504	0.00005777923346496234
0.0004677351412871982	0.000057779236372798325
0.0004786300923226383	0.000057779239417676606
0.0004897788193684462	0.000057779242606055786
0.0005011872336272722	0.00005777924594469888
0.0005128613839913648	0.000057779249440687625
0.0005248074602497725	0.00005777925310143751
0.0005370317963702527	0.000057779256934713526
0.0005495408738576246	0.00005777926094864662
0.0005623413251903491	0.00005777926515175087
0.000575439937337157	0.00005777926955294172
0.0005888436553555889	0.00005777927416155473
0.0006025595860743578	0.00005777927898736544
0.0006165950018614822	0.00005777928404061011
0.0006309573444801933	0.000057779289332007406
0.0006456542290346556	0.000057779294872781185
0.000660693448007596	0.000057779300674684224
0.0006760829753919818	0.000057779306750023254
0.0006918309709189366	0.00005777931311168499
0.0007079457843841379	0.00005777931977316343
0.00072443596007499	0.00005777932674858865
0.0007413102413009175	0.000057779334052756563
0.0007585775750291837	0.0000577793417011604
0.0007762471166286917	0.00005777934971002366
0.0007943282347242815	0.00005777935809633435
0.0008128305161640993	0.000057779366877881153
0.000831763771102671	0.00005777937607329116
0.0008511380382023765	0.00005777938570206923
0.0008709635899560807	0.00005777939578463958
0.0008912509381337456	0.000057779406342388973
0.0009120108393559097	0.0000577794173977121
0.000933254300796991	0.00005777942897405909
0.000954992586021436	0.00005777944109598531
0.0009772372209558107	0.00005777945378920339
0.001	0.00005777946708063777
0.0010232929922807542	0.000057779480998481845
0.0010471285480508996	0.00005777949557225777
0.0010715193052376066	0.00005777951083287901
0.0010964781961431851	0.00005777952681271605
0.0011220184543019637	0.000057779543545664936
0.0011481536214968829	0.000057779561067219286
0.0011748975549395293	0.00005777957941454544
0.0012022644346174128	0.00005777959862656149
0.0012302687708123814	0.00005777961874401969
0.0012589254117941673	0.00005777963980959295
0.0012882495516931339	0.00005777966186796538
0.001318256738556407	0.00005777968496592707
0.0013489628825916536	0.00005777970915247332
0.0013803842646028849	0.00005777973447890867
0.0014125375446227546	0.00005777976099895555
0.0014454397707459278	0.00005777978876886852
0.0014791083881682077	0.00005777981784755334
0.0015135612484362083	0.000057779848296692104
0.0015488166189124811	0.00005777988018087405
0.0015848931924611134	0.000057779913567732555
0.0016218100973589297	0.00005777994852808867
0.0016595869074375604	0.000057779985136101286
0.0016982436524617442	0.00005778002346942461
0.0017378008287493754	0.00005778006360937274
0.001778279410038923	0.00005778010564109227
0.0018197008586099837	0.000057780149653742956
0.0018620871366628676	0.000057780195740686794
0.0019054607179632475	0.00005778024399968618
0.0019498445997580456	0.00005778029453311129
0.00199526231496888	0.000057780347448157274
0.0020417379446695297	0.000057780402857071676
0.0020892961308540394	0.00005778046087739268
0.0021379620895022318	0.00005778052163219832
0.0021877616239495525	0.00005778058525036781
0.0022387211385683395	0.00005778065186685491
0.002290867652767773	0.00005778072162297428
0.002344228815319922	0.00005778079466670133
0.0023988329190194903	0.00005778087115298624
0.0024547089156850307	0.00005778095124408273
0.0025118864315095803	0.00005778103510989234
0.002570395782768864	0.00005778112292832502
0.002630267991895382	0.00005778121488567661
0.002691534803926916	0.00005778131117702423
0.0027542287033381664	0.000057781412006640225
0.002818382931264454	0.000057781517588425666
0.0028840315031266055	0.00005778162814636434
0.0029512092266663855	0.000057781743914998085
0.003019951720402016	0.000057781865139924606
0.0030902954325135908	0.00005778199207831864
0.0031622776601683794	0.00005778212499947796
0.003235936569296283	0.0000577822641853948
0.0033113112148259113	0.000057782409931354564
0.0033884415613920256	0.000057782562546562525
0.0034673685045253162	0.0000577827223548002
0.003548133892335755	0.00005778288969511274
0.0036307805477010136	0.00005778306492252863
0.0037153522909717258	0.000057783248408813436
0.0038018939632056123	0.00005778344054325913
0.003890451449942806	0.00005778364173351052
0.003981071705534972	0.000057783852406430894
0.004073802778041128	0.00005778407300900839
0.004168693834703354	0.00005778430400930507
0.004265795188015927	0.000057784545897451023
0.00436515832240166	0.00005778479918668521
0.004466835921509631	0.000057785064414445366
0.00457088189614875	0.0000577853421435097
0.004677351412871982	0.000057785632963192144
0.004786300923226384	0.00005778593749059423
0.004897788193684462	0.00005778625637191599
0.005011872336272723	0.0000577865902838289
0.005128613839913649	0.00005778693993491356
0.0052480746024977255	0.000057787306067165225
0.005370317963702527	0.000057787689457570734
0.0054954087385762455	0.000057788090919759626
0.005623413251903491	0.00005778851130573347
0.005754399373371569	0.00005778895150767689
0.005888436553555889	0.00005778941245985415
0.006025595860743578	0.00005778989514059545
0.006165950018614822	0.0000577904005743771
0.006309573444801933	0.00005779092983400007
0.006456542290346555	0.000057791484042871556
0.00660693448007596	0.00005779206437739454
0.0067608297539198175	0.00005779267206947026
0.006918309709189365	0.000057793308409119275
0.0070794578438413795	0.00005779397474722642
0.0072443596007499	0.00005779467249841583
0.007413102413009175	0.00005779540314406195
0.007585775750291838	0.00005779616823544332
0.007762471166286917	0.00005779696939704554
0.007943282347242816	0.000057797808330020895
0.008128305161640993	0.0000577986868158119
0.008317637711026709	0.000057799606719946514
0.008511380382023764	0.00005780056999601343
0.008709635899560806	0.000057801578689825915
0.008912509381337455	0.00005780263494378303
0.009120108393559099	0.00005780374100143809
0.00933254300796991	0.00005780489921228379
0.00954992586021436	0.00005780611203676468
0.009772372209558107	0.000057807382051527734
0.01	0.00005780871195492251
0.010232929922807542	0.00005781010457276269
0.010471285480508997	0.000057811562864361795
0.010715193052376067	0.00005781308992885603
0.01096478196143185	0.000057814689011828074
0.011220184543019637	0.0000578163635122464
0.01148153621496883	0.00005781811698973525
0.011748975549395295	0.00005781995317219127
0.01202264434617413	0.000057821875963763135
0.012302687708123816	0.00005782388945321248
0.012589254117941673	0.0000578259979226737
0.012882495516931339	0.00005782820585683245
0.013182567385564071	0.000057830517952543126
0.013489628825916537	0.000057832939128906177
0.01380384264602885	0.00005783547453782817
0.014125375446227545	0.000057838129575087657
0.014454397707459278	0.000057840909891931645
0.014791083881682078	0.0000578438214072286
0.015135612484362083	0.00005784687032020488
0.01548816618912481	0.000057850063123793705
0.015848931924611134	0.000057853406618625885
0.0162181009735893	0.00005785690792769472
0.016595869074375606	0.00005786057451172731
0.016982436524617443	0.00005786441418529787
0.017378008287493755	0.00005786843513371911
0.01778279410038923	0.0000578726459307504
0.018197008586099836	0.00005787705555716336
0.018620871366628676	0.00005788167342020695
0.019054607179632477	0.00005788650937401747
0.019498445997580455	0.000057891573741020146
0.0199526231496888	0.00005789687733437203
0.020417379446695298	0.000057902431481498604
0.020892961308540393	0.00005790824804877866
0.021379620895022322	0.000057914339467435934
0.021877616239495523	0.000057920718760697825
0.022387211385683396	0.00005792739957228579
0.02290867652767773	0.00005793439619630532
0.023442288153199223	0.000057941723608606296
0.023988329190194904	0.00005794939749968942
0.024547089156850305	0.00005795743430923792
0.0251188643150958	0.000057965851262358216
0.02570395782768864	0.000057974666407617854
0.02630267991895382	0.00005798389865697393
0.026915348039269163	0.00005799356782769053
0.027542287033381664	0.00005800369468634882
0.02818382931264454	0.00005801430099506003
0.028840315031266057	0.00005802540955999686
0.029512092266663854	0.00005803704428236622
0.03019951720402016	0.000058049230211953016
0.030902954325135908	0.000058061993603371846
0.0316227766016838	0.00005807536197517196
0.03235936569296283	0.00005808936417194891
0.03311311214825911	0.000058104030429625424
0.033884415613920256	0.00005811939244407396
0.034673685045253165	0.00005813548344326288
0.03548133892335755	0.00005815233826311995
0.03630780547701014	0.0000581699934273179
0.03715352290971726	0.00005818848723119931
0.038018939632056124	0.000058207859830071394
0.03890451449942806	0.000058228153332115375
0.03981071705534972	0.000058249411896169764
0.04073802778041127	0.00005827168183466358
0.04168693834703355	0.000058295011721992046
0.04265795188015927	0.00005831945250864585
0.043651583224016605	0.000058345057641424685
0.04466835921509632	0.00005837188319008608
0.045708818961487506	0.00005839998798080352
0.04677351412871982	0.000058429433736830766
0.04786300923226383	0.00005846028522679511
0.048977881936844624	0.00005849261042106897
0.05011872336272723	0.0000585264806566983
0.05128613839913648	0.00005856197081139629
0.05248074602497726	0.000058599159487144336
0.05370317963702527	0.00005863812920397609
0.054954087385762455	0.00005867896660455805
0.05623413251903491	0.00005872176267021854
0.057543993733715694	0.0000587666129491193
0.0588843655355589	0.00005881361779730722
0.06025595860743578	0.000058862882633430536
0.06165950018614822	0.000058914518207952744
0.06309573444801933	0.00005896864088774904
0.06456542290346555	0.00005902537295702375
0.0660693448007596	0.00005908484293554414
0.06760829753919817	0.00005914718591524395
0.06918309709189366	0.000059212543916310715
0.07079457843841379	0.00005928106626393296
0.072443596007499	0.00005935290998694632
0.07413102413009175	0.00005942824023968086
0.07585775750291839	0.000059507230748375036
0.07762471166286918	0.00005959006428358192
0.07943282347242815	0.000059676933160051715
0.08128305161640993	0.000059768039765626014
0.0831763771102671	0.00005986359712072434
0.08511380382023764	0.000059963829470035824
0.08709635899560808	0.00006006897290804832
0.08912509381337456	0.00006017927604004415
0.09120108393559098	0.000060295000680164805
0.09332543007969911	0.00006041642258808402
0.0954992586021436	0.0000605438322457236
0.09772372209558107	0.00006067753567528429
0.1	0.000060817855299633144
0.10232929922807542	0.00006096513084576763
0.10471285480508996	0.000061119720291645
0.10715193052376065	0.00006128200085609392
0.1096478196143185	0.00006145237003077964
0.11220184543019636	0.00006163124665223071
0.1148153621496883	0.00006181907201070235
0.11748975549395294	0.00006201631099108329
0.12022644346174129	0.00006222345323906693
0.12302687708123815	0.00006244101434330671
0.12589254117941673	0.00006266953702113397
0.1288249551693134	0.00006290959229148284
0.1318256738556407	0.00006316178061375242
0.13489628825916536	0.00006342673296520945
0.1380384264602885	0.00006370511182190723
0.14125375446227545	0.00006399761199861569
0.14454397707459277	0.0000643049612914874
0.14791083881682077	0.00006462792085258745
0.15135612484362082	0.00006496728520733323
0.1548816618912481	0.00006532388180351587
0.15848931924611134	0.0000656985699529192
0.16218100973589297	0.0000660922389924151
0.16595869074375605	0.00006650580544933737
0.16982436524617442	0.00006694020894417058
0.17378008287493754	0.00006739640650004397
0.1778279410038923	0.0000678753648507306
0.18197008586099836	0.00006837805024395963
0.18620871366628675	0.00006890541512160634
0.19054607179632474	0.00006945838091916151
0.19498445997580455	0.00007003781606005697
0.19952623149688797	0.0000706445080223358
0.20417379446695297	0.00007127912812288373
0.20892961308540392	0.00007194218739664933
0.2137962089502232	0.00007263398164668962
0.21877616239495523	0.00007335452341248796
0.22387211385683395	0.00007410345826447085
0.2290867652767773	0.00007487996251124407
0.2344228815319922	0.0000756826191525139
0.23988329190194904	0.00007650926880453987
0.24547089156850305	0.00007735683248774685
0.251188643150958	0.00007822110377538165
0.2570395782768864	0.00007909650910632257
0.2630267991895382	0.00007997583739480124
0.2691534803926916	0.00008084994383643191
0.2754228703338166	0.00008170743847886556
0.28183829312644537	0.00008253437813953658
0.28840315031266056	0.0000833139908782624
0.29512092266663853	0.00008402647529314467
0.3019951720402016	148.15172247417894*""
0.30902954325135906	148.15172247417894*""
0.31622776601683794	148.15172247417894*""
0.32359365692962827	148.15172247417894*""
0.3311311214825911	148.15172247417894*""
0.33884415613920255	148.15172247417894*""
0.3467368504525316	148.15172247417894*""
0.35481338923357547	148.15172247417894*""
0.36307805477010135	148.15172247417894*""
0.37153522909717257	148.15172247417894*""
0.3801893963205612	148.15172247417894*""
0.3890451449942806	148.15172247417894*""
0.3981071705534972	148.15172247417894*""
0.40738027780411273	148.15172247417894*""
0.4168693834703354	148.15172247417894*""
0.42657951880159267	148.15172247417894*""
0.436515832240166	148.15172247417894*""
0.44668359215096315	148.15172247417894*""
0.457088189614875	148.15172247417894*""
0.4677351412871982	148.15172247417894*""
0.4786300923226383	148.15172247417894*""
0.4897788193684462	148.15172247417894*""
0.5011872336272722	148.15172247417894*""