# M4 (MeV) Ue^2
1.20055840e+0 4.95034524e-4
1.34108335e+0 4.37571338e-4
1.46742798e+0 3.76835869e-4
1.57772884e+0 3.32237540e-4
1.63655597e+0 2.92429123e-4
1.69048084e+0 2.60848860e-4
1.87921787e+0 2.25814377e-4
1.98216534e+0 1.94517508e-4
2.11599706e+0 1.81089643e-4
2.59985018e+0 1.25534849e-4
2.70279765e+0 1.12845350e-4
2.82780530e+0 1.01586737e-4
2.99877164e+0 8.98633454e-5
3.21753502e+0 7.90300445e-5
3.36051762e+0 6.97059472e-5
3.66020915e+0 5.98000842e-5
3.88669360e+0 4.99714663e-5
4.00250950e+0 5.24951236e-5
4.80035242e+0 3.58632662e-5
5.04852936e+0 3.19286384e-5
5.31508979e+0 2.87161481e-5
5.60248481e+0 2.57068739e-5
6.00283610e+0 2.28511525e-5
6.46038042e+0 2.00963762e-5
6.82069658e+0 1.80386128e-5
7.19245134e+0 1.62073187e-5
8.50997103e+0 1.14910719e-5
8.98259352e+0 1.03168422e-5
9.44585715e+0 9.36307988e-6
9.96059451e+0 8.42154328e-6
1.04753319e+1 7.62127027e-6
1.09900692e+1 6.90308832e-6
1.15562803e+1 6.26446046e-6
1.20195440e+1 5.80108307e-6
1.38505383e+1 4.38313323e-6
1.44982024e+1 3.93823836e-6
1.52709683e+1 3.58676406e-6
1.60276323e+1 3.22938299e-6
1.68659942e+1 2.92789180e-6
1.78051920e+1 2.65097285e-6
2.01682324e+1 2.09191604e-6
2.11965759e+1 1.86947956e-6
2.23142913e+1 1.71894776e-6
2.33718426e+1 1.56604106e-6
2.39357140e+1 1.45991918e-6
2.47335569e+1 1.39991560e-6
2.69469276e+1 1.17200384e-6
2.80793498e+1 1.08661896e-6
2.91946141e+1 9.97741846e-7
2.98980885e+1 9.48044758e-7
3.08589316e+1 9.03337050e-7
3.17854588e+1 8.54170290e-7
3.31237760e+1 7.72807729e-7
3.42561982e+1 7.33243344e-7
3.53886204e+1 6.82535760e-7
3.65210426e+1 6.39394881e-7
3.76534648e+1 6.05695311e-7
3.83226234e+1 5.94230337e-7
4.04330466e+1 5.20655780e-7
4.15654688e+1 4.95576379e-7
4.26978910e+1 4.71329579e-7
4.38303132e+1 4.43652862e-7
4.49627354e+1 4.23629724e-7
4.56318940e+1 4.13136411e-7
4.78452646e+1 3.71769634e-7
4.89776868e+1 3.54425887e-7
5.01101090e+1 3.39239172e-7
5.12425312e+1 3.27038459e-7
5.23749534e+1 3.14273982e-7
5.30955858e+1 3.07181648e-7
5.53604302e+1 2.78448969e-7
5.64928524e+1 2.68648397e-7
5.76252746e+1 2.59605871e-7
5.87576968e+1 2.48482078e-7
5.98901190e+1 2.38213981e-7
6.08096789e+1 2.32213363e-7
6.19730107e+1 2.87108974e-8
6.19730107e+1 2.24973855e-7
6.25779432e+1 2.75964247e-8
6.31363425e+1 2.67360757e-8
6.36482085e+1 3.10766834e-8
6.42066077e+1 2.87108974e-8
6.47458081e+1 2.32549977e-8
6.52262297e+1 1.72405109e-8
6.58095987e+1 1.46829117e-8
6.63243361e+1 1.32760071e-8
6.65302310e+1 1.14393509e-8
6.67361259e+1 9.77082869e-9
6.68905472e+1 8.79599035e-9
6.74052845e+1 7.91378955e-9
6.79200219e+1 7.00460515e-9
6.84347593e+1 6.14221962e-9
6.89494966e+1 5.35152433e-9
6.94127603e+1 4.68855265e-9
6.99789714e+1 4.14869171e-9
7.04937087e+1 3.76763130e-9
7.09569723e+1 3.43809417e-9
7.17103607e+1 3.08216313e-9
7.23673527e+1 3.78085439e-9
7.28100269e+1 4.29849978e-9
7.32732905e+1 5.04356780e-9
7.38703858e+1 5.86874343e-9
7.42770284e+1 6.94352129e-9
7.45601339e+1 8.02313170e-9
7.47969131e+1 8.92012550e-9
7.50233975e+1 1.02082392e-8
7.52292925e+1 1.11287479e-8
7.54866612e+1 1.28189344e-8
7.56582403e+1 1.42604280e-8
7.58469773e+1 1.62389108e-8
7.64646622e+1 1.86818165e-8
7.74426632e+1 1.86001805e-8
7.80088743e+1 1.67200096e-8
7.85750854e+1 1.48406502e-8
7.92442439e+1 1.28414097e-8
7.97589813e+1 1.12999348e-8
8.01192975e+1 1.00749989e-8
8.08914035e+1 8.64324788e-9
8.20238257e+1 8.22691240e-9
8.31562479e+1 7.70078166e-9
8.42457753e+1 6.80802314e-9
8.54210923e+1 6.75806399e-9
8.65535145e+1 6.46848924e-9
8.76859367e+1 6.82838191e-9
8.88183589e+1 7.24858778e-9
8.99507811e+1 7.85561172e-9
9.07743609e+1 8.49315779e-9
9.15324287e+1 9.62412039e-9
9.26274154e+1 1.03473604e-8
9.37598376e+1 1.05050936e-8
9.48922599e+1 1.13125385e-8
9.56423057e+1 1.25334461e-8
9.63849982e+1 1.39464715e-8
9.73629992e+1 1.52125018e-8
9.82380527e+1 1.40537669e-8
9.87601435e+1 1.25491384e-8
9.95248961e+1 1.13486265e-8
1.00657318e+2 1.17813831e-8
1.01789741e+2 1.20278301e-8
1.02690531e+2 1.09611830e-8
1.03642795e+2 1.04633532e-8
1.04686977e+2 9.81985442e-9
1.05032586e+2 9.43443393e-9
1.05804692e+2 1.04984040e-8
1.06216482e+2 1.17054088e-8
1.06473851e+2 1.27071465e-8
1.06662588e+2 1.44701280e-8
1.07065799e+2 1.61325857e-8
1.07400378e+2 1.74940331e-8
1.07657747e+2 1.99793909e-8
1.07760694e+2 2.20644432e-8
1.08100421e+2 2.56968934e-8
1.08996064e+2 2.86952234e-8
1.10077012e+2 2.65433056e-8
1.10849118e+2 2.36141928e-8
1.11784224e+2 2.20483443e-8
1.12908068e+2 1.99423052e-8
1.13823156e+2 2.00183165e-8
1.14194911e+2 2.20644432e-8
1.14503753e+2 2.46173654e-8
1.15121438e+2 2.83008492e-8
1.15805304e+2 2.90565291e-8
1.16717124e+2 2.68173543e-8
1.17849546e+2 2.61843436e-8
1.18966130e+2 2.35863665e-8
1.19964649e+2 2.57911875e-8
1.20474707e+2 2.88211664e-8
1.20732076e+2 3.34778868e-8
1.21085038e+2 3.86977051e-8
1.21349760e+2 4.58878807e-8
1.21658603e+2 5.19288730e-8
1.22018919e+2 6.15897773e-8
1.22996920e+2 6.71099222e-8
1.24077868e+2 6.71099222e-8
1.24695553e+2 7.45475526e-8
1.25099990e+2 8.21901114e-8
1.25416186e+2 8.88200775e-8
1.25570607e+2 9.95317615e-8
1.25827976e+2 1.12763122e-7
1.26232412e+2 1.28153664e-7
1.26703029e+2 1.39325620e-7
1.26960398e+2 1.53551527e-7
1.27435100e+2 1.77081415e-7
1.27989872e+2 1.99478132e-7
1.28864926e+2 2.21074241e-7
1.29842927e+2 2.42771375e-7
1.30820928e+2 2.52470843e-7
1.31453320e+2 2.27592208e-7
1.32004824e+2 2.03047742e-7
1.32982825e+2 1.86256989e-7
1.33806405e+2 1.98029510e-7
1.33960826e+2 2.13255351e-7
1.34149563e+2 2.46413267e-7
1.34527037e+2 2.75526679e-7
1.34629984e+2 3.36280827e-7
1.34712342e+2 3.84706767e-7
1.35000595e+2 4.50243707e-7
1.35144722e+2 4.85808824e-7
1.35247669e+2 5.43444457e-7
