0.001	3.656639933346399e-6
0.0010023052380778996	3.6566459714014033e-6
0.0010046157902783952	3.6566520372978346e-6
0.0010069316688518042	3.656658131163973e-6
0.0010092528860766844	3.6566642531286824e-6
0.0010115794542598987	3.6566704033214244e-6
0.0010139113857366793	3.6566765818722543e-6
0.0010162486928706957	3.656682788911826e-6
0.001018591388054117	3.6566890245713932e-6
0.00102093948370768	3.6566952889828186e-6
0.0010232929922807542	3.6567015822785634e-6
0.0010256519262514076	3.656707904591706e-6
0.0010280162981264737	3.6567142560559327e-6
0.0010303861204416162	3.6567206368055465e-6
0.0010327614057613975	3.656727046975468e-6
0.001035142166679344	3.6567334867012376e-6
0.0010375284158180126	3.656739956119022e-6
0.0010399201658290592	3.656746455365611e-6
0.0010423174293933042	3.656752984578426e-6
0.0010447202192208	3.65675954389552e-6
0.0010471285480508996	3.6567661334555806e-6
0.0010495424286523223	3.6567727533979353e-6
0.001051961873823223	3.656779403862549e-6
0.001054386896391259	3.6567860849900343e-6
0.0010568175092136585	3.6567927969216498e-6
0.001059253725177289	3.656799539799302e-6
0.0010616955571987247	3.6568063137655516e-6
0.0010641430182243162	3.656813118963615e-6
0.0010665961212302578	3.656819955537369e-6
0.001069054879222658	3.6568268236313486e-6
0.0010715193052376066	3.656833723390759e-6
0.001073989412341245	3.6568406549614673e-6
0.001076465213629835	3.656847618490015e-6
0.0010789467222298288	3.6568546141236185e-6
0.0010814339512979381	3.6568616420101687e-6
0.0010839269140212036	3.6568687022982393e-6
0.0010864256236170656	3.656875795137086e-6
0.0010889300933334335	3.6568829206766527e-6
0.0010914403364487566	3.656890079067569e-6
0.001093956366272094	3.6568972704611626e-6
0.0010964781961431851	3.6569044950094537e-6
0.0010990058394325212	3.6569117528651636e-6
0.0011015393095414152	3.656919044181716e-6
0.0011040786199020733	3.6569263691132364e-6
0.0011066237839776666	3.6569337278145663e-6
0.0011091748152624013	3.656941120441252e-6
0.0011117317272815914	3.6569485471495624e-6
0.00111429453359173	3.6569560080964783e-6
0.0011168632477805613	3.6569635034397077e-6
0.0011194378834671517	3.656971033337681e-6
0.0011220184543019637	3.6569785979495583e-6
0.0011246049739669266	3.6569861974352336e-6
0.0011271974561755105	3.6569938319553313e-6
0.0011297959146727979	3.657001501671219e-6
0.001132400363235557	3.657009206745005e-6
0.0011350108156723152	3.657016947339544e-6
0.001137627285823431	3.6570247236184364e-6
0.0011402497875611687	3.6570325357460394e-6
0.0011428783347897718	3.6570403838874643e-6
0.0011455129414455357	3.6570482682085794e-6
0.0011481536214968829	3.6570561888760205e-6
0.001150800388944436	3.6570641460571856e-6
0.0011534532578210924	3.657072139920244e-6
0.0011561122421920988	3.6570801706341392e-6
0.001158777356155126	3.6570882383685885e-6
0.0011614486138403427	3.657096343294095e-6
0.001164126029410491	3.6571044855819406e-6
0.0011668096170609624	3.657112665404198e-6
0.0011694993910198708	3.6571208829337304e-6
0.0011721953655481304	3.6571291383441945e-6
0.0011748975549395293	3.657137431810047e-6
0.0011776059735208071	3.657145763506547e-6
0.0011803206356517295	3.6571541336097585e-6
0.0011830415557251646	3.657162542296556e-6
0.00118576874816716	3.657170989744626e-6
0.0011885022274370184	3.6571794761324734e-6
0.0011912420080273747	3.6571880016394225e-6
0.0011939881044642732	3.657196566445624e-6
0.0011967405313072434	3.657205170732055e-6
0.0011994993031493788	3.657213814680525e-6
0.0012022644346174128	3.6572224984736816e-6
0.0012050359403717975	3.6572312222950083e-6
0.00120781383510678	3.657239986328836e-6
0.0012105981335504823	3.657248790760341e-6
0.0012133888504649772	3.6572576357755513e-6
0.001216186000646368	3.65726652156135e-6
0.0012189895989248665	3.6572754483054795e-6
0.0012217996601648717	3.6572844161965467e-6
0.0012246161992650487	3.657293425424022e-6
0.0012274392311584072	3.6573024761782528e-6
0.0012302687708123814	3.657311568650456e-6
0.0012331048332289089	3.6573207030327284e-6
0.0012359474334445104	3.657329879518053e-6
0.001238796586530369	3.6573390983002963e-6
0.001241652307592411	3.657348196987832e-6
0.001244514611771385	3.6573575000838604e-6
0.0012473835142429428	3.6573668460953904e-6
0.00125025903021772	3.657376235220206e-6
0.0012531411749414159	3.6573856676569928e-6
0.0012560299636948749	3.657395143605342e-6
0.0012589254117941673	3.6574046632657557e-6
0.0012618275345906706	3.657414226839651e-6
0.0012647363474711513	3.657423834529362e-6
0.0012676518658578456	3.6574334865381446e-6
0.0012705741052085415	3.657443183070184e-6
0.0012735030810166617	3.657452924330593e-6
0.0012764388088113438	3.657462881339228e-6
0.0012793813041575247	3.6574727131411146e-6
0.0012823305826560214	3.657482590257215e-6
0.0012852866599436154	3.6574925128961554e-6
0.0012882495516931339	3.6575024812675253e-6
0.001291219273613534	3.657512495581875e-6
0.001294195841449986	3.6575225560507235e-6
0.0012971792709839558	3.6575326628865604e-6
0.0013001695780332904	3.657542816302854e-6
0.0013031667784522993	3.6575530165140535e-6
0.0013061708881318415	3.6575632637355907e-6
0.0013091819229994071	3.6575735581838933e-6
0.0013121998990192033	3.6575839000763774e-6
0.0013152248321922383	3.657594289631461e-6
0.001318256738556407	3.6576047270685663e-6
0.001321295634186575	3.6576152126081244e-6
0.0013243415351946648	3.6576257464715766e-6
0.0013273944577297395	3.6576363288813848e-6
0.0013304544179780912	3.657646960061032e-6
0.001333521432163324	3.6576576402350277e-6
0.0013365955165464422	3.6576683696289136e-6
0.0013396766874259351	3.6576791484692684e-6
0.001342764961137864	3.6576899769837104e-6
0.0013458603540559483	3.6577008554009057e-6
0.0013489628825916536	3.6577117839505694e-6
0.0013520725631942774	3.657722762863474e-6
0.001355189412351036	3.657733792371451e-6
0.001358313446587154	3.6577448727073973e-6
0.0013614446824659501	3.6577560041052803e-6
0.0013645831365889248	3.6577671868001418e-6
0.0013677288255958492	3.6577784210281045e-6
0.0013708817661648538	3.657789707026375e-6
0.0013740419750125153	3.6578010450332514e-6
0.0013772094688939466	3.657812435288125e-6
0.0013803842646028849	3.6578238780314863e-6
0.001383566378971781	3.657835373504935e-6
0.0013867558288718884	3.6578469219511737e-6
0.0013899526312133534	3.6578585236140283e-6
0.0013931568029453031	3.6578701787384376e-6
0.0013963683610559378	3.6578818875704697e-6
0.0013995873225726182	3.657893650357323e-6
0.0014028137045619582	3.6579054673473303e-6
0.0014060475241299138	3.657917338789967e-6
0.0014092887984218747	3.6579292649358507e-6
0.0014125375446227546	3.657941246036756e-6
0.0014157937799570816	3.657953282345609e-6
0.0014190575216890921	3.6579653741164996e-6
0.0014223287871228199	3.6579775216046876e-6
0.0014256075936021884	3.657989725066601e-6
0.001428893958511103	3.6580019847598482e-6
0.0014321878992735436	3.6580143009432188e-6
0.0014354894333536562	3.658026673876695e-6
0.0014387985782558456	3.658039103821451e-6
0.0014421153515248688	3.6580515910398584e-6
0.0014454397707459278	3.658064135795498e-6
0.0014487718535447617	3.658076738353159e-6
0.0014521116175877425	3.658089398978847e-6
0.001455459080581966	3.65810211793979e-6
0.0014588142602753485	3.6581148955044442e-6
0.0014621771744567184	3.658127731942496e-6
0.0014655478409559117	3.6581406275248723e-6
0.0014689262776438668	3.658153582523746e-6
0.001472312502432719	3.6581665972125365e-6
0.0014757065332758946	3.658179671865922e-6
0.0014791083881682077	3.6581928067598397e-6
0.0014825180851459538	3.658206002171496e-6
0.001485935642287007	3.6582192583793706e-6
0.0014893610777109154	3.6582325756632205e-6
0.0014927944095789963	3.6582459543040874e-6
0.0014962356560944334	3.6582593945843067e-6
0.0014996848355023737	3.6582728967875066e-6
0.0015031419660900226	3.6582864611986196e-6
0.001506607066186742	3.6583000881038866e-6
0.0015100801541641485	3.6583137777908646e-6
0.0015135612484362083	3.658327530548427e-6
0.0015170503674593369	3.658341346666777e-6
0.0015205475297324958	3.6583552264374506e-6
0.0015240527537972914	3.658369170153319e-6
0.001527566058238073	3.658383178108603e-6
0.0015310874616820303	3.658397250598872e-6
0.0015346169827992946	3.6584113879210525e-6
0.001538154640303035	3.658425590373432e-6
0.0015417004529495594	3.6584398582556735e-6
0.0015452544395384137	3.658454191868812e-6
0.0015488166189124811	3.658468591515264e-6
0.001552387009958082	3.658483057498838e-6
0.0015559656316050743	3.658497590124733e-6
0.0015595525028269535	3.658512189699553e-6
0.0015631476426409539	3.6585268565313076e-6
0.0015667510701081488	3.658541590929422e-6
0.0015703628043335525	3.65855639320474e-6
0.0015739828644662193	3.658571263669535e-6
0.0015776112696993486	3.6585862026375127e-6
0.0015812480392703831	3.658601210423818e-6
0.0015848931924611134	3.6586162873450447e-6
0.0015885467485977787	3.6586314337192385e-6
0.00159220872705117	3.6586466498659062e-6
0.0015958791472367327	3.658661936106021e-6
0.0015995580286146689	3.6586772927620285e-6
0.0016032453906900412	3.658692720157858e-6
0.0016069412530128771	3.6587082186189183e-6
0.0016106456351782702	3.658723788472122e-6
0.0016143585568264862	3.658739430045875e-6
0.0016180800376430658	3.6587551436700937e-6
0.0016218100973589297	3.6587709296762083e-6
0.001625548755750484	3.6587867883971695e-6
0.0016292960326397224	3.6588027201674577e-6
0.0016330519478943342	3.658818725323088e-6
0.0016368165214278086	3.658834804201618e-6
0.0016405897731995391	3.658850957142154e-6
0.0016443717232149317	3.658867184485359e-6
0.001648162391525508	3.65888348657346e-6
0.001651961798229015	3.6588998637502555e-6
0.001655769963469528	3.6589163163611208e-6
0.0016595869074375604	3.6589328447530156e-6
0.0016634126503701694	3.6589494492744932e-6
0.0016672472125510626	3.6589661302757086e-6
0.0016710906143107074	3.6589828881084183e-6
0.0016749428760264374	3.6589997231259983e-6
0.0016788040181225602	3.659016635683444e-6
0.0016826740610704674	3.6590336261373805e-6
0.0016865530253887412	3.6590506948460706e-6
0.0016904409316432641	3.659067842169419e-6
0.0016943378004473284	3.6590850684689834e-6
0.0016982436524617442	3.659102374107982e-6
0.0017021585083949505	3.659119759451296e-6
0.0017060823890031236	3.6591372248654845e-6
0.0017100153150902875	3.659154770718788e-6
0.0017139573075084253	3.659172397381134e-6
0.001717908387157588	3.659190105224153e-6
0.0017218685749860068	3.659207894621176e-6
0.0017258378919902035	3.659225765947248e-6
0.0017298163592151014	3.6592437195791375e-6
0.001733803997754138	3.659261755895337e-6
0.0017378008287493754	3.6592798752760813e-6
0.0017418068733916143	3.659298078103345e-6
0.0017458221529205037	3.6593163647608583e-6
0.0017498466886246569	3.659334735634111e-6
0.001753880501841761	3.6593531911103627e-6
0.0017579236139586927	3.659371731578647e-6
0.001761976046411629	3.6593903574297842e-6
0.0017660378206861645	3.659409069056389e-6
0.0017701089583174213	3.6594278668528746e-6
0.0017741894808901656	3.6594467512154677e-6
0.001778279410038923	3.6594657225422064e-6
0.0017823787674480895	3.6594847812329608e-6
0.0017864875748520507	3.6595039276894347e-6
0.0017906058540352943	3.659523162315172e-6
0.0017947336268325266	3.659542485515567e-6
0.001798870915128788	3.65956189769788e-6
0.001803017740859569	3.6595813992712344e-6
0.001807174126010927	3.6596009906466293e-6
0.0018113400926196026	3.6596206722369546e-6
0.0018155156627731356	3.6596404444569894e-6
0.0018197008586099837	3.6596603077234165e-6
0.0018238957023196378	3.6596802624548313e-6
0.0018281002161427428	3.6597003090717497e-6
0.0018323144223712116	3.6597204479966148e-6
0.0018365383433483465	3.659740679653807e-6
0.0018407720014689559	3.659761004469654e-6
0.0018450154191794739	3.659781422872442e-6
0.0018492686189780783	3.659801935292417e-6
0.0018535316234148114	3.6598225421618e-6
0.0018578044550916987	3.659843243914796e-6
0.0018620871366628676	3.6598640409875984e-6
0.0018663796908346701	3.6598849338184043e-6
0.0018706821403658006	3.659905922847419e-6
0.001874994508067419	3.6599270085168663e-6
0.0018793168168032685	3.659948191271e-6
0.0018836490894898006	3.6599694715561085e-6
0.0018879913490962936	3.65999084982053e-6
0.0018923436186449754	3.660012326514656e-6
0.0018967059212111465	3.6600339020909464e-6
0.0019010782799233	3.6600555770039332e-6
0.0019054607179632475	3.660077351710236e-6
0.001909853258566238	3.660099226668564e-6
0.001914255925021086	3.6601212023397334e-6
0.0019186687406702895	3.660143279186674e-6
0.0019230917289101584	3.660165457674436e-6
0.0019275249131909362	3.6601877382702026e-6
0.0019319683170169243	3.6602101214432997e-6
0.0019364219639466074	3.6602326076652067e-6
0.0019408858775927784	3.660255197409564e-6
0.001945360081622663	3.6602778911521816e-6
0.0019498445997580456	3.660300689371054e-6
0.001954339455775395	3.6603235925463667e-6
0.00195884467350599	3.660346601160506e-6
0.001963360276836047	3.660369715698071e-6
0.001967886289706845	3.6603929366458825e-6
0.0019724227361148537	3.660416264492992e-6
0.001976969640111861	3.660439699730696e-6
0.0019815270258050984	3.660463242852541e-6
0.001986094917357372	3.6604868943543385e-6
0.001990673338987187	3.66051065473417e-6
0.00199526231496888	3.6605345244924034e-6
0.0019998618696327446	3.6605585041316984e-6
0.0020044720273651616	3.660582594157023e-6
0.0020090928126087282	3.6606067950756548e-6
0.0020137242498623883	3.6606311073972013e-6
0.002018366363681561	3.660655531633604e-6
0.002023019178678272	3.6606800682991518e-6
0.0020276827195212822	3.6607047179104906e-6
0.002032357010936222	3.660729480986637e-6
0.002037042077705719	3.660754358048984e-6
0.0020417379446695297	3.6607793496213157e-6
0.0020464446367246744	3.6608044562298185e-6
0.002051162178825566	3.6608296784030886e-6
0.0020558905959841413	3.660855016672147e-6
0.00206062991327	3.6608804715704466e-6
0.0020653801558105293	3.660906043633889e-6
0.002070141348791042	3.660931733400829e-6
0.0020749135174549095	3.66095754141209e-6
0.0020796966871036954	3.6609834682109742e-6
0.0020844908830972885	3.6610095143432747e-6
0.0020892961308540394	3.661035680357286e-6
0.0020941124558508926	3.6610619668038147e-6
0.002098939883623524	3.6610883742361934e-6
0.002103778439766475	3.661114903210289e-6
0.0021086281499332893	3.6611415542845177e-6
0.0021134890398366466	3.661168328019853e-6
0.0021183611352485017	3.6611952249798424e-6
0.002123244462000219	3.6612222457306137e-6
0.002128139045982712	3.6612493908408894e-6
0.0021330449131465763	3.6612766608819985e-6
0.0021379620895022318	3.6613040564278904e-6
0.0021428906011200584	3.6613315780551406e-6
0.0021478304741305338	3.6613592263429724e-6
0.002152781734724373	3.6613870018732575e-6
0.0021577444091526662	3.6614149052305386e-6
0.00216271852372702	3.661442937002036e-6
0.0021677041048196945	3.661471097777659e-6
0.0021727011788637445	3.6614993881500213e-6
0.0021777097723531588	3.6615278087144533e-6
0.0021827299118430013	3.6615563600690123e-6
0.0021877616239495525	3.6615850428144954e-6
0.0021928049353504486	3.661613857554456e-6
0.002197859872784825	3.661642804895207e-6
0.002202926463053456	3.661671885445845e-6
0.0022080047330189	3.661701099818256e-6
0.0022130947096056374	3.6617304486271275e-6
0.002218196419800219	3.661759932489966e-6
0.002223309890651403	3.6617895520271055e-6
0.0022284351492703035	3.661819307861724e-6
0.0022335722228305314	3.6618492006198536e-6
0.0022387211385683395	3.661879230930394e-6
0.002243881923782766	3.661909399425129e-6
0.002249054605835781	3.661939706738733e-6
0.002254239212152429	3.661970153508792e-6
0.0022594357702209775	3.6620007403758107e-6
0.0022646443075930596	3.6620314679832292e-6
0.002269864851883822	3.6620623369774343e-6
0.0022750974307720706	3.6620933480077746e-6
0.002280342072000418	3.6621245017265746e-6
0.0022855988033754298	3.662155798789147e-6
0.002290867652767773	3.6621872398538035e-6
0.002296148648112362	3.6622188255818776e-6
0.0023014418174085085	3.662250556637726e-6
0.002306747188720069	3.6622824336887515e-6
0.0023120647901755946	3.662314457405416e-6
0.0023173946499684787	3.6623466284612495e-6
0.002322736796357107	3.66237894753287e-6
0.002328091257665008	3.6624114152999927e-6
0.002333458062281003	3.6624440324454486e-6
0.0023388372386593547	3.662476799655194e-6
0.002344228815319922	3.6625097176183278e-6
0.0023496328208483072	3.6625427870271076e-6
0.0023550492838960097	3.662576008576961e-6
0.0023604782331805773	3.6626093829664987e-6
0.002365919697485758	3.662642910897534e-6
0.0023713737056616554	3.6626765930750926e-6
0.002376840286624877	3.6627104302074308e-6
0.0023823194693586903	3.6627444230060482e-6
0.002387811282913178	3.662778572185705e-6
0.0023933157564053876	3.6628128784644322e-6
0.0023988329190194903	3.6628473425635512e-6
0.0024043628000069333	3.662881965207687e-6
0.002409905428686595	3.6629167471247836e-6
0.0024154608344449406	3.6629516890461174e-6
0.002421029046736178	3.6629867917063153e-6
0.0024266100950824155	3.6630220558433682e-6
0.0024322040090738154	3.6630574821986477e-6
0.0024378108183687524	3.6630930715169193e-6
0.002443430552693972	3.66312882454636e-6
0.0024490632418447456	3.663164742038574e-6
0.0024547089156850307	3.663200824748606e-6
0.0024603676041476275	3.663237073434958e-6
0.002466039337234339	3.66327348885961e-6
0.0024717241450161304	3.6633100717880243e-6
0.0024774220576332857	3.6633468229891748e-6
0.0024831331052955707	3.6633837432355547e-6
0.002488857318282391	3.6634208333031925e-6
0.0024945947269429548	3.6634580939716743e-6
0.0025003453616964317	3.663495526024153e-6
0.0025061092530321138	3.6635331302473686e-6
0.0025118864315095803	3.6635709074316645e-6
0.002517676927758856	3.6636088583710027e-6
0.0025234807724805746	3.66364698386298e-6
0.002529297996446145	3.6636852847088456e-6
0.0025351286304979076	3.663723761713519e-6
0.0025409727055493055	3.6637624156856047e-6
0.0025468302525850414	3.6638012474374086e-6
0.0025527013026612473	3.6638402577849554e-6
0.002558585886905646	3.663879447548012e-6
0.0025644840365177174	3.663918817550089e-6
0.002570395782768864	3.663958368618477e-6
0.0025763211570025758	3.6639981015842484e-6
0.0025822601906345965	3.664038017282284e-6
0.002588212915153092	3.6640781165512855e-6
0.0025941793621188144	3.6641184002337955e-6
0.002600159563165272	3.664158869176214e-6
0.0026061535499988958	3.6641995242288158e-6
0.0026121613543992066	3.6642403662457705e-6
0.0026181830082189854	3.664281396085154e-6
0.002624218543384442	3.664322614608976e-6
0.002630267991895382	3.6643640226831903e-6
0.0026363313858253803	3.6644056211777143e-6
0.0026424087573219466	3.664447410966451e-6
0.002648500138606701	3.6644893929273006e-6
0.00265460556197554	3.664531567942185e-6
0.0026607250597988096	3.6645739368970646e-6
0.0026668586645214798	3.6646165006819523e-6
0.0026730064086633114	3.6646592601909397e-6
0.0026791683248190323	3.6647022163222078e-6
0.0026853444456585076	3.6647453699780507e-6
0.002691534803926916	3.6647887220648963e-6
0.002697739432444921	3.6648322734933176e-6
0.002703958364108844	3.6648760251780573e-6
0.0027101916318908433	3.6649199780380484e-6
0.002716439268839083	3.6649641329964267e-6
0.0027227013080779127	3.6650084909805573e-6
0.0027289777828080415	3.665053052922048e-6
0.0027352687263067126	3.6650978197567732e-6
0.0027415741719278826	3.66514279242489e-6
0.0027478941531023965	3.665187971870861e-6
0.0027542287033381664	3.6652333590434706e-6
0.0027605778562203452	3.665278954895846e-6
0.0027669416454115113	3.6653247603854804e-6
0.0027733201046518403	3.6653707764742465e-6
0.0027797132677592883	3.6654170041284216e-6
0.0027861211686297698	3.6654634443187083e-6
0.002792543841237338	3.6655100980202474e-6
0.0027989813196343622	3.6655569662126485e-6
0.002805433637951713	3.6656040498800036e-6
0.00281190083039894	3.6656513500109075e-6
0.002818382931264454	3.665698867598483e-6
0.0028248799749157065	3.665746603640397e-6
0.002831391995799379	3.6657945591388837e-6
0.0028379190284415555	3.6658427351007646e-6
0.0028444611074479155	3.665891132537471e-6
0.002851018267503909	3.665939752465061e-6
0.0028575905433749467	3.6659885959042474e-6
0.0028641779699065807	3.6660376638804116e-6
0.002870780582024691	3.6660869574236303e-6
0.002877398414735669	3.6661364775686945e-6
0.0028840315031266055	3.666186225355133e-6
0.0028906798823654756	3.66623620182723e-6
0.0028973435877013226	3.666286408034051e-6
0.0029040226544644505	3.666336845029464e-6
0.0029107171180666053	3.666387513872161e-6
0.0029174270140011668	3.666438415625678e-6
0.0029241523778433354	3.6664895513584185e-6
0.0029308932452503204	3.6665409221436796e-6
0.002937649651961531	3.666592529059668e-6
0.0029444216337987613	3.666644373189526e-6
0.0029512092266663855	3.666696455621354e-6
0.0029580124665515455	3.666748777448232e-6
0.0029648313895243423	3.666801339768246e-6
0.0029716660317380262	3.6668539990888755e-6
0.0029785164294291893	3.666907044098387e-6
0.0029853826189179594	3.666960332975672e-6
0.002992264636608189	3.667013866839492e-6
0.002999162518987651	3.66706779755136e-6
0.0030060763026282305	3.6671218261730037e-6
0.0030130060241861214	3.6671761031163896e-6
0.003019951720402016	3.6672306295204592e-6
0.0030269134281013057	3.6672854065293658e-6
0.003033891184194271	3.667340435292501e-6
0.0030408850256762794	3.667395716964515e-6
0.0030478949896279826	3.667451252705345e-6
0.003054921113215513	3.6675070436802368e-6
0.003061963433690677	3.667563091059769e-6
0.0030690219883911574	3.6676193960198776e-6
0.003076096814740708	3.667675959741882e-6
0.0030831879502493543	3.6677327834125064e-6
0.0030902954325135908	3.667789868223909e-6
0.00309741929921658	3.667847215373704e-6
0.0031045595881283557	3.6679048260649844e-6
0.0031117163371060176	3.6679627015063537e-6
0.003118889584093937	3.6680208429119443e-6
0.0031260793671239553	3.6680792515014468e-6
0.0031332857243155854	3.6681379285001353e-6
0.003140508693876217	3.6681968751388885e-6
0.003147748314101316	3.668256092654224e-6
0.0031550046233746265	3.6683155822883136e-6
0.0031622776601683794	3.6683753452890184e-6
0.003169567463043491	3.6684353829099096e-6
0.0031768740706497704	3.668495696410297e-6
0.0031841975217261247	3.668556287055253e-6
0.003191537855100762	3.6686171561156406e-6
0.003198895109691398	3.668678304868141e-6
0.0032062693245054658	3.668739734595276e-6
0.0032136605386403174	3.668801446585442e-6
0.0032210687912834347	3.6688634421329277e-6
0.003228494121712636	3.668925722537951e-6
0.003235936569296283	3.6689882891066767e-6
0.0032433961734934925	3.6690511431512505e-6
0.003250872973854344	3.669114285989824e-6
0.003258367010020088	3.6691777189465807e-6
0.0032658783217233583	3.6692414433517677e-6
0.003273406948788382	3.6693054605417187e-6
0.00328095293113119	3.6693697718588864e-6
0.0032885163087598306	3.6694343786518668e-6
0.003296097121774578	3.6694992822754288e-6
0.003303695410368148	3.6695644840905435e-6
0.0033113112148259113	3.6696299854644106e-6
0.0033189445755261037	3.6696957877704902e-6
0.0033265955329400453	3.6697618923885262e-6
0.00333426412763235	3.6698283007045812e-6
0.003341950400261143	3.6698950141110614e-6
0.003349654391578277	3.6699620340067463e-6
0.003357376142429547	3.6700293617968184e-6
0.003365115693754908	3.670096998892894e-6
0.003372873086588689	3.6701649467130503e-6
0.003380648362059816	3.6702332066818556e-6
0.0033884415613920256	3.670301780230401e-6
0.0033962527259040844	3.6703706687963257e-6
0.0034040818970100086	3.6704398738238545e-6
0.0034119291162192852	3.6705093967638205e-6
0.003419794425137088	3.6705792390737e-6
0.0034276778654645035	3.670649402217639e-6
0.003435579478998746	3.6707198876664914e-6
0.003443499307633385	3.670790696897839e-6
0.0034514373933585626	3.6708618313960324e-6
0.0034593937782612196	3.670933292652215e-6
0.0034673685045253162	3.671005082164358e-6
0.0034753616144320583	3.67107720143729e-6
0.003483373150360118	3.671149651982731e-6
0.003491403154785861	3.671222435319319e-6
0.0034994516702835728	3.671295552972648e-6
0.00350751873952568	3.6713690064752945e-6
0.003515604405282981	3.6714427973668536e-6
0.0035237087104248717	3.6715169271939676e-6
0.00353183169791957	3.6715913975103617e-6
0.0035399734108343467	3.671666209876874e-6
0.003548133892335755	3.6717413658614905e-6
0.0035563131856898534	3.6718168670393756e-6
0.0035645113342624426	3.671892714992907e-6
0.003572728381519289	3.6719689113117057e-6
0.00358096437102636	3.6720454575926742e-6
0.003589219346450052	3.6721223554400263e-6
0.003597493351557423	3.6721996064653207e-6
0.003605786430216424	3.6722772122874964e-6
0.003614098626396133	3.6723551745329066e-6
0.003622429984166986	3.67243349483535e-6
0.0036307805477010136	3.6725121748361095e-6
0.003639150361272071	3.672591216183982e-6
0.003647539469256078	3.672670620535316e-6
0.003655947916131249	3.6727503895540465e-6
0.003664375746478333	3.6728305249117263e-6
0.003672823004980847	3.6729110282875654e-6
0.0036812897364253143	3.6729919013684627e-6
0.0036897759857015032	3.673073145849044e-6
0.0036982817978026624	3.6731547634316973e-6
0.00370680721782576	3.6732367558266045e-6
0.0037153522909717258	3.673319124751785e-6
0.0037239170625456854	3.6734018719331224e-6
0.0037325015779572056	3.6734849991044078e-6
0.0037411058827205336	3.6735685080073734e-6
0.0037497300224548355	3.6736524003917313e-6
0.003758374042884442	3.6737366780152033e-6
0.0037670379898390887	3.673821342643567e-6
0.003775721909254161	3.6739063960506886e-6
0.003784425847170933	3.673991840018557e-6
0.0037931498497368195	3.674077676337327e-6
0.0038018939632056123	3.674163906805354e-6
0.0038106582339377305	3.67425053322923e-6
0.0038194427084004656	3.6743375574238272e-6
0.0038282474331682273	3.674424981212328e-6
0.003837072454922788	3.6745128064262695e-6
0.003845917820453536	3.6746010349055812e-6
0.003854783576657718	3.6746896684986207e-6
0.003863669770540692	3.6747787090622164e-6
0.0038725764492161725	3.6748681584617025e-6
0.003881503659906483	3.6749580185709607e-6
0.003890451449942806	3.675048291272461e-6
0.0038994198667654345	3.6751389784572956e-6
0.003908408957924021	3.6752300820252264e-6
0.0039174187710778316	3.6753216038847173e-6
0.003926449353995999	3.6754135459529793e-6
0.0039355007545577745	3.675505910156012e-6
0.003944573020752784	3.6755986984286365e-6
0.003953666200681279	3.675691912714546e-6
0.0039627803425543945	3.675785554966338e-6
0.003971915494694403	3.675879627145561e-6
0.003981071705534972	3.6759741312227543e-6
0.00399024902362142	3.676069069177488e-6
0.003999447497610975	3.6761644429984075e-6
0.004008667176273028	3.676260254683271e-6
0.0040179081084893995	3.676356506238995e-6
0.004027170343254591	3.676453199681699e-6
0.004036453929676049	3.6765503370367395e-6
0.004045758916974427	3.676647920338761e-6
0.004055085354483838	3.676745951631736e-6
0.004064433291652128	3.676844432969006e-6
0.004073802778041128	3.6769433664133282e-6
0.004083193863326921	3.677042754036914e-6
0.004092606597300109	3.6771425979214822e-6
0.004102041029866068	3.677242900158291e-6
0.0041114972110452225	3.677343662848189e-6
0.004120975190973302	3.6774448881016587e-6
0.004130475019901613	3.6775465780388616e-6
0.004139996748197304	3.6776487347896817e-6
0.004149540426343629	3.677751360493768e-6
0.004159106104940221	3.677854457300586e-6
0.004168693834703354	3.677958027369456e-6
0.004178303666466218	3.6780620728696035e-6
0.004187935651179184	3.6781665959802037e-6
0.004197589839910075	3.678271598890426e-6
0.004207266283844441	3.6783770837994833e-6
0.004216965034285822	3.678483052916676e-6
0.00422668614265603	3.678589508461437e-6
0.004236429660495411	3.678696452663385e-6
0.004246195639463129	3.6788038877623653e-6
0.0042559841313374305	3.678911816008499e-6
0.004265795188015927	3.67902023966223e-6
0.004275628861515862	3.679129160994377e-6
0.004285485203974395	3.679238582286174e-6
0.004295364267648873	3.6793485058293276e-6
0.0043052661049171066	3.679458933926057e-6
0.004315190768277652	3.679569868889147e-6
0.004325138310350088	3.679681313041997e-6
0.004335108783875289	3.6797932687186694e-6
0.004345102241715715	3.679905738263938e-6
0.004355118736855686	3.68001872403334e-6
0.00436515832240166	3.680132228393225e-6
0.004375221051582521	3.680246253720803e-6
0.004385306977749857	3.6803608024041968e-6
0.004395416154378245	3.680475876842493e-6
0.004405548635065534	3.6805914794457927e-6
0.004415704473533125	3.68070761263526e-6
0.004425883723626266	3.680824278843178e-6
0.004436086439314326	3.680941480512995e-6
0.004446312674691087	3.6810592200993808e-6
0.004456562483975033	3.681177500068277e-6
0.004466835921509631	3.6812963228969484e-6
0.004477133041763626	3.6814156910740365e-6
0.004487453899331322	3.681535607099614e-6
0.00449779854893288	3.6816560734852343e-6
0.004508167045414602	3.6817770927539885e-6
0.004518559443749224	3.6818986674405543e-6
0.004528975799036208	3.682020800091256e-6
0.004539416166502032	3.6821434932641146e-6
0.004549880601500486	3.682266749528902e-6
0.004560369159512962	3.6823905714671987e-6
0.00457088189614875	3.6825149616724436e-6
0.004581418867145334	3.682639922749993e-6
0.004591980128368685	3.6827654573171775e-6
0.0046025657358135606	3.6828915680033545e-6
0.004613175745603794	3.683018257449962e-6
0.004623810213992603	3.6831455283105823e-6
0.00463446919736288	3.6832733832509924e-6
0.004645152752227494	3.68340182494922e-6
0.0046558609352295895	3.6835308560956072e-6
0.0046665938031428865	3.683660479392861e-6
0.004677351412871982	3.683790697556115e-6
0.004688133821452652	3.683921513312983e-6
0.004698941086052154	3.6840529294036237e-6
0.004709773263969529	3.6841849485807947e-6
0.0047206304126359054	3.6843175736099096e-6
0.004731512589614805	3.6844508072691015e-6
0.004742419852602446	3.68458465234928e-6
0.0047533522594280534	3.6847191116541907e-6
0.004764309868054157	3.6848541880004747e-6
0.004775292736576909	3.6849898842177303e-6
0.004786300923226384	3.6851262031485725e-6
0.004797334486366891	3.6852631476486938e-6
0.004808393484497285	3.685400720586926e-6
0.004819477976251273	3.685538924845299e-6
0.004830588020397726	3.685677763319105e-6
0.0048417236758409934	3.6858172389169623e-6
0.0048528850016212105	3.685957354560871e-6
0.004864072056914616	3.6860981131862824e-6
0.0048752849010338635	3.686239517742157e-6
0.004886523593428336	3.6863815711910315e-6
0.004897788193684462	3.6865242765090797e-6
0.0049090787615260305	3.686667636686177e-6
0.0049203953568145095	3.686811654725964e-6
0.004931738039549359	3.6869563336459112e-6
0.0049431068698683545	3.687101676477387e-6
0.0049545019080479025	3.687247686265716e-6
0.004965923214503361	3.6873943660702493e-6
0.00497737084978936	3.6875417189644302e-6
0.0049888448746001225	3.687689748035856e-6
0.005000345349769785	3.68783845638635e-6
0.005011872336272723	3.6879878471320246e-6
0.005023425895223871	3.68813792340335e-6
0.0050350060878790485	3.6882886883452167e-6
0.005046612975635284	3.6884401451170137e-6
0.005058246620031141	3.688592296892683e-6
0.005069907082747044	3.6887451468607985e-6
0.0050815944256056055	3.68889869822463e-6
0.005093308710571954	3.6890529542022136e-6
0.005105049999754064	3.68920791802642e-6
0.005116818355403078	3.6893635929450235e-6
0.005128613839913649	3.689519982220775e-6
0.005140436515824262	3.6896770891314686e-6
0.005152286445817566	3.689834916970016e-6
0.00516416369272071	3.689993469044515e-6
0.005176068319505677	3.69015274867832e-6
0.005188000389289611	3.6903127592101182e-6
0.00519995996533516	3.690473503993997e-6
0.005211947111050805	3.6906349863995183e-6
0.005223961889991198	3.6907972098117907e-6
0.005236004365857502	3.690960177631546e-6
0.0052480746024977255	3.691123893275208e-6
0.005260172663907061	3.691288360174968e-6
0.005272298614228227	3.691453581778862e-6
0.005284452517751804	3.691619561550839e-6
0.005296634438916577	3.6917863029708434e-6
0.005308844442309883	3.6919538095348857e-6
0.005321082592667942	3.6921220847551187e-6
0.005333348954876209	3.692291132159916e-6
0.005345643593969717	3.692460955293945e-6
0.005357966575133416	3.6926315577182476e-6
0.005370317963702527	3.6928029430103133e-6
0.005382697825162883	3.6929751147641624e-6
0.005395106225151276	3.693148076590418e-6
0.005407543229455808	3.6933218321163885e-6
0.005420008904016238	3.6934963849861444e-6
0.005432503314924332	3.6936717388606004e-6
0.005445026528424212	3.69384789741759e-6
0.005457578610912709	3.6940248643519516e-6
0.005470159628939716	3.6942026433756033e-6
0.005482769649208538	3.694381238217627e-6
0.0054954087385762455	3.694560652624351e-6
0.005508076964054034	3.694740890359427e-6
0.005520774392807574	3.6949219552039152e-6
0.005533501092157367	3.6951038509563677e-6
0.005546257129579108	3.695286581432909e-6
0.005559042572704036	3.695470150467319e-6
0.005571857489319299	3.69565456191112e-6
0.005584701947368308	3.6958398196336594e-6
0.005597576014951101	3.6960259275221916e-6
0.005610479760324705	3.6962128894819663e-6
0.005623413251903491	3.696400709436313e-6
0.005636376558259545	3.6965893913267265e-6
0.005649369748123026	3.696778939112952e-6
0.005662392890382533	3.6969693567730753e-6
0.005675446054085471	3.697160648303606e-6
0.005688529308438415	3.6973528177195683e-6
0.005701642722807475	3.6975458690545866e-6
0.0057147863667186705	3.697739806360976e-6
0.0057279603098582925	3.6979346337098296e-6
0.005741164622073276	3.698130355191108e-6
0.005754399373371569	3.6983269749137305e-6
0.005767664633922508	3.6985244970056663e-6
0.005780960474057181	3.698722925614021e-6
0.0057942869642688116	3.6989222649051324e-6
0.005807644175213121	3.6991225190646578e-6
0.005821032177708715	3.6993236922976722e-6
0.005834451042737447	3.6995257888287542e-6
0.0058479008414448076	3.6997288129020836e-6
0.005861381645140287	3.699932768781534e-6
0.005874893525297768	3.7001376607507644e-6
0.005888436553555889	3.7003434931133204e-6
0.005902010801718443	3.700550270192719e-6
0.005915616341754739	3.7007579963325548e-6
0.005929253245799998	3.7009666758965875e-6
0.005942921586155726	3.7011763132688434e-6
0.005956621435290105	3.7013869128537107e-6
0.005970352865838369	3.7015984790760372e-6
0.005984115950603198	3.701811016381229e-6
0.005997910762555094	3.7020245292353462e-6
0.006011737374832781	3.7022390221252044e-6
0.006025595860743578	3.7024544995584775e-6
0.006039486293763798	3.70267094002968e-6
0.006053408747539135	3.7028883992168914e-6
0.006067363295885054	3.7031068566192836e-6
0.006081350012787179	3.70332634561464e-6
0.006095368972401692	3.703546814116982e-6
0.0061094202490557204	3.703768294652345e-6
0.006123503917247735	3.703990791877213e-6
0.006137620051647942	3.704214310469738e-6
0.006151768727098681	3.7044388551298443e-6
0.006165950018614822	3.7046644305793365e-6
0.0061801640013841586	3.704891041562001e-6
0.006194410750767815	3.7051186928437176e-6
0.006208690342300636	3.705347389212558e-6
0.006223002851691595	3.705577135478898e-6
0.006237348354824193	3.7058079364755236e-6
0.006251726927756859	3.7060397970577414e-6
0.006266138646723354	3.7062727221034832e-6
0.0062805835881331795	3.706506716513418e-6
0.006295061828571975	3.7067417852110597e-6
0.006309573444801933	3.706977933142882e-6
0.006324118513762195	3.707215165278423e-6
0.00633869711256927	3.7074534866104004e-6
0.006353309318517437	3.7076929021548253e-6
0.006367955209079158	3.7079334169511106e-6
0.006382634861905486	3.7081750360621858e-6
0.006397348354826481	3.708417764574613e-6
0.006412095765851617	3.708661607598701e-6
0.006426877173170197	3.708906570268616e-6
0.006441692655151773	3.7091526577425024e-6
0.006456542290346555	3.7093998752025964e-6
0.006471426157485831	3.709648227855345e-6
0.006486344335482384	3.709897720931522e-6
0.006501296903430907	3.7101483596863453e-6
0.006516283940608427	3.710400149399597e-6
0.0065313055264747235	3.710653095375744e-6
0.006546361740672749	3.7109072029440555e-6
0.006561452663029054	3.711162477458724e-6
0.006576578373554205	3.7114189242989893e-6
0.0065917389524432135	3.711676548869258e-6
0.00660693448007596	3.7119353565992245e-6
0.00662216503701762	3.7121953529440003e-6
0.006637430704019088	3.7124565433842307e-6
0.006652731562017414	3.712718933426225e-6
0.006668067692136221	3.712982528602076e-6
0.006683439175686146	3.7132473344697952e-6
0.006698846094165264	3.7135133566134275e-6
0.006714288529259524	3.7137806006431884e-6
0.006729766562843178	3.714049072195586e-6
0.00674528027697922	3.714318776933553e-6
0.0067608297539198175	3.7145897205465734e-6
0.006776415076106751	3.714861908750814e-6
0.006792036326171845	3.7151353472892556e-6
0.0068076935869374145	3.715410041931824e-6
0.006823386941416696	3.7156859984755176e-6
0.006839116472814293	3.7159632227445516e-6
0.006854882264526616	3.716241720590478e-6
0.006870684400142322	3.7165214978923283e-6
0.00688652296344276	3.7168025605567472e-6
0.00690239803840242	3.717084914518127e-6
0.006918309709189365	3.7173685657387423e-6
0.0069342580601656914	3.717653520208893e-6
0.006950243175887968	3.717939783947035e-6
0.006966265141107687	3.7182273629999243e-6
0.006982324040771714	3.718516263442755e-6
0.006998419960022735	3.7188064913792978e-6
0.0070145529841997125	3.719098052942041e-6
0.007030723198838335	3.719390954292337e-6
0.007046930689671469	3.7196852016205373e-6
0.00706317554262962	3.7199808011461425e-6
0.0070794578438413795	3.72027775911794e-6
0.007095777679633888	3.7205702334352647e-6
0.007112135136533291	3.7208757755425933e-6
0.007128530301265196	3.7211768466407856e-6
0.007144963260755134	3.7214793014761384e-6
0.007161434102129021	3.721783146446079e-6
0.007177942912713618	3.722088387978208e-6
0.007194489780036994	3.722395032530444e-6
0.007211074791828996	3.722703086591179e-6
0.007227698036021702	3.723012556679426e-6
0.0072443596007499	3.7233234493449726e-6
0.0072610595743515475	3.723635771168534e-6
0.00727779804536824	3.7239495287619063e-6
0.007294575102545687	3.724264728768122e-6
0.007311390834834174	3.7245813778616066e-6
0.007328245331389041	3.724899482748329e-6
0.0073451386815711495	3.7252190501659666e-6
0.007362070974947362	3.7255400868840602e-6
0.00737904230129101	3.725862599704169e-6
0.0073960527505823786	3.7261865954600394e-6
0.007413102413009175	3.7265120810177554e-6
0.007430191378967014	3.7268390632759083e-6
0.0074473197390598905	3.7271675491657538e-6
0.007464487584100665	3.7274975456513812e-6
0.007481695005111544	3.727829059729871e-6
0.007498942093324559	3.728162098431467e-6
0.007516228940182055	3.7284966688197345e-6
0.007533555637337174	3.7288327779917354e-6
0.00755092227665434	3.7291704330781926e-6
0.007568328950209744	3.729509641243659e-6
0.007585775750291838	3.7298504096866867e-6
0.007603262769401819	3.730192745639999e-6
0.007620790100254121	3.730536656370663e-6
0.007638357835776907	3.730882149180261e-6
0.007655966069112563	3.731229231405065e-6
0.0076736148936181895	3.731577910416211e-6
0.007691304402866096	3.7319281936198747e-6
0.007709034690644301	3.7322800884574507e-6
0.007726805850957024	3.732633602405727e-6
0.007744617978025188	3.7329887429770624e-6
0.007762471166286917	3.733345517719574e-6
0.007780365510398041	3.733703934217307e-6
0.007798301105232587	3.7340640000904295e-6
0.007816278045883297	3.734425722995399e-6
0.007834296427662117	3.734789110625164e-6
0.007852356346100719	3.7351541707093374e-6
0.007870457896950987	3.7355209110143833e-6
0.007888601176185544	3.7358893393438074e-6
0.007906786279998251	3.7362594635383476e-6
0.007925013304804718	3.736631291476154e-6
0.007943282347242816	3.7370048310729895e-6
0.007961593504173189	3.7373800902824135e-6
0.007979946872679767	3.737757077095978e-6
0.007998342550070285	3.7381357995434197e-6
0.00801678063387679	3.738516265692859e-6
0.008035261221856172	3.738898483650988e-6
0.008053784411990667	3.739282461563275e-6
0.008072350302488382	3.7396682076141556e-6
0.008090958991783824	3.7400557300272403e-6
0.008109610578538408	3.740445037065506e-6
0.008128305161640993	3.7408361370315036e-6
0.008147042840208396	3.7412290382675578e-6
0.008165823713585926	3.741623749155974e-6
0.008184647881347899	3.7420202781192385e-6
0.008203515443298183	3.7424186336202302e-6
0.008222426499470711	3.7428188241624225e-6
0.008241381150130022	3.743220858290096e-6
0.008260379495771786	3.7436247445885486e-6
0.008279421637123342	3.7440304916843025e-6
0.008298507675144225	3.7444381082453218e-6
0.008317637711026709	3.7448476029812206e-6
0.008336811846196343	3.745258984643481e-6
0.008356030182312481	3.7456722620256722e-6
0.008375292821268827	3.7460874439636604e-6
0.008394599865193975	3.7465045393358317e-6
0.008413951416451952	3.746923557063313e-6
0.008433347577642754	3.747344506110192e-6
0.0084527884516029	3.7477673954837387e-6
0.008472274141405965	3.7481922342346298e-6
0.008491804750363138	3.748619031457174e-6
0.008511380382023764	3.749047796289539e-6
0.008531001140175895	3.749478537913977e-6
0.008550667128846832	3.7499112655570592e-6
0.008570378452303696	3.7503459884898987e-6
0.008590135215053958	3.750782716028388e-6
0.008609937521846007	3.751221457533431e-6
0.008629785477669703	3.751662222411177e-6
0.008649679187756932	3.7521050201132547e-6
0.008669618757582166	3.752549860137015e-6
0.008689604292863019	3.7529967520257638e-6
0.008709635899560806	3.753445705369008e-6
0.008729713683881117	3.753896729802691e-6
0.00874983775227436	3.7543498350094413e-6
0.008770008211436349	3.754805030718815e-6
0.008790225168308843	3.7552623267075412e-6
0.00881048873008014	3.755721732799771e-6
0.008830799004185628	3.7561832588673234e-6
0.008851156098308355	3.75664691482994e-6
0.00887156012037961	3.7571127106555363e-6
0.008892011178579485	3.757580656360452e-6
0.008912509381337455	3.75805076200971e-6
0.008933054837332952	3.7585230377172706e-6
0.008953647655495937	3.7589974936462883e-6
0.008974287945007485	3.7594741400093796e-6
0.008994975815300352	3.759952987068873e-6
0.009015711376059568	3.76043404513708e-6
0.009036494737223014	3.7609173245765554e-6
0.009057326008982	3.7614028358003673e-6
0.009078205301781857	3.76189058927236e-6
0.009099132726322515	3.762380595507429e-6
0.009120108393559099	3.762872865071787e-6
0.009141132414702503	3.7633674085832404e-6
0.009162204901219998	3.76386423671146e-6
0.00918332596483581	3.7643633601782606e-6
0.009204495717531713	3.764864789757877e-6
0.009225714271547631	3.765368536277244e-6
0.009246981739382225	3.765874610616276e-6
0.009268298233793493	3.7663830237081534e-6
0.009289663867799364	3.7668937865396023e-6
0.009311078754678305	3.7674069101511856e-6
0.00933254300796991	3.76792240563759e-6
0.00935405674147552	3.7684402841479125e-6
0.009375620069258803	3.7689605568859587e-6
0.009397233105646378	3.769483235110529e-6
0.009418895965228413	3.7700083301357195e-6
0.009440608762859234	3.7705358533312175e-6
0.00946237161365793	3.7710658161226003e-6
0.009484184633008971	3.7715982299916353e-6
0.009506047936562815	3.7721331064765855e-6
0.009527961640236518	3.7726704571725116e-6
0.00954992586021436	3.7732102937315795e-6
0.009571940712948444	3.7737526278633696e-6
0.009594006315159331	3.774297471335188e-6
0.009616122783836648	3.7748448359723747e-6
0.009638290236239706	3.7753947336586233e-6
0.009660508789898133	3.7759471763362934e-6
0.009682778562612493	3.7765021760067327e-6
0.009705099672454897	3.7770597447305938e-6
0.00972747223776965	3.7776198946281596e-6
0.00974989637717387	3.778182637879663e-6
0.009772372209558107	3.778747986725621e-6
0.00979489985408699	3.779315953467158e-6
0.009817479430199843	3.7798865504663346e-6
0.009840111057611338	3.7804597901464856e-6
0.009862794856312106	3.7810356849925525e-6
0.009885530946569389	3.7816142475514215e-6
0.009908319448927677	3.7821954904322586e-6
0.009931160484209339	3.7827794263068586e-6
0.00995405417351527	3.7833660679099797e-6
0.009977000638225533	3.783955428039695e-6
0.01	3.7845475195577424e-6
0.010023052380778996	3.785142355389866e-6
0.010046157902783952	3.785739948526177e-6
0.010069316688518043	3.7863403120215068e-6
0.010092528860766845	3.7869434589957596e-6
0.010115794542598986	3.7875494026342744e-6
0.010139113857366794	3.7881581561881906e-6
0.010162486928706957	3.788769732974804e-6
0.01018591388054117	3.789384146377939e-6
0.0102093948370768	3.7900014098483167e-6
0.010232929922807542	3.790621536903922e-6
0.010256519262514077	3.791244541130382e-6
0.010280162981264737	3.7918704361813387e-6
0.010303861204416162	3.7924992357788294e-6
0.010327614057613975	3.7931309537136656e-6
0.01035142166679344	3.7937656038458177e-6
0.010375284158180127	3.794403200104798e-6
0.010399201658290592	3.795043756490056e-6
0.010423174293933043	3.7956872870713613e-6
0.010447202192208002	3.7963338059892008e-6
0.010471285480508997	3.7969833274551743e-6
0.010495424286523225	3.7976358657523942e-6
0.01051961873823223	3.7982914352358848e-6
0.01054386896391259	3.7989500503329867e-6
0.010568175092136586	3.799611725543765e-6
0.01059253725177289	3.800276475441418e-6
0.010616955571987247	3.800944314672686e-6
0.010641430182243162	3.8016152579582707e-6
0.01066596121230258	3.802289320093249e-6
0.01069054879222658	3.8029665159474953e-6
0.010715193052376067	3.8036468604661074e-6
0.010739894123412448	3.8043303686698224e-6
0.01076465213629835	3.805017055655458e-6
0.010789467222298288	3.805706936596334e-6
0.01081433951297938	3.806400026742713e-6
0.010839269140212037	3.807096341422235e-6
0.010864256236170655	3.8077958960403587e-6
0.010889300933334336	3.8084987060808025e-6
0.010914403364487566	3.809204787105995e-6
0.01093956366272094	3.8099141547575207e-6
0.01096478196143185	3.8106268247565706e-6
0.010990058394325212	3.811342812904406e-6
0.011015393095414152	3.8120621350828062e-6
0.011040786199020734	3.812784807254536e-6
0.011066237839776664	3.813510845463811e-6
0.011091748152624013	3.8142402658367624e-6
0.011117317272815916	3.814973084581908e-6
0.011142945335917302	3.81570931799063e-6
0.011168632477805612	3.816448982437646e-6
0.011194378834671517	3.8171920943814985e-6
0.011220184543019637	3.817938670365031e-6
0.011246049739669266	3.818688727015876e-6
0.011271974561755105	3.819442280828995e-6
0.01129795914672798	3.820199348884083e-6
0.011324003632355572	3.820959948006386e-6
0.011350108156723153	3.821724095167677e-6
0.01137627285823431	3.822491808244496e-6
0.011402497875611688	3.82326310289009e-6
0.011428783347897719	3.824037997012225e-6
0.011455129414455359	3.82481650793481e-6
0.01148153621496883	3.825598653071082e-6
0.011508003889444361	3.8263844499241326e-6
0.011534532578210924	3.8271739160874276e-6
0.011561122421920988	3.82796706924534e-6
0.01158777356155126	3.82876392717368e-6
0.011614486138403428	3.829564507740235e-6
0.011641260294104913	3.830368828905304e-6
0.011668096170609625	3.831176908722251e-6
0.011694993910198709	3.83198876533804e-6
0.011721953655481303	3.832804416993801e-6
0.011748975549395295	3.833623882025374e-6
0.011776059735208073	3.834447178863873e-6
0.011803206356517297	3.8352743260362485e-6
0.011830415557251646	3.836105342165857e-6
0.0118576874816716	3.836940245973031e-6
0.011885022274370183	3.837779056275649e-6
0.011912420080273748	3.8386217919897274e-6
0.011939881044642732	3.839468472129989e-6
0.011967405313072435	3.840319115810463e-6
0.01199499303149379	3.841173742245068e-6
0.01202264434617413	3.842032370748215e-6
0.012050359403717974	3.842895020735401e-6
0.012078138351067802	3.843761711723819e-6
0.012105981335504824	3.8446324633329645e-6
0.012133888504649772	3.845507295285247e-6
0.01216186000646368	3.846386227406612e-6
0.012189895989248665	3.8472692796271555e-6
0.012217996601648719	3.848156471981759e-6
0.012246161992650488	3.849047824610716e-6
0.012274392311584073	3.849943357760366e-6
0.012302687708123816	3.850843091783738e-6
0.01233104833228909	3.851747047141194e-6
0.012359474334445106	3.852655244401074e-6
0.01238796586530369	3.853567704240359e-6
0.012416523075924111	3.85448444744532e-6
0.01244514611771385	3.855405494912185e-6
0.01247383514242943	3.856330867647816e-6
0.0125025903021772	3.857260586770364e-6
0.01253141174941416	3.8581946735099615e-6
0.01256029963694875	3.859133149209403e-6
0.012589254117941673	3.860076035324826e-6
0.012618275345906708	3.861023353426416e-6
0.012647363474711513	3.861975125199092e-6
0.012676518658578457	3.862931372443214e-6
0.012705741052085415	3.863892117075298e-6
0.012735030810166617	3.864857381128718e-6
0.012764388088113438	3.865827186754436e-6
0.012793813041575248	3.866801556221714e-6
0.012823305826560214	3.867780511918855e-6
0.012852866599436156	3.868764076353932e-6
0.012882495516931339	3.869752272155525e-6
0.012912192736135343	3.870745122073475e-6
0.012941958414499861	3.871742648979628e-6
0.012971792709839558	3.872744875868592e-6
0.013001695780332903	3.873751825858508e-6
0.013031667784522994	3.874763522191805e-6
0.013061708881318416	3.875779988235983e-6
0.01309181922999407	3.87680124748439e-6
0.013121998990192034	3.877827323557004e-6
0.013152248321922383	3.878858240201234e-6
0.013182567385564071	3.879894021292704e-6
0.01321295634186575	3.8809346908360645e-6
0.013243415351946647	3.8819802729658e-6
0.013273944577297395	3.883030791947044e-6
0.013304544179780912	3.8840862721764e-6
0.01333521432163324	3.885146738182767e-6
0.013365955165464422	3.886212214628179e-6
0.01339676687425935	3.88728272630864e-6
0.01342764961137864	3.888358298154971e-6
0.013458603540559484	3.889438955233667e-6
0.013489628825916537	3.890524722747749e-6
0.013520725631942773	3.891615626037637e-6
0.013551894123510362	3.892711690582019e-6
0.013583134465871541	3.893812941998731e-6
0.013614446824659503	3.894919406045642e-6
0.013645831365889247	3.8960311086215445e-6
0.013677288255958493	3.897148075767063e-6
0.013708817661648538	3.898270333665549e-6
0.013740419750125153	3.899397908643998e-6
0.013772094688939467	3.900530827173974e-6
0.01380384264602885	3.901669115872533e-6
0.01383566378971781	3.902812801503158e-6
0.013867558288718884	3.9039619109767005e-6
0.013899526312133535	3.9051164713523295e-6
0.013931568029453032	3.906276509838489e-6
0.013963683610559378	3.907442053793864e-6
0.013995873225726183	3.90861313072834e-6
0.014028137045619582	3.909789768304002e-6
0.01406047524129914	3.9109719943360995e-6
0.014092887984218747	3.912159836794057e-6
0.014125375446227545	3.9133533238024645e-6
0.014157937799570816	3.914552483642096e-6
0.014190575216890922	3.915757344750921e-6
0.0142232878712282	3.91696793572513e-6
0.014256075936021885	3.918184285320172e-6
0.01428893958511103	3.9194064224517946e-6
0.014321878992735435	3.920634376197091e-6
0.014354894333536561	3.921868175795565e-6
0.014387985782558455	3.923107850650186e-6
0.01442115351524869	3.924353430328476e-6
0.014454397707459278	3.925604944563587e-6
0.014487718535447617	3.926862423255392e-6
0.014521116175877424	3.928125896471587e-6
0.014554590805819662	3.929395394448804e-6
0.014588142602753484	3.930670947593722e-6
0.014621771744567184	3.931952586484199e-6
0.014655478409559117	3.933240341870408e-6
0.01468926277643867	3.93453424467598e-6
0.014723125024327191	3.9358343259991605e-6
0.014757065332758945	3.937140617113969e-6
0.014791083881682078	3.938453149471379e-6
0.014825180851459539	3.939771954700489e-6
0.014859356422870071	3.941097064609731e-6
0.014893610777109155	3.9424285111880535e-6
0.014927944095789965	3.943766326606144e-6
0.014962356560944336	3.945110543217648e-6
0.014996848355023738	3.9464611935603966e-6
0.015031419660900226	3.947818310357651e-6
0.015066070661867421	3.949181926519349e-6
0.015100801541641486	3.9505520751433695e-6
0.015135612484362083	3.951928789516803e-6
0.015170503674593369	3.95331210311723e-6
0.01520547529732496	3.9547020496140164e-6
0.015240527537972915	3.956098662869615e-6
0.01527566058238073	3.957501976940878e-6
0.015310874616820304	3.958912026080379e-6
0.015346169827992945	3.960328844737751e-6
0.01538154640303035	3.9617524675610335e-6
0.015417004529495593	3.9631829293980215e-6
0.015452544395384139	3.96462026529764e-6
0.01548816618912481	3.9660645105113235e-6
0.01552387009958082	3.967515700494402e-6
0.015559656316050744	3.9689738709075025e-6
0.015595525028269537	3.9704390576179705e-6
0.015631476426409538	3.971911296701288e-6
0.01566751070108149	3.97339062444251e-6
0.015703628043335523	3.974877077337723e-6
0.015739828644662193	3.976370692095491e-6
0.015776112696993486	3.977871505638341e-6
0.01581248039270383	3.979379555104249e-6
0.015848931924611134	3.980894877848125e-6
0.015885467485977786	3.9824175114433395e-6
0.0159220872705117	3.983947493683233e-6
0.015958791472367326	3.985484862582669e-6
0.01599558028614669	3.987029656379557e-6
0.016032453906900414	3.988581913536444e-6
0.016069412530128772	3.990141672742067e-6
0.016106456351782702	3.991708972912951e-6
0.016143585568264864	3.993283853195013e-6
0.016180800376430656	3.994866352965169e-6
0.0162181009735893	3.99645651183297e-6
0.01625548755750484	3.998054369642241e-6
0.016292960326397224	3.9996599664727425e-6
0.01633051947894334	4.001273342641836e-6
0.016368165214278085	4.002894538706173e-6
0.016405897731995394	4.00452359546339e-6
0.016443717232149317	4.006160553953828e-6
0.01648162391525508	4.00780545546226e-6
0.01651961798229015	4.00945834151963e-6
0.01655769963469528	4.011119253904816e-6
0.016595869074375606	4.012788234646403e-6
0.016634126503701694	4.014465326024472e-6
0.016672472125510627	4.0161505705724e-6
0.016710906143107076	4.017844011078688e-6
0.016749428760264373	4.019545690588789e-6
0.016788040181225605	4.021255652406963e-6
0.016826740610704674	4.022973940098143e-6
0.01686553025388741	4.024700597489823e-6
0.016904409316432643	4.0264356686739506e-6
0.016943378004473285	4.02817919800885e-6
0.016982436524617443	4.029931230121153e-6
0.017021585083949506	4.031691809907749e-6
0.017060823890031235	4.033460982537754e-6
0.017100153150902877	4.0352387934544894e-6
0.017139573075084253	4.037025288377494e-6
0.017179083871575882	4.038820513304532e-6
0.01721868574986007	4.040624514513641e-6
0.017258378919902034	4.042437338565177e-6
0.017298163592151014	4.044259032303897e-6
0.017338039977541377	4.046089642861042e-6
0.017378008287493755	4.047929217656454e-6
0.01741806873391614	4.049777804400703e-6
0.017458221529205037	4.0516354510972295e-6
0.01749846688624657	4.053502206044517e-6
0.017538805018417612	4.055378117838277e-6
0.017579236139586927	4.057263235373652e-6
0.017619760464116292	4.059157607847442e-6
0.017660378206861643	4.061061284760353e-6
0.017701089583174213	4.0629743159192535e-6
0.01774189480890166	4.0648967514394665e-6
0.01778279410038923	4.066828641747074e-6
0.017823787674480895	4.068770037581245e-6
0.01786487574852051	4.070720989996577e-6
0.017906058540352942	4.0726815503654695e-6
0.017947336268325266	4.074651770380514e-6
0.01798870915128788	4.076631702056905e-6
0.01803017740859569	4.078621397734872e-6
0.01807174126010927	4.080620910082134e-6
0.018113400926196024	4.08263029209638e-6
0.018155156627731355	4.084649597107769e-6
0.018197008586099836	4.086678878781452e-6
0.01823895702319638	4.0887181911201135e-6
0.018281002161427428	4.0907675884665504e-6
0.018323144223712114	4.092827125506254e-6
0.018365383433483467	4.094896857270034e-6
0.018407720014689558	4.096976839136658e-6
0.01845015419179474	4.099067126835509e-6
0.018492686189780783	4.101167776449284e-6
0.018535316234148114	4.103278844416701e-6
0.018578044550916988	4.1054003875352405e-6
0.018620871366628676	4.107532462963909e-6
0.0186637969083467	4.10967512822603e-6
0.018706821403658005	4.111828441212056e-6
0.01874994508067419	4.113992460182416e-6
0.018793168168032684	4.116167243770374e-6
0.018836490894898007	4.118352220219538e-6
0.018879913490962935	4.120548712991026e-6
0.018923436186449757	4.122756148533232e-6
0.018967059212111465	4.12497458700006e-6
0.019010782799233003	4.127204088933004e-6
0.019054607179632477	4.129444715264173e-6
0.01909853258566238	4.131696527319353e-6
0.01914255925021086	4.133959586821104e-6
0.019186687406702898	4.136233955891869e-6
0.019230917289101587	4.138519697057126e-6
0.019275249131909363	4.140816873248568e-6
0.019319683170169244	4.143125547807303e-6
0.019364219639466076	4.145445784487105e-6
0.019408858775927785	4.1477776474576725e-6
0.01945360081622663	4.150121201307927e-6
0.019498445997580455	4.152476511049352e-6
0.01954339455775395	4.154843642119351e-6
0.0195884467350599	4.157222660384645e-6
0.019633602768360472	4.1596136321446955e-6
0.019678862897068453	4.162016624135169e-6
0.01972422736114854	4.164431703531429e-6
0.01976969640111861	4.16685893795206e-6
0.019815270258050986	4.169298395462435e-6
0.019860949173573717	4.1717501445783024e-6
0.01990673338987187	4.174214254269421e-6
0.0199526231496888	4.176690793963219e-6
0.019998618696327446	4.1791798335485035e-6
0.020044720273651617	4.181681443379187e-6
0.020090928126087284	4.18419569427806e-6
0.020137242498623885	4.186722657540609e-6
0.020183663636815615	4.189262404938848e-6
0.02023019178678272	4.1918150087252165e-6
0.020276827195212826	4.1943805416364864e-6
0.02032357010936222	4.19695907689773e-6
0.020370420777057186	4.19955068822632e-6
0.020417379446695298	4.202155449835952e-6
0.020464446367246744	4.204773436440741e-6
0.02051162178825566	4.207404723259322e-6
0.020558905959841417	4.210049386019019e-6
0.020606299132700002	4.212707500960034e-6
0.020653801558105294	4.215379144839691e-6
0.020701413487910422	4.2180643949367165e-6
0.0207491351745491	4.220763329055568e-6
0.020796966871036954	4.22347602553079e-6
0.020844908830972887	4.226202563231436e-6
0.020892961308540393	4.228943021565513e-6
0.020941124558508925	4.2316974804844874e-6
0.02098939883623524	4.234466020487826e-6
0.021037784397664752	4.237248722627576e-6
0.021086281499332893	4.240045668513016e-6
0.021134890398366468	4.242856940315322e-6
0.02118361135248502	4.2456826207723025e-6
0.02123244462000219	4.2485227931931735e-6
0.021281390459827118	4.251377541463379e-6
0.021330449131465763	4.2542469500494685e-6
0.021379620895022322	4.25713110400401e-6
0.021428906011200587	4.260030088970571e-6
0.02147830474130534	4.262943991188731e-6
0.021527817347243728	4.26587289749916e-6
0.021577444091526662	4.268816895348739e-6
0.021627185237270204	4.271776072795741e-6
0.021677041048196947	4.274750518515049e-6
0.021727011788637444	4.277740321803451e-6
0.021777097723531588	4.280745572584967e-6
0.021827299118430014	4.283766361416245e-6
0.021877616239495523	4.286802779492006e-6
0.021928049353504488	4.289854918650542e-6
0.02197859872784825	4.292922871379281e-6
0.022029264630534562	4.296007215165198e-6
0.022080047330189	4.2991070733306586e-6
0.022130947096056376	4.302223026489312e-6
0.02218196419800219	4.305355169781818e-6
0.02223309890651403	4.308503599026631e-6
0.02228435149270304	4.311668410725922e-6
0.022335722228305318	4.314849702071545e-6
0.022387211385683396	4.318047570951077e-6
0.022438819237827663	4.321262115953914e-6
0.022490546058357812	4.3244934363774355e-6
0.022542392121524295	4.327741632233237e-6
0.022594357702209775	4.331006804253415e-6
0.022646443075930597	4.334289053896929e-6
0.02269864851883822	4.33758848335603e-6
0.022750974307720707	4.34090519556275e-6
0.022803420720004183	4.344239294195463e-6
0.0228559880337543	4.3475908836855255e-6
0.02290867652767773	4.350960069223963e-6
0.02296148648112362	4.354346956768257e-6
0.023014418174085085	4.357751653049178e-6
0.023067471887200694	4.36117426557771e-6
0.02312064790175595	4.36461490265204e-6
0.023173946499684787	4.368073673364618e-6
0.02322736796357107	4.371550687609308e-6
0.02328091257665008	4.3750460560885935e-6
0.02333458062281003	4.3785598903208805e-6
0.02338837238659355	4.382092302647869e-6
0.023442288153199223	4.385643406242004e-6
0.023496328208483075	4.389213315114008e-6
0.0235504928389601	4.392802144120492e-6
0.02360478233180577	4.3964100089716584e-6
0.023659196974857584	4.400037026239075e-6
0.023713737056616554	4.403683313363543e-6
0.023768402866248768	4.4073489886630375e-6
0.023823194693586902	4.411034171340756e-6
0.023878112829131777	4.414738981493226e-6
0.023933157564053877	4.418463540118535e-6
0.023988329190194904	4.422207969124614e-6
0.024043628000069334	4.425972391337641e-6
0.02409905428686595	4.429756930510523e-6
0.024154608344449408	4.43356171133147e-6
0.024210290467361784	4.4373868594326745e-6
0.024266100950824154	4.44123250139907e-6
0.024322040090738156	4.445098764777204e-6
0.024378108183687526	4.448985778084188e-6
0.02443430552693972	4.452893670816776e-6
0.024490632418447456	4.4568225734605105e-6
0.024547089156850305	4.460772617498999e-6
0.024603676041476275	4.46474393542327e-6
0.024660393372343395	4.468736660741253e-6
0.024717241450161305	4.472750927987351e-6
0.024774220576332856	4.476786872732126e-6
0.024831331052955707	4.4808446315920914e-6
0.02488857318282391	4.484924342239618e-6
0.024945947269429548	4.48902614341294e-6
0.02500345361696432	4.4931501749262885e-6
0.02506109253032114	4.497296577680134e-6
0.0251188643150958	4.501465493671536e-6
0.025176769277588558	4.505657066004624e-6
0.025234807724805748	4.509871438901181e-6
0.02529297996446145	4.514108757711368e-6
0.025351286304979077	4.518369168924551e-6
0.025409727055493055	4.522652820180258e-6
0.025468302525850414	4.526959860279273e-6
0.025527013026612474	4.531290439194833e-6
0.02558585886905646	4.535644708083968e-6
0.025644840365177175	4.540022819298981e-6
0.02570395782768864	4.5444249263990364e-6
0.025763211570025757	4.548851184161897e-6
0.025822601906345968	4.553301748595797e-6
0.02588212915153092	4.557776776951441e-6
0.025941793621188144	4.562276427734155e-6
0.02600159563165272	4.566800860716172e-6
0.02606153549998896	4.5713502369490524e-6
0.02612161354399207	4.57592471877627e-6
0.026181830082189855	4.580524469845921e-6
0.02624218543384442	4.585149655123598e-6
0.02630267991895382	4.5898004409054e-6
0.0263633138582538	4.5944769948311155e-6
0.02642408757321947	4.599179485897539e-6
0.02648500138606701	4.603908084471954e-6
0.0265460556197554	4.608662962305776e-6
0.0266072505979881	4.613444292548351e-6
0.0266685866452148	4.6182522497609255e-6
0.026730064086633115	4.6230870099307685e-6
0.026791683248190326	4.627948750485475e-6
0.026853444456585076	4.632837650307426e-6
0.026915348039269163	4.637753889748441e-6
0.026977394324449205	4.642697650644574e-6
0.027039583641088438	4.6476691163311185e-6
0.02710191631890843	4.652668471657769e-6
0.027164392688390833	4.657695903003976e-6
0.027227013080779128	4.66275159829448e-6
0.027289777828080414	4.667835747015035e-6
0.027352687263067128	4.672948540228319e-6
0.027415741719278824	4.678090170590042e-6
0.027478941531023968	4.683260832365236e-6
0.027542287033381664	4.688460721444763e-6
0.027605778562203455	4.693690035361999e-6
0.027669416454115116	4.6989489733097385e-6
0.027733201046518403	4.704237736157302e-6
0.027797132677592887	4.709556526467842e-6
0.0278612116862977	4.714905548515877e-6
0.02792543841237338	4.720285008305018e-6
0.027989813196343624	4.725695113585941e-6
0.028054336379517132	4.731136073874548e-6
0.028119008303989404	4.736608100470385e-6
0.02818382931264454	4.742111406475255e-6
0.028248799749157068	4.747646206812082e-6
0.02831391995799379	4.753212718244009e-6
0.02837919028441556	4.758811159393715e-6
0.028444611074479154	4.764441750762988e-6
0.028510182675039093	4.77010471475254e-6
0.028575905433749466	4.77580027568206e-6
0.028641779699065808	4.781528659810527e-6
0.028707805820246908	4.7872900953567695e-6
0.028773984147356692	4.793084812520292e-6
0.028840315031266057	4.79891304350235e-6
0.028906798823654756	4.804775022527305e-6
0.028973435877013228	4.8106709858642375e-6
0.029040226544644505	4.816601171848838e-6
0.029107171180666053	4.822565820905569e-6
0.029174270140011668	4.828564326341569e-6
0.029241523778433354	4.834598633354759e-6
0.029308932452503208	4.840668137458149e-6
0.02937649651961531	4.846773087658687e-6
0.029444216337987612	4.852913735167221e-6
0.029512092266663854	4.8590903334224265e-6
0.029580124665515458	4.865303138115017e-6
0.029648313895243424	4.871552407212281e-6
0.029716660317380263	4.877838400982931e-6
0.029785164294291896	4.884161382022275e-6
0.029853826189179596	4.890521615277702e-6
0.02992264636608189	4.896919368074511e-6
0.02999162518987651	4.9033549101420725e-6
0.030060763026282307	4.90982851364032e-6
0.030130060241861212	4.916340453186595e-6
0.03019951720402016	4.9228910058828466e-6
0.030269134281013056	4.929480451343168e-6
0.030338911841942706	4.936109071721716e-6
0.030408850256762793	4.942777151740979e-6
0.03047894989627983	4.949484978720429e-6
0.03054921113215513	4.956232842605541e-6
0.030619634336906773	4.9630210359972e-6
0.030690219883911574	4.969849854181497e-6
0.030760968147407083	4.976719595159918e-6
0.030831879502493543	4.983630559679939e-6
0.030902954325135908	4.9905830512660104e-6
0.030974192992165802	4.9975773762509796e-6
0.031045595881283555	5.004613843807917e-6
0.031117163371060175	5.01169276598236e-6
0.031188895840939368	5.018814457725016e-6
0.03126079367123955	5.025979236924875e-6
0.031332857243155855	5.033187424442785e-6
0.03140508693876217	5.040439344145482e-6
0.03147748314101316	5.047735322940054e-6
0.031550046233746264	5.055075690808914e-6
0.0316227766016838	5.062460780845207e-6
0.03169567463043491	5.069890929288717e-6
0.031768740706497704	5.0773664755622684e-6
0.03184197521726125	5.084887762308605e-6
0.031915378551007616	5.092455135427792e-6
0.031988951096913985	5.100068944115114e-6
0.03206269324505466	5.107729540899509e-6
0.03213660538640317	5.115437281682515e-6
0.032210687912834345	5.123192525777765e-6
0.032284941217126356	5.130995635951028e-6
0.03235936569296283	5.138846978460785e-6
0.03243396173493492	5.146746923099394e-6
0.03250872973854344	5.154695843234809e-6
0.03258367010020088	5.162694115852883e-6
0.03265878321723358	5.170742121600267e-6
0.03273406948788382	5.1788402448279e-6
0.032809529311311904	5.186988873635114e-6
0.032885163087598306	5.195189159296579e-6
0.03296097121774578	5.203439977398891e-6
0.03303695410368148	5.211742488332399e-6
0.03311311214825911	5.220097095643556e-6
0.03318944575526104	5.228504206857203e-6
0.03326595532940046	5.236964233524547e-6
0.0333426412763235	5.2454775912718e-6
0.03341950400261143	5.254044699849535e-6
0.033496543915782766	5.2626659831827215e-6
0.03357376142429547	5.2713418694214954e-6
0.033651156937549075	5.280072790992643e-6
0.033728730865886895	5.2888591846518415e-6
0.03380648362059816	5.297701491536621e-6
0.033884415613920256	5.3066001572201225e-6
0.033962527259040844	5.3155556317656094e-6
0.034040818970100084	5.324568369781787e-6
0.03411929116219285	5.333638830478902e-6
0.03419794425137088	5.342767477725679e-6
0.03427677865464503	5.351954780107072e-6
0.03435579478998746	5.361201210982871e-6
0.034434993076333846	5.37050724854715e-6
0.034514373933585626	5.379873375888604e-6
0.034593937782612195	5.389300081051765e-6
0.034673685045253165	5.398787857099107e-6
0.034753616144320584	5.408337202174105e-6
0.03483373150360118	5.417948619565168e-6
0.03491403154785861	5.42762261777058e-6
0.03499451670283573	5.437359710564371e-6
0.0350751873952568	5.447160144114004e-6
0.035156044052829814	5.457024989285921e-6
0.035237087104248714	5.466954502691151e-6
0.0353183169791957	5.4769492198853366e-6
0.03539973410834347	5.487009682044308e-6
0.03548133892335755	5.497136436036099e-6
0.035563131856898536	5.507330034494048e-6
0.03564511334262443	5.517591035891019e-6
0.03572728381519289	5.527920004614722e-6
0.0358096437102636	5.538317511044212e-6
0.035892193464500524	5.548784131627511e-6
0.03597493351557423	5.559320448960449e-6
0.03605786430216424	5.569927051866689e-6
0.03614098626396133	5.580604535478981e-6
0.03622429984166986	5.591353501321673e-6
0.03630780547701014	5.602174557394485e-6
0.03639150361272071	5.6130683182575625e-6
0.03647539469256078	5.624035405117877e-6
0.03655947916131249	5.635076445916921e-6
0.03664375746478333	5.6461920754198086e-6
0.03672823004980847	5.657382935305733e-6
0.036812897364253146	5.6686496742598365e-6
0.03689775985701504	5.679992948066536e-6
0.036982817978026626	5.691413419704292e-6
0.037068072178257604	5.702911759441871e-6
0.03715352290971726	5.714488644936125e-6
0.037239170625456855	5.72614476133131e-6
0.037325015779572056	5.737880801359987e-6
0.037411058827205336	5.74969746544549e-6
0.037497300224548356	5.761595461806066e-6
0.03758374042884442	5.773575506560641e-6
0.03767037989839089	5.7856383238362734e-6
0.03775721909254161	5.797784645877357e-6
0.03784425847170933	5.810015213156532e-6
0.037931498497368196	5.822330774487414e-6
0.038018939632056124	5.834732087139114e-6
0.038106582339377304	5.847219916952626e-6
0.03819442708400466	5.85979503845908e-6
0.038282474331682276	5.872458234999935e-6
0.03837072454922788	5.885210298849102e-6
0.038459178204535364	5.898052031337074e-6
0.038547835766577186	5.910984242977077e-6
0.038636697705406925	5.9240077535932915e-6
0.038725764492161724	5.937123392451174e-6
0.03881503659906483	5.950331998389915e-6
0.03890451449942806	5.9636344199571154e-6
0.03899419866765435	5.977031515545631e-6
0.03908408957924021	5.990524153532746e-6
0.03917418771077832	6.0041132124216165e-6
0.039264493539959984	6.017799580985084e-6
0.03935500754557775	6.0315841584119e-6
0.03944573020752784	6.04546785445537e-6
0.039536662006812794	6.059451589584517e-6
0.03962780342554395	6.0735362951377746e-6
0.03971915494694403	6.087722913479274e-6
0.03981071705534972	6.102012398157762e-6
0.03990249023621421	6.116405714068232e-6
0.03999447497610975	6.130903837616273e-6
0.040086671762730286	6.145507756885238e-6
0.04017908108489399	6.160218471806258e-6
0.04027170343254591	6.175036994331148e-6
0.040364539296760496	6.189964348608315e-6
0.04045758916974427	6.205001571161645e-6
0.04055085354483839	6.22014971107251e-6
0.04064433291652128	6.2354098301648994e-6
0.04073802778041127	6.250783003193762e-6
0.04083193863326921	6.266270318036624e-6
0.04092606597300109	6.2818728758885375e-6
0.04102041029866069	6.297591791460427e-6
0.04111497211045223	6.3134281931809166e-6
0.04120975190973303	6.329383223401692e-6
0.04130475019901614	6.345458038606467e-6
0.04139996748197305	6.3616538096236475e-6
0.04149540426343629	6.377971721842743e-6
0.04159106104940221	6.3944129754346205e-6
0.04168693834703355	6.410978785575664e-6
0.04178303666466218	6.42767038267593e-6
0.04187935651179184	6.444489012611389e-6
0.04197589839910076	6.46143593696029e-6
0.04207266283844441	6.478512433243822e-6
0.042169650342858224	6.495719795171044e-6
0.042266861426560304	6.513059332888294e-6
0.04236429660495411	6.530532373233064e-6
0.042461956394631295	6.5481402599925e-6
0.042559841313374314	6.565884354166612e-6
0.04265795188015927	6.5837660342362635e-6
0.04275628861515862	6.601786696436066e-6
0.04285485203974396	6.619947755032285e-6
0.04295364267648873	6.638250642605845e-6
0.04305266104917107	6.6566968103405464e-6
0.043151907682776526	6.675287728316627e-6
0.04325138310350088	6.694024885809732e-6
0.04335108783875289	6.712909791595462e-6
0.043451022417157155	6.731942471042107e-6
0.043551187368556864	6.7511274777629404e-6
0.043651583224016605	6.7704648791942145e-6
0.04375221051582521	6.789956265271669e-6
0.043853069777498574	6.809603247041246e-6
0.043954161543782455	6.829407456999533e-6
0.044055486350655336	6.849370549440667e-6
0.044157044735331254	6.869494200809809e-6
0.04425883723626266	6.889780110063356e-6
0.04436086439314326	6.910229999036023e-6
0.04446312674691087	6.9308456128149555e-6
0.04456562483975033	6.951628720121018e-6
0.04466835921509632	6.972581113697424e-6
0.04477133041763626	6.993704610705863e-6
0.04487453899331322	7.0150010531303e-6
0.0449779854893288	7.036472308188598e-6
0.04508167045414602	7.058120268752168e-6
0.04518559443749224	7.079946853773801e-6
0.045289757990362084	7.101954008723869e-6
0.04539416166502032	7.124143706035085e-6
0.04549880601500486	7.146517945556044e-6
0.045603691595129614	7.169078755013674e-6
0.045708818961487506	7.191828190484865e-6
0.04581418867145334	7.2147683368774646e-6
0.04591980128368686	7.237901308420834e-6
0.0460256573581356	7.261229249166212e-6
0.04613175745603794	7.284754333497074e-6
0.04623810213992603	7.3084787666497715e-6
0.0463446919736288	7.332404785244628e-6
0.04645152752227494	7.356536223165039e-6
0.046558609352295895	7.380872253619465e-6
0.046665938031428864	7.405416773207275e-6
0.04677351412871982	7.430172149614635e-6
0.04688133821452652	7.455140784733183e-6
0.046989410860521545	7.480325115259375e-6
0.04709773263969529	7.505727613306104e-6
0.04720630412635905	7.531350787026979e-6
0.04731512589614805	7.557197181253454e-6
0.04742419852602447	7.583269378145234e-6
0.047533522594280536	7.609569997854137e-6
0.04764309868054157	7.636101699201878e-6
0.04775292736576909	7.662867180371972e-6
0.04786300923226383	7.689869179616207e-6
0.047973344863668915	7.717110475975955e-6
0.04808393484497286	7.744593890018727e-6
0.04819477976251274	7.77232228459033e-6
0.04830588020397727	7.800298565582993e-6
0.048417236758409934	7.828525682719861e-6
0.048528850016212106	7.857006630356286e-6
0.04864072056914616	7.885744448298213e-6
0.048752849010338634	7.914742222638287e-6
0.04886523593428336	7.944003086609892e-6
0.048977881936844624	7.973530221459713e-6
0.04909078761526031	8.003326857339234e-6
0.049203953568145095	8.033396274215664e-6
0.04931738039549359	8.063741802802694e-6
0.04943106869868355	8.094366825511746e-6
0.04954501908047903	8.125274777424041e-6
0.049659232145033615	8.156469147284133e-6
0.0497737084978936	8.187953478515427e-6
0.04988844874600123	8.21973137025822e-6
0.05000345349769785	8.251806478430828e-6
0.05011872336272723	8.284182516814439e-6
0.05023425895223871	8.316863258162263e-6
0.05035006087879049	8.349852535333562e-6
0.05046612975635284	8.383154242453324e-6
0.050582466200311406	8.416772336098095e-6
0.05069907082747044	8.450710836508765e-6
0.05081594425605606	8.484973828830938e-6
0.050933087105719546	8.519565464383648e-6
0.05105049999754063	8.554489961957135e-6
0.05116818355403078	8.589751609140462e-6
0.05128613839913648	8.62535476367975e-6
0.05140436515824262	8.661303854867842e-6
0.05152286445817566	8.69760338496625e-6
0.05164163692720711	8.734257930660194e-6
0.05176068319505677	8.771272144547689e-6
0.05188000389289611	8.808650756663504e-6
0.0519995996533516	8.84639857603904e-6
0.05211947111050805	8.88452049229897e-6
0.05223961889991198	8.923021477295761e-6
0.05236004365857502	8.961906586782982e-6
0.05248074602497726	9.001180962128617e-6
0.05260172663907062	9.040849832069245e-6
0.05272298614228227	9.080918514506483e-6
0.052844525177518045	9.121392418346605e-6
0.05296634438916578	9.1622770453847e-6
0.05308844442309884	9.203577992234552e-6
0.05321082592667942	9.245300952305418e-6
0.053333489548762096	9.287451717827234e-6
0.05345643593969717	9.330036181925358e-6
0.05357966575133416	9.373060340746407e-6
0.05370317963702527	9.416530295636563e-6
0.05382697825162883	9.460452255373868e-6
0.05395106225151276	9.504832538455985e-6
0.05407543229455808	9.549677575445067e-6
0.05420008904016238	9.594993911371347e-6
0.05432503314924332	9.640788208197105e-6
0.05445026528424212	9.687067247342772e-6
0.05457578610912709	9.733837932277038e-6
0.054701596289397164	9.781107291172645e-6
0.05482769649208538	9.828882479629968e-6
0.054954087385762455	9.877170783470269e-6
0.055080769640540345	9.92597962160064e-6
0.05520774392807574	9.975316548952839e-6
0.05533501092157367	0.000010025189259498128
0.055462571295791074	0.000010075605589340364
0.055590425727040364	0.000010126573519889746
0.055718574893192985	0.000010178101181119511
0.055847019473683084	0.000010230196854908214
0.055975760149511014	0.00001028286897846999
0.05610479760324705	0.000010336126147875661
0.05623413251903491	0.000010389977121667185
0.056363765582595454	0.000010444430824568597
0.05649369748123026	0.000010499496351296116
0.05662392890382533	0.000010555182970470568
0.056754460540854715	0.000010611500128635368
0.05688529308438415	0.000010668457454383125
0.057016427228074755	0.000010726064762594391
0.05714786366718671	0.000010784332058791988
0.057279603098582925	0.000010843269543614538
0.05741164622073276	0.000010902887617412957
0.057543993733715694	0.000010963196884973678
0.057676646339225084	0.000011024208160372785
0.05780960474057181	0.000011085932471965084
0.05794286964268811	0.000011148381067512427
0.058076441752131204	0.000011211565419455807
0.058210321777087154	0.00001127549723033574
0.05834451042737448	0.000011340188438365856
0.05847900841444808	0.000011405651223164516
0.05861381645140287	0.000011471898011649653
0.058748935252977676	0.000011538941484102205
0.0588843655355589	0.000011606794580403615
0.05902010801718443	0.00001167547050645306
0.0591561634175474	0.000011744982740770561
0.05929253245799998	0.000011815345041291867
0.059429215861557264	0.000011886571452361701
0.05956621435290105	0.000011958676311931918
0.05970352865838369	0.000012031674258971419
0.05984115950603197	0.000012105580241095133
0.05997910762555095	0.000012180409522419235
0.06011737374832781	0.000012256177691650493
0.06025595860743578	0.000012332900670417638
0.06039486293763799	0.000012410594721853104
0.06053408747539135	0.000012489276459433732
0.060673632958850546	0.000012568962856089377
0.06081350012787179	0.000012649671253588772
0.060953689724016914	0.000012731412384740106
0.061094202490557206	0.000012814218277175431
0.06123503917247735	0.000012898100506071596
0.06137620051647942	0.000012983077988282608
0.06151768727098681	0.000013069170060940634
0.06165950018614822	0.000013156396492722187
0.061801640013841586	0.000013244777495467709
0.06194410750767815	0.000013334333736167597
0.06208690342300636	0.000013425086349327434
0.06223002851691595	0.0000135170569497266
0.06237348354824193	0.000013610275238824377
0.0625172692775686	0.000013704748711873706
0.06266138646723354	0.00001380050803310114
0.0628058358813318	0.000013897576874370724
0.06295061828571975	0.000013995979458034488
0.06309573444801933	0.000014095740572372715
0.06324118513762195	0.000014196885587541067
0.06338697112569269	0.000014299440472043676
0.06353309318517437	0.000014403431809751924
0.06367955209079158	0.000014508886817489826
0.06382634861905487	0.000014615833363207535
0.0639734835482648	0.000014724299984765437
0.06412095765851616	0.000014834315909352503
0.06426877173170197	0.000014945911073563211
0.06441692655151773	0.000015059116144159016
0.06456542290346555	0.0000151739625395405
0.06471426157485831	0.000015290482451958806
0.06486344335482384	0.000015408708870494925
0.06501296903430907	0.000015528675604837494
0.06516283940608428	0.000015650417309890973
0.06531305526474723	0.00001577396951124733
0.0654636174067275	0.000015899368631555763
0.06561452663029053	0.00001602665201782734
0.06576578373554205	0.00001615585796971161
0.06591738952443214	0.000016287025768785816
0.0660693448007596	0.000016420195708897525
0.0662216503701762	0.000016555409127604455
0.06637430704019089	0.000016692708438756757
0.06652731562017414	0.000016832137166269575
0.06668067692136222	0.00001697373997913545
0.06683439175686147	0.00001711756272772884
0.06698846094165264	0.00001726365248145739
0.06714288529259524	0.00001741205756781712
0.06729766562843179	0.000017562827612911758
0.0674528027697922	0.000017716013583498683
0.06760829753919817	0.00001787166783062788
0.06776415076106751	0.0000180298441349425
0.06792036326171845	0.000018190597753714287
0.06807693586937415	0.000018353985469689015
0.06823386941416697	0.00001852006564182274
0.06839116472814293	0.000018688898257991997
0.06854882264526617	0.000018860544989766354
0.06870684400142323	0.000019035069249335497
0.06886522963442761	0.000019212536248688407
0.0690239803840242	0.00001939301306114604
0.06918309709189366	0.00001957656868535553
0.06934258060165692	0.000019763274111858026
0.06950243175887968	0.000019953202392349333
0.06966265141107687	0.000020146428711758032
0.06982324040771713	0.000020343030463271857
0.06998419960022735	0.000020543087326451774
0.07014552984199712	0.00002074668134857772
0.07030723198838335	0.000020953897029381084
0.0704693068967147	0.000021164821409323395
0.0706317554262962	0.000021379544161593576
0.07079457843841379	0.000021598157688001236
0.07095777679633888	0.000021820757974462066
0.07112135136533292	0.000022047441683353067
0.07128530301265196	0.00002227831076521008
0.07144963260755134	0.00002251346958004927
0.0716143410212902	0.000022753025761425654
0.07177942912713618	0.000022997090340066316
0.07194489780036994	0.000023245777872965316
0.07211074791828996	0.000023499206578217992
0.07227698036021703	0.00002375749847588615
0.072443596007499	0.00002402077953520385
0.07261059574351547	0.00002428917982845097
0.0727779804536824	0.000024562833691839793
0.07294575102545688	0.00002484187989378253
0.07311390834834174	0.000025126461810926166
0.07328245331389041	0.000025416727612366854
0.07345138681571149	0.00002571283045247908
0.07362070974947361	0.000026014928672820995
0.0737904230129101	0.000026323186013606138
0.07396052750582378	0.00002663777183526098
0.07413102413009175	0.000026958861350619287
0.07430191378967015	0.00002728663586833925
0.0744731973905989	0.000027621283048164695
0.07464487584100665	0.00002796299716869152
0.07481695005111544	0.00002831197940834083
0.07498942093324559	0.00002866843814028679
0.07516228940182056	0.000029032589242132087
0.07533555637337175	0.000029404656421178035
0.0755092227665434	0.000029784871556188746
0.07568328950209745	0.000030173475056608103
0.07585775750291839	0.00003057071624025235
0.0760326276940182	0.00003097685373056666
0.07620790100254121	0.000031392155874608584
0.07638357835776907	0.0000318169011829976
0.07655966069112563	0.00003225137879315476
0.0767361489361819	0.00003269588895724627
0.07691304402866096	0.00003315074355634182
0.07709034690644301	0.00003361626664240134
0.07726805850957025	0.00003409279500981988
0.07744617978025188	0.000034580678798377395
0.07762471166286918	0.00003508028212957266
0.07780365510398041	0.00003559198377846135
0.07798301105232587	0.00003611610211643708
0.07816278045883296	0.00003665319719338933
0.07834296427662119	0.00003720370137121183
0.0785235634610072	0.00003776790281203868
0.07870457896950987	0.000038346342549392865
0.07888601176185545	0.00003893950368464012
0.07906786279998251	0.000039547889883006455
0.07925013304804718	0.00004017202642686665
0.07943282347242815	0.000040812461332176265
0.07961593504173188	0.00004146976653238864
0.07979946872679766	0.00004214453913453778
0.07998342550070285	0.00004283740275253421
0.08016780633876791	0.00004354900892312034
0.08035261221856173	0.00004428003861036499
0.08053784411990667	0.000045031203805051784
0.08072350302488382	0.00004580324922582763
0.08090958991783824	0.00004659695412954531
0.08109610578538408	0.00004741313423884106
0.08128305161640993	0.00004825264379566428
0.08147042840208396	0.00004911637775020255
0.08165823713585925	0.00005000527409545339
0.08184647881347899	0.00005092031635856455
0.08203515443298183	0.00005186253626102964
0.08222426499470711	0.00005283301656088099
0.08241381150130023	0.00005383289409117058
0.08260379495771787	0.000054863363010311894
0.08279421637123342	0.000055925678281239454
0.08298507675144225	0.0000570211593978913
0.0831763771102671	0.00005815119437919928
0.08336811846196344	0.000059317244052652776
0.08356030182312481	0.00006052084665154111
0.08375292821268826	0.00006176362275227027
0.08394599865193975	0.000063047280580648
0.08413951416451952	0.00006437362171882179
0.08433347577642754	0.0000657445472476259
0.084527884516029	0.0000671620643625092
0.08472274141405965	0.00006862829350500938
0.0849180475036314	0.00007014547605594251
0.08511380382023764	0.00007171598264116404
0.08531001140175895	0.00007334232210596704
0.08550667128846834	0.00007502715122000689
0.08570378452303697	0.00007677328518111048
0.08590135215053957	0.00007858370899360111
0.08609937521846006	0.00008046158980485673
0.08629785477669703	0.00008241029029291952
0.08649679187756933	0.00008443338320815608
0.08669618757582166	0.00008653466718340831
0.08689604292863018	0.00008871818393993869
0.08709635899560808	0.00009098823703096418
0.08729713683881117	0.00009334941228089896
0.08749837752274361	0.00009580660009686521
0.08770008211436348	0.00009836501984989351
0.08790225168308843	0.00010103024654683437
0.0881048873008014	0.00010380824004078877
0.08830799004185629	0.00010670537705827989
0.08851156098308355	0.0001097284863560062
0.0887156012037961	0.00011288488735944012
0.08892011178579484	0.00011618243268054209
0.08912509381337456	0.00011962955496338668
0.08933054837332953	0.00012323531856536064
0.08953647655495939	0.00012700947664934448
0.08974287945007485	0.0001309625343400016
0.08994975815300353	0.00013510581868691137
0.0901571137605957	0.0001394515562806757
0.09036494737223015	0.0001440129594876911
0.09057326008982002	0.0001488043224078063
0.09078205301781858	0.00015384112782007624
0.09099132726322516	0.0001591401665689554
0.09120108393559098	0.00016471967106183473
0.09141132414702502	0.00017059946480422236
0.09162204901219999	0.00017680113019807569
0.09183325964835809	0.00018334819718077004
0.09204495717531713	0.0001902663556961084
0.09225714271547632	0.00019758369547844917
0.09246981739382226	0.0002053309772101769
0.09268298233793493	0.0002135419398010336
0.09289663867799364	0.00022225364935745583
0.09311078754678304	0.00023150689638928225
0.09332543007969911	0.00024134664897453842
0.0935405674147552	0.0002518225710139857
0.09375620069258803	0.00026298961640889917
0.0939723310564638	0.00027490871205569997
0.09418895965228413	0.00028764754505388156
0.09440608762859234	0.00030128147257569394
0.09462371613657931	0.00031589457658211543
0.09484184633008973	0.00033158089016245844
0.09506047936562816	0.00034844582794306937
0.0952796164023652	0.00036660786003898433
0.0954992586021436	0.00038620047777536366
0.09571940712948446	0.0004073745103595842
0.09594006315159331	0.0004303008654626051
0.09616122783836648	0.0004551737840868382
0.09638290236239705	0.00048221472224238684
0.09660508789898134	0.0005116770002664573
0.09682778562612493	0.0005438513970403433
0.09705099672454898	0.0005790729135035374
0.09727472237769652	0.0006177289912996999
0.09749896377173871	0.000660269553013375
0.09772372209558107	0.000707219337046196
0.0979489985408699	0.0007591931422106004
0.09817479430199844	0.0008169147879437163
0.09840111057611338	0.0008812408546907243
0.09862794856312106	0.0009531906228773394
0.09885530946569389	0.0010339841178673877
0.09908319448927677	0.0011250908511832222
0.09931160484209339	0.0012282928128200161
0.0995405417351527	0.0013457666485439351
0.09977000638225533	0.0014801919536911413
0.1	0.0016348955496431029
0.10023052380778996	0.0018140459864736701
0.10046157902783952	0.0020229191530849997
0.10069316688518042	0.0022682661242680534
0.10092528860766845	0.0025588305098481322
0.10115794542598985	0.0029060885303025005
0.10139113857366794	0.003325327811292736
0.10162486928706957	0.0038372532327842204
0.1018591388054117	0.0044704341927624585
0.102093948370768	0.005265134563769305
0.10232929922807542	0.006279490795726772
0.10256519262514076	0.007599831190156795
0.10280162981264736	0.009358625782673304
0.10303861204416162	0.011767240639221214
0.10327614057613975	0.015179240890373773
0.10351421666793438	0.02022164984463974
0.10375284158180126	0.02809226128745403
0.10399201658290592	0.04131502939298953
0.10423174293933042	0.06598427592920882
0.10447202192208001	0.1201450893982847
0.10471285480508996	0.2794461419805506
0.10495424286523224	1.244917260877735