# m4 (GeV) Ue4^2
1.7768200001	0.0003388441107235568
1.7973946060192307	0.0003388441107235568
1.818207454646619	0.0003388441107235568
1.839261304702706	0.0003388441107235568
1.860558946852512	0.0003388441107235568
1.8821032040754357	0.0003388441107235568
1.9038969320394357	0.0003388441107235568
1.9259430194795475	0.0003388441107235568
1.9482443885807819	0.0003388441107235568
1.970803995365457	0.0003388441107235568
1.9936248300850166	0.0003388441107235568
2.016709917616384	0.0003388441107235568
2.0400623178629065	0.0003388441107235568
2.0636851261599425	0.0003388441107235568
2.0875814736851446	0.0003388441107235568
2.1117545278734933	0.0003388441107235568
2.136207492837138	0.0003388441107235568
2.160943609790098	0.0003388441107235568
2.185966157477883	0.0003388441107235568
2.211278452612084	0.0003388441107235568
2.236883850310005	0.0003388441107235568
2.262785744539375	0.0003388441107235568
2.2889875685682193	0.0003388441107235568
2.315492795419931	0.0003388441107235568
2.342304938333621	0.0003388441107235568
2.3694275512297893	0.0003388441107235568
2.396864229181398	0.0003388441107235568
2.424618608890391	0.0003388441107235568
2.4526943691697363	0.0003388441107235568
2.481095231431048	0.0003388441107235568
2.509824960177856	0.0003388441107235568
2.538887363504587	0.0003388441107235568
2.568286293601323	0.0003388441107235568
2.5980256472644037	0.0003388441107235568
2.628109366412945	0.0003388441107235568
2.658541438611335	0.0003388441107235568
2.6893258975977794	0.0003388441107235568
2.7204668238189735	0.0003388441107235568
2.751968344970957	0.0003388441107235568
2.7838346365462368	0.0003388441107235568
2.816069922387245	0.0003388441107235568
2.848678475246204	0.0003388441107235568
2.881664617351475	0.0003388441107235568
2.9150327209804643	0.0003388441107235568
2.9487872090391654	0.0003388441107235568
2.982932555648408	0.0003388441107235568
3.017473286736901	0.0003388441107235568
3.052413980641137	0.0003388441107235568
3.0877592687122455	0.0003388441107235568
3.1235138359298764	0.0003388441107235568
3.1596824215231867	0.0003388441107235568
3.19626981959902	0.0003388441107235568
3.233280879777361	0.0003388441107235568
3.2707205078341475	0.0003388441107235568
3.3085936663515247	0.0003388441107235568
3.3469053753756324	0.0003388441107235568
3.385660713082003	0.0003388441107235568
3.4248648164486712	0.0003388441107235568
3.4645228819370746	0.0003388441107235568
3.504640166180837	0.0003388441107235568
3.545221986682531	0.0003388441107235568
3.586273722518508	0.0003388441107235568
3.627800815051887	0.0003388441107235568
3.669808768653803	0.0003388441107235568
3.7123031514330043	0.0003388441107235568
3.7552895959738994	0.0003388441107235568
3.7987738000831524	0.0003388441107235568
3.842761527544916	0.0003388441107235568
3.88725860888482	0.0003388441107235568
3.932270942142799	0.0003388441107235568
3.9778044936548693	0.0003388441107235568
4.0238652988439645	0.0003388441107235568
4.070459463019922	0.0003388441107235568
4.117593162188731	0.0003388441107235568
4.165272643871167	0.0003388441107235568
4.21350422793088	0.0003388441107235568
4.262294307412095	0.0003388441107235568
4.3116493493869985	0.0003388441107235568
4.361575895812947	0.0003388441107235568
4.412080564399589	0.0003388441107235568
4.463170049486041	0.0003388441107235568
4.514851122928214	0.0003388441107235568
4.5671306349964125	0.0003388441107235568
4.620015515283335	0.0003388441107235568
4.673512773622579	0.0003388441107235568
4.727629501017794	0.0003388441107235568
4.782372870582575	0.0003388441107235568
4.837750138491266	0.0003388441107235568
4.893768644940744	0.0003388441107235568
4.9504358151233605	0.0003388441107235568
5.007759160211145	0.0003388441107235568
5.065746278351398	0.0003388441107235568
5.124404855673819	0.0003388441107235568
5.183742667309296	0.0003388441107235568
5.2437675784204885	0.0003388441107235568
5.304487545244347	0.0003388441107235568
5.365910616146706	0.0003388441107235568
5.4280449326890805	0.0003388441107235568
5.490898730707827	0.0003388441107235568
5.554480341405793	0.0003388441107235568
5.618798192456608	0.0003388441107235568
5.683860809121759	0.0003388441107235568
5.749676815380615	0.0003388441107235568
5.8162549350735135	0.0003388441107235568
5.883603993058106	0.0003388441107235568
5.951732916379079	0.0003388441107235568
6.020650735451423	0.0003388441107235568
6.090366585257407	0.0003388441107235568
6.160889706557409	0.0003388441107235568
6.23222944711477	0.0003388441107235568
6.304395262934829	0.0003388441107235568
6.377396719518304	0.0003388441107235568
6.451243493129192	0.0003388441107235568
6.52594537207735	0.0003388441107235568
6.601512258015917	0.0003388441107235568
6.6779541672537714	0.0003388441107235568
6.755281232083185	0.0003388441107235568
6.833503702122843	0.0003388441107235568
6.912631945676422	0.0003388441107235568
6.992676451106895	0.0003388441107235568
7.073647828226757	0.0003388441107235568
7.155556809704339	0.0003388441107235568
7.238414252486416	0.0003388441107235568
7.32223113923728	0.0003388441107235568
7.4070185797944825	0.0003388441107235568
7.492787812641431	0.0003388441107235568
7.579550206397038	0.0003388441107235568
7.6673172613226175	0.0003388441107235568
7.756100610846233	0.0003388441107235568
7.845912023104698	0.0003388441107235568
7.936763402503426	0.0003388441107235568
8.028666791294352	0.0003388441107235568
8.12163437117211	0.0003388441107235568
8.215678464888718	0.0003388441107235568
8.31081153788693	0.0003388441107235568
8.407046199952529	0.0003388441107235568
8.504395206885732	0.0003388441107235568
8.602871462191967	0.0003388441107235568
8.702488018792204	0.0003388441107235568
8.803258080753125	0.0003388441107235568
8.905195005037287	0.0003388441107235568
9.008312303273593	0.0003388441107235568
9.11262364354823	0.0003388441107235568
9.218142852216367	0.0003388441107235568
9.324883915734818	0.0003388441107235568
9.432860982515932	0.0003388441107235568
9.542088364802956	0.0003388441107235568
9.652580540567103	0.0003388441107235568
9.764352155426586	0.0003388441107235568
9.87741802458789	0.0003388441107235568
9.991793134809502	0.0003388441107235568
10.107492646388396	0.0003388441107235568
10.224531895169513	0.0003388441107235568
10.3429263945785	0.0003388441107235568
10.462691837678019	0.0003388441107235568
10.583844099247825	0.0003388441107235568
10.706399237888963	0.0003388441107235568
10.83037349815231	0.0003388441107235568
10.955783312691782	0.0003388441107235568
11.082645304442456	0.0003388441107235568
11.210976288823927	0.0003388441107235568
11.34079327596917	0.0003388441107235568
11.47211347297922	0.0003388441107235568
11.604954286203949	0.0003388441107235568
11.73933332354926	0.0003388441107235568
11.875268396811002	0.0003388441107235568
12.012777524035894	0.0003388441107235568
12.151878931909804	0.0003388441107235568
12.292591058173679	0.0003388441107235568
12.434932554067437	0.0003388441107235568
12.578922286802184	0.0003388441107235568
12.724579342061029	0.0003388441107235568
12.871923026528874	0.0003388441107235568
13.0209728704515	0.0003388441107235568
13.171748630224274	0.0003388441107235568
13.324270291010835	0.0003388441107235568
13.47855806939212	0.0003388441107235568
13.634632416046033	0.0003388441107235568
13.792514018458167	0.0003388441107235568
13.952223803663912	0.0003388441107235568
14.113782941022308	0.0003388441107235568
14.27721284502201	0.0003388441107235568
14.442535178119778	0.0003388441107235568
14.609771853611791	0.0003388441107235568
14.778945038538243	0.0003388441107235568
14.95007715662155	0.0003388441107235568
15.123190891238604	0.0003388441107235568
15.298309188427416	0.0003388441107235568
15.475455259928596	0.0003388441107235568
15.654652586262046	0.0003388441107235568
15.835924919839268	0.0003388441107235568
16.019296288111736	0.0003388441107235568
16.204790996755687	0.0003388441107235568
16.392433632893834	0.0003388441107235568
16.58224906835435	0.0003388441107235568
16.774262462967606	0.0003388441107235568
16.96849926790107	0.0003388441107235568
17.164985229032855	0.0003388441107235568
17.363746390364273	0.0003388441107235568
17.564809097471972	0.0003388441107235568
17.768200001	0.0003388441107235568
17.973946060192308	0.0003388441107235568
18.18207454646619	0.0003388441107235568
18.39261304702706	0.0003388441107235568
18.60558946852512	0.0003388441107235568
18.821032040754357	0.0003388441107235568
19.038969320394358	0.0003388441107235568
19.259430194795474	0.0003388441107235568
19.482443885807818	0.0003388441107235568
19.70803995365457	0.0003388441107235568
19.936248300850163	0.0003388441107235568
20.167099176163838	0.0003388441107235568
20.400623178629065	0.0003388441107235568
20.63685126159943	0.0003388441107235568
20.875814736851446	0.0003388441107235568
21.117545278734934	0.0003388441107235568
21.36207492837138	0.0003388441107235568
21.609436097900982	0.0003388441107235568
21.859661574778826	0.0003388441107235568
22.11278452612084	0.0003388441107235568
22.368838503100047	0.0003388441107235568
22.62785744539375	0.0003388441107235568
22.889875685682192	0.0003388441107235568
23.154927954199312	0.0003388441107235568
23.42304938333621	0.0003388441107235568
23.694275512297896	0.0003388441107235568
23.968642291813982	0.0003388441107235568
24.24618608890391	0.0003388441107235568
24.52694369169736	0.0003388441107235568
24.81095231431048	0.0003388441107235568
25.098249601778562	0.0003388441107235568
25.388873635045872	0.0003388441107235568
25.68286293601323	0.0003388441107235568
25.980256472644037	0.0003388441107235568
26.28109366412945	0.0003388441107235568
26.585414386113346	0.0003388441107235568
26.893258975977794	0.0003388441107235568
27.204668238189736	0.0003388441107235568
27.519683449709568	0.0003388441107235568
27.838346365462368	0.0003388441107235568
28.16069922387245	0.0003388441107235568
28.48678475246204	0.0003388441107235568
28.816646173514748	0.0003388441107235568
29.150327209804644	0.0003388441107235568
29.48787209039165	0.0003388441107235568
29.82932555648408	0.0003388441107235568
30.17473286736901	0.0003388441107235568
30.524139806411366	0.0003388441107235568
30.877592687122455	0.0003388441107235568
31.235138359298766	0.0003388441107235568
31.596824215231866	0.0003388441107235568
31.9626981959902	0.0003388441107235568
32.33280879777361	0.0003388441107235568
32.707205078341474	0.0003388441107235568
33.08593666351525	0.0003388441107235568
33.46905375375632	0.0003388441107235568
33.85660713082003	0.0003388441107235568
34.24864816448672	0.0003388441107235568
34.64522881937074	0.0003388441107235568
35.04640166180837	0.0003388441107235568
35.45221986682531	0.0003388441107235568
35.86273722518508	0.0003388441107235568
36.27800815051887	0.0003388441107235568
36.69808768653803	0.0003388441107235568
37.12303151433004	0.0003388441107235568
37.552895959739	0.0003388441107235568
37.98773800083152	0.0003388441107235568
38.42761527544916	0.0003388441107235568
38.8725860888482	0.0003388441107235568
39.32270942142799	0.0003388441107235568
39.778044936548696	0.0003388441107235568
40.23865298843965	0.0003388441107235568
40.70459463019921	0.0003388441107235568
41.175931621887315	0.0003388441107235568
41.65272643871167	0.0003388441107235568
42.1350422793088	0.0003388441107235568
42.62294307412094	0.0003388441107235568
43.11649349386999	0.0003388441107235568
43.61575895812947	0.0003388441107235568
44.12080564399589	0.0003388441107235568
44.63170049486041	0.0003388441107235568
45.148511229282136	0.0003388441107235568
45.67130634996412	0.0003388441107235568
46.20015515283335	0.0003388441107235568
46.73512773622579	0.0003388441107235568
47.27629501017793	0.0003388441107235568
47.82372870582576	0.0003388441107235568
48.37750138491266	0.0003388441107235568
48.93768644940744	0.0003388441107235568
49.50435815123361	0.0003388441107235568
50.077591602111454	0.0003388441107235568
50.65746278351398	0.0003388441107235568
51.24404855673819	0.0003388441107235568
51.83742667309296	0.0003388441107235568
52.437675784204885	0.0003388441107235568
53.04487545244347	0.0003388441107235568
53.65910616146706	0.0003388441107235568
54.2804493268908	0.0003388441107235568
54.90898730707828	0.0003388441107235568
55.54480341405794	0.0003388441107235568
56.187981924566074	0.0003388441107235568
56.838608091217594	0.0003388441107235568
57.496768153806144	0.0003388441107235568
58.162549350735134	0.0003388441107235568
58.83603993058106	0.0003388441107235568
59.51732916379079	0.0003388441107235568
60.20650735451423	0.0003388441107235568
60.90366585257407	0.0003388441107235568
61.6088970655741	0.0003388441107235568
62.32229447114771	0.0003388441107235568
63.04395262934829	0.0003388441107235568
63.77396719518303	0.0003388441107235568
64.51243493129192	0.0003388441107235568
65.25945372077351	0.0003388441107235568
66.01512258015916	0.0003388441107235568
66.7795416725377	0.0003388441107235568
67.55281232083185	0.0003388441107235568
68.33503702122843	0.0003388441107235568
69.12631945676422	0.0003388441107235568
69.92676451106895	0.0003388441107235568
70.73647828226757	0.0003388441107235568
71.55556809704339	0.0003388441107235568
72.38414252486416	0.0003388441107235568
73.2223113923728	0.0003388441107235568
74.07018579794483	0.0003388441107235568
74.92787812641431	0.0003388441107235568
75.79550206397039	0.0003388441107235568
76.67317261322617	0.0003388441107235568
77.56100610846232	0.0003388441107235568
78.45912023104698	0.0003388441107235568
79.36763402503426	0.0003388441107235568
80.28666791294351	0.0003388441107235568
81.21634371172111	0.0003388441107235568
82.15678464888718	0.0003388441107235568
83.1081153788693	0.0003388441107235568
84.07046199952529	0.0003388441107235568
85.04395206885732	0.0003388441107235568
86.02871462191966	0.0003388441107235568
87.02488018792205	0.0003388441107235568
88.03258080753123	0.0003388441107235568
89.05195005037287	0.0003388441107235568
90.08312303273593	0.0003388441107235568
91.1262364354823	0.0003388441107235568
92.18142852216367	0.0003237480150526432
93.24883915734817	0.0003237480150526432
94.32860982515932	0.0003237480150526432
95.42088364802956	0.0003237480150526432
96.52580540567102	0.0003237480150526432
97.64352155426586	0.0003237480150526432
98.7741802458789	0.0003237480150526432
99.91793134809502	0.0003237480150526432
101.07492646388397	0.0003237480150526432
102.24531895169511	0.0003237480150526432
103.42926394578501	0.0003237480150526432
104.6269183767802	0.0003237480150526432
105.83844099247825	0.0003237480150526432
107.06399237888962	0.0003237480150526432
108.3037349815231	0.0003237480150526432
109.55783312691783	0.0003237480150526432
110.82645304442457	0.0003237480150526432
112.10976288823927	0.0003237480150526432
113.4079327596917	0.0003237480150526432
114.7211347297922	0.0003237480150526432
116.04954286203949	0.0003237480150526432
117.3933332354926	0.0003237480150526432
118.75268396811002	0.0003237480150526432
120.12777524035893	0.0003237480150526432
121.51878931909805	0.0003237480150526432
122.92591058173679	0.0003237480150526432
124.34932554067439	0.0003237480150526432
125.78922286802185	0.0003237480150526432
