# m4 (GeV) vs C_LNLell^taumu (GeV^-1) at 1 sigma.
0.001	3.539765882327508e-6
0.0010074489042643867	3.539765950548745e-6
0.0010149532947035145	3.539766019790114e-6
0.001022513584628585	3.5397660900668648e-6
0.0010301301904295194	3.53976616139448e-6
0.0010378035315978832	3.5397662337886743e-6
0.0010455340307499994	3.5397663072653926e-6
0.0010533221136502147	3.539766381840828e-6
0.0010611682092343576	3.539766457531405e-6
0.001069072749633355	3.5397665343537975e-6
0.0010770361701970398	3.5397666123249362e-6
0.0010850589095181193	3.539766691461991e-6
0.0010931414094563407	3.5397667717823995e-6
0.001101284115162818	3.539766853303858e-6
0.0011094874751045568	3.5397669360443226e-6
0.0011177519410891469	3.5397670200220226e-6
0.0011260779682896534	3.5397671052554566e-6
0.0011344660152696783	3.539767191763406e-6
0.0011429165440086236	3.5397672795649235e-6
0.0011514300199271276	3.5397673686793575e-6
0.001160006911912707	3.5397674591263343e-6
0.0011686476923455716	3.5397675509257814e-6
0.0011773528371246515	3.539767644097924e-6
0.0011861228256937971	3.539767738663287e-6
0.0011949581410681954	3.539767834642706e-6
0.001203859269860962	3.5397679320573184e-6
0.0012128267023099508	3.53976803092859e-6
0.0012218609323047507	3.539768131278302e-6
0.0012309624574138832	3.53976823312856e-6
0.0012401317789122147	3.5397683365018025e-6
0.0012493694018085556	3.5397684414208006e-6
0.001258675834873483	3.5397685479086714e-6
0.0012680515906673526	3.539768655988872e-6
0.0012774971855685382	3.539768765685211e-6
0.001287013139801862	3.539768877021861e-6
0.0012965999774672552	3.5397689900233425e-6
0.0013062582265686148	3.539769104714552e-6
0.0013159884190428934	3.5397692211207556e-6
0.0013257910907893856	3.5397693392675974e-6
0.0013356667816992538	3.5397694591811027e-6
0.0013456160356852531	3.5397695808876953e-6
0.0013556394007116976	3.539769704414182e-6
0.0013657374288246298	3.5397698297877763e-6
0.0013759106761822356	3.5397699570360965e-6
0.0013861597030854647	3.539770086187177e-6
0.0013964850740089006	3.5397702172694694e-6
0.0014068873576318379	3.539770350311852e-6
0.001417367126869615	3.5397704853436294e-6
0.0014279249589051557	3.5397706223945513e-6
0.00143856143522077	3.5397707614948126e-6
0.0014492771416301684	3.539770902675054e-6
0.0014600726683107357	3.539771045966378e-6
0.0014709486098360316	3.5397711914003507e-6
0.0014819055652085344	3.539771339009009e-6
0.0014929441378926348	3.5397714888248715e-6
0.0015040649358478745	3.5397716408809456e-6
0.0015152685715624278	3.5397717952107264e-6
0.0015265556620868304	3.539771951848212e-6
0.0015379268290679744	3.5397721108279093e-6
0.0015493826987833337	3.5397722721848406e-6
0.0015609239021754694	3.53977243595455e-6
0.0015725510748867675	3.5397726021731207e-6
0.001584264857294459	3.539772770877165e-6
0.001596065894545878	3.539772942103851e-6
0.0016079548365940048	3.5397731158908974e-6
0.001619932338233251	3.5397732922765885e-6
0.0016319990591355364	3.539773471299783e-6
0.0016441556638866063	3.539773652999915e-6
0.0016564028220226487	3.5397738374170157e-6
0.0016687412080671554	3.5397740245917095e-6
0.0016811715015680865	3.5397742145652313e-6
0.0016936943871352825	3.5397744073794297e-6
0.0017063105544781842	3.5397746030767796e-6
0.0017190206984438049	3.539774801700396e-6
0.0017318255190550138	3.5397750032940285e-6
0.0017447257215490765	3.5397752079020934e-6
0.0017577220164165105	3.539775415569659e-6
0.0017708151194402019	3.5397756263424773e-6
0.0017840057517348423	3.5397758402669734e-6
0.0017972946397866306	3.539776057390281e-6
0.0018106825154932968	3.539776277760226e-6
0.0018241701162044072	3.539776501425356e-6
0.001837758184761971	3.5397767284349402e-6
0.001851447469541356	3.539776958838992e-6
0.0018652387244925107	3.5397771926882624e-6
0.0018791327091814843	3.5397774300342676e-6
0.0018931301888322548	3.5397776709292935e-6
0.0019072319343688888	3.5397779154264087e-6
0.0019214387224579838	3.5397781635794693e-6
0.0019357513355514608	3.5397784154431445e-6
0.0019501705619296426	3.5397786710729132e-6
0.0019646971957446835	3.539778930525095e-6
0.001979332037064295	3.5397791938568405e-6
0.0019940758919158225	3.5397794611261574e-6
0.002008929572330625	3.539779732391924e-6
0.0020238938963888136	3.5397800077138967e-6
0.0020389696882642905	3.539780287152724e-6
0.0020541577782701597	3.539780570769968e-6
0.0020694590029044398	3.5397808586281014e-6
0.0020848742048961504	3.5397811507905375e-6
0.002100404233251711	3.539781447321636e-6
0.002116049943301718	3.5397817482867205e-6
0.0021318121967480335	3.539782053752085e-6
0.0021476918617112637	3.5397823637850234e-6
0.0021636898127785536	3.5397826784538314e-6
0.0021798069310517702	3.5397829978278244e-6
0.0021960441041960236	3.5397833219773595e-6
0.002212402226488553	3.539783650973838e-6
0.0022288821988679826	3.5397839848897335e-6
0.002245484928983946	3.5397843237986042e-6
0.002262211331247073	3.5397846677751062e-6
0.002279062326879343	3.539785016895011e-6
0.0022960388439648405	3.5397853712352252e-6
0.0023131418175008477	3.5397857308738044e-6
0.0023303721894493636	3.539786095889971e-6
0.0023477309087889613	3.539786466364132e-6
0.0023652189315670744	3.5397868423778926e-6
0.0023828372209526326	3.5397872240140876e-6
0.0024005867472891287	3.53978761135678e-6
0.002418468488148041	3.539788004491297e-6
0.0024364834283826945	3.539788403504238e-6
0.002454632560182482	3.5397888084834987e-6
0.0024729168831275307	3.5397892195182854e-6
0.0024913374042437333	3.539789636699145e-6
0.002509895138058233	3.53979006011797e-6
0.0025285911066552785	3.5397904898680352e-6
0.002547426339732536	3.5397909260440007e-6
0.002566401874657781	3.539791368741948e-6
0.002585518756526052	3.539791818059399e-6
0.002604778038217191	3.5397922740953222e-6
0.002624180780453848	3.539792736950174e-6
0.0026437280518598954	3.539793206725913e-6
0.002663420929019276	3.539793683526014e-6
0.002683260496535305	3.53979416745551e-6
0.002703247847090407	3.539794658620999e-6
0.0027233840815062958	3.5397951571306706e-6
0.002743670308804594	3.5397956630943353e-6
0.00276410764626792	3.5397961766234426e-6
0.0027846972195014292	3.539796697831111e-6
0.002805440162494802	3.5397972268321475e-6
0.0028263376176846915	3.5397977637430783e-6
0.0028473907360176626	3.5397983086821696e-6
0.00286860067701356	3.539798861769457e-6
0.002889968608829392	3.539799423126771e-6
0.002911495708323645	3.5397999928777603e-6
0.002933183161121124	3.539800571147924e-6
0.0029550321616782266	3.539801158064641e-6
0.0029770439133487547	3.53980175375719e-6
0.0029992196284501648	3.539802358356783e-6
0.003021560528330363	3.539802971996598e-6
0.0030440678434349457	3.5398035948117965e-6
0.003066742813374994	3.5398042269395656e-6
0.0030895866869953205	3.539804868519144e-6
0.0031126007224432754	3.5398055196918487e-6
0.0031357861872380165	3.5398061806011134e-6
0.0031591443583403388	3.5398068513925108e-6
0.003182676522222997	3.539807532213799e-6
0.003206383974941551	3.539808223214931e-6
0.0032302680222057543	3.5398089245481143e-6
0.003254329979451475	3.539809636367827e-6
0.003278571171913136	3.5398103588308547e-6
0.0033029929346966988	3.5398110920963318e-6
0.0033275966128532	3.5398118363257694e-6
0.0033523835614528413	3.539812591683086e-6
0.003377355145659611	3.539813358334664e-6
0.003402512740806467	3.5398141364493637e-6
0.0034278577324710906	3.539814926198573e-6
0.0034533915165522056	3.53981572775624e-6
0.003479115499346452	3.539816541298915e-6
0.0035050310976258276	3.5398173670057873e-6
0.003531139738715745	3.5398182050587276e-6
0.00355744286057361	3.539819055642315e-6
0.0035839419118680526	3.5398199189439013e-6
0.003610638352058681	3.5398207951536316e-6
0.003637533651476493	3.539821684464497e-6
0.0036646292914048265	3.5398225870723674e-6
0.0036919267641609688	3.539823503176047e-6
0.0037194275731783346	3.539824432977311e-6
0.003747133233089264	3.539825376680947e-6
0.0037750452698084485	3.539826334494809e-6
0.0038031652206169777	3.539827306629854e-6
0.0038314946342470025	3.5398282933001957e-6
0.0038600350709670243	3.5398292947231427e-6
0.003888788102667833	3.539830311119264e-6
0.003917755312949092	3.5398313427124123e-6
0.003946938297206546	3.5398323897297926e-6
0.003976338662719884	3.5398334524020097e-6
0.004005958028741263	3.539834530963105e-6
0.004035798026584509	3.5398356256506335e-6
0.004065860299714942	3.539836736705685e-6
0.004096146503839894	3.5398378643729652e-6
0.0041266583069998995	3.5398390089008327e-6
0.004157397389660578	3.5398401705413593e-6
0.004188365444805176	3.539841349550382e-6
0.004219564178027795	3.53984254618757e-6
0.004250995307627364	3.5398437607164627e-6
0.004282660564702238	3.5398449934045485e-6
0.0043145616932455735	3.539846244523309e-6
0.0043467004502413505	3.5398475143482857e-6
0.004379078605761169	3.539848803159137e-6
0.004411697943061709	3.5398501112397008e-6
0.004444560258682972	3.539851438878063e-6
0.0044776673625472	3.539852786366608e-6
0.004511021078058588	3.5398541540020982e-6
0.004544623242203677	3.5398555420857253e-6
0.004578475705652559	3.539856950923185e-6
0.00461258033286079	3.539858380824744e-6
0.004646939002172068	3.5398598321053037e-6
0.004681553605921693	3.539861305084475e-6
0.004716426050540798	3.539862800086646e-6
0.004751558256661341	3.5398643174410465e-6
0.004786952159221873	3.539865857481837e-6
0.004822609707574116	3.5398674205481677e-6
0.004858532865590338	3.539869006984256e-6
0.004894723611771502	3.5398706171394667e-6
0.004931183939356226	3.5398722513683865e-6
0.004967915856430572	3.5398739100309e-6
0.005004921386038653	3.5398755934922715e-6
0.005042202566294042	3.539877302123227e-6
0.005079761450492011	3.539879036300027e-6
0.005117600107222654	3.5398807964045616e-6
0.005155720620484771	3.539882582824425e-6
0.005194125089800692	3.5398843959530044e-6
0.005232815630331867	3.539886236189568e-6
0.005271794372995401	3.539888103939355e-6
0.005311063464581376	3.539889999613648e-6
0.005350625067871131	3.539891923629891e-6
0.0053904813617563305	3.5398938764117597e-6
0.00543063454135902	3.539895858389259e-6
0.0054710868181524755	3.5398978699988233e-6
0.005511840420083048	3.5398999116834133e-6
0.005552897591692823	3.5399019838926057e-6
0.005594260594243293	3.5399040870826906e-6
0.005635931705839843	3.539906221716785e-6
0.005677913221557271	3.5399083882649275e-6
0.005720207453566147	3.5399105872041753e-6
0.005762816731260199	3.539912819018714e-6
0.005805743401384562	3.5399150841999725e-6
0.005848989828165071	3.5399173832467193e-6
0.005892558393438451	3.5399197166651705e-6
0.005936451496783489	3.5399220849691207e-6
0.005980671555653205	3.5399244886800278e-6
0.006025221005508006	3.5399269283271513e-6
0.006070102299949814	3.5399294044476558e-6
0.006115317910857174	3.539931917586733e-6
0.006160870328521445	3.5399344682977235e-6
0.006206762061783902	3.539937057142236e-6
0.006252995638173965	3.5399396846902668e-6
0.0062995736040483506	3.539942351520338e-6
0.006346498524731371	3.5399450582196047e-6
0.006393772984656167	3.539947805384007e-6
0.0064413995875071	3.539950593618384e-6
0.0064893809563631	3.5399534235366086e-6
0.00653771973384219	3.5399562957617363e-6
0.006586418582246973	3.5399592109261247e-6
0.006635480183711315	3.5399621696715797e-6
0.006684907240348017	3.5399651726495035e-6
0.006734702474397682	3.539968220521018e-6
0.006784868628378599	3.539971313957141e-6
0.006835408465237839	3.539974453638902e-6
0.006886324768503375	3.5399776402575084e-6
0.006937620342437439	3.539980874514503e-6
0.006989298012190917	3.539984157121899e-6
0.007041360623958996	3.539987488802356e-6
0.007093811045137896	3.5399908702893224e-6
0.007146652164482786	3.5399943023272155e-6
0.0071998868922668905	3.539997785671563e-6
0.007253518160441799	3.540001321089186e-6
0.007307548922798929	3.540004909358362e-6
0.007361982155132188	3.540008551268994e-6
0.007416820855401891	3.5400122476227895e-6
0.007472068043899887	3.540015999233422e-6
0.007527726763415889	3.540019806926737e-6
0.007583800079405043	3.5400236715409025e-6
0.00764029108015678	3.5400275939266206e-6
0.007697202876964917	3.540031574947289e-6
0.007754538604298998	3.5400356154792115e-6
0.007812301419976921	3.5400397164117813e-6
0.007870494505338861	3.5400438786476784e-6
0.007929121065422514	3.5400481031030607e-6
0.007988184329139586	3.5400523907077787e-6
0.008047687549453621	3.5400567424055723e-6
0.008107634003559207	3.5400611591542706e-6
0.008168026993062407	3.5400656419260217e-6
0.008228869844162654	3.5400701917074844e-6
0.00829016590783593	3.5400748095000605e-6
0.008351918560019291	3.5400794963201094e-6
0.008414131201796831	3.540084253199172e-6
0.008476807259587004	3.540089081184192e-6
0.008539950185331336	3.5400939813377547e-6
0.0086035634566845	3.540098954738315e-6
0.00866765057720593	3.5401040024804347e-6
0.008732215076552693	3.5401091256750253e-6
0.008797260510673977	3.5401143254495885e-6
0.008862790462006859	3.5401196029484642e-6
0.008928808539673675	3.5401249593330853e-6
0.008995318379680744	3.540130395782233e-6
0.009062323645118674	3.5401359134922824e-6
0.009129828026364051	3.5401415136774878e-6
0.009197835241282763	3.5401471975702346e-6
0.00926634903543468	3.540152966421306e-6
0.009335373182280036	3.5401588215001704e-6
0.009404911483387162	3.540164764095248e-6
0.009474967768641955	3.540170795514207e-6
0.009545545896458719	3.540176917084238e-6
0.00961664975399276	3.540183130152348e-6
0.00968828325735439	3.5401894360856645e-6
0.009760450351824695	3.5401958362717245e-6
0.009833155012072737	3.5402023321187858e-6
0.009906401242374541	3.5402089250561342e-6
0.009980193076833602	3.540215616534396e-6
0.010054534579603036	3.5402224080258535e-6
0.01012942984510947	3.5402293010247824e-6
0.010204882998278517	3.5402362970477594e-6
0.010280898194761969	3.5402433976340094e-6
0.010357479621166663	3.540250604345734e-6
0.010434631495285075	3.5402579187684637e-6
0.010512358066327613	3.5402653425114e-6
0.010590663615156648	3.540272877207763e-6
0.01066955245452228	3.5402805245151645e-6
0.010749028929299874	3.540288286115958e-6
0.010829097416729357	3.540296163717613e-6
0.0109097623266563	3.540304159053088e-6
0.01099102810177478	3.5403122738812113e-6
0.01107289921787209	3.5403205099870695e-6
0.011155380184075228	3.5403288691823986e-6
0.011238475543099247	3.540337353305968e-6
0.011322189871497452	3.5403459642240124e-6
0.011406527779913451	3.5403547038306057e-6
0.0114914939133351	3.5403635740481015e-6
0.011577092951350324	3.5403725768275517e-6
0.011663329608404846	3.540381714149119e-6
0.011750208634061846	3.5403909880225285e-6
0.01183773481326355	3.540400400487503e-6
0.011925912966594754	3.5404099536142005e-6
0.012014747950548334	3.540419649503686e-6
0.012104244657792711	3.54042949028837e-6
0.01219440801744133	3.540439478132495e-6
0.012285242995324122	3.5404496152325987e-6
0.012376754594261024	3.5404599038180044e-6
0.01246894785433749	3.5404703461512987e-6
0.012561827853182089	3.540480944528831e-6
0.012655399706246155	3.540491701281224e-6
0.012749668567085537	3.5405026187738758e-6
0.012844639627644426	3.5405136994074763e-6
0.012940318118541303	3.540524945618547e-6
0.013036709309357027	3.5405363598799572e-6
0.013133818508925074	3.5405479447014768e-6
0.013231651065623894	3.540559702630317e-6
0.013330212367671505	3.5405716362517065e-6
0.013429507843422242	3.5405837481894334e-6
0.013529542961665732	3.5405960411064347e-6
0.013630323231928095	3.5406085177053793e-6
0.01373185420477538	3.540621180729253e-6
0.013834141472119275	3.5406340329619645e-6
0.013937190667525082	3.5406470772289496e-6
0.014041007466521989	3.5406603163977966e-6
0.014145597586915658	3.5406737533788726e-6
0.01425096678910314	3.54068739112595e-6
0.014357120876390132	3.5407012326368706e-6
0.014464065695310599	3.5407152809541875e-6
0.014571807135948776	3.5407295391658376e-6
0.014680351132263573	3.5407440104058105e-6
0.014789703662415393	3.540758697854848e-6
0.014899870749095384	3.5407736047411263e-6
0.01501085845985714	3.5407887343409655e-6
0.015122672907450884	3.5408040899795554e-6
0.015235320250160129	3.540819675031666e-6
0.015348806692140851	3.5408354929224007e-6
0.015463138483763196	3.5408515471279417e-6
0.01557832192195571	3.540867841176305e-6
0.015694363350552163	3.5408843786481184e-6
0.015811269160640937	3.540901163177402e-6
0.01592904579091701	3.540918198452356e-6
0.01604769972803659	3.54093548821618e-6
0.01616723750697437	3.5409530362678834e-6
0.01628766571138343	3.540970846463117e-6
0.01640899097395787	3.5409889227150202e-6
0.01653121997679808	3.5410072689950614e-6
0.016654359451778775	3.5410258893339303e-6
0.016778416180919766	3.5410447878223974e-6
0.016903396996759485	3.541063968612214e-6
0.01702930878273128	3.541083435917032e-6
0.017156158473542533	3.541103194013303e-6
0.01728395305555661	3.54112324724123e-6
0.017412699567177604	3.541143600005707e-6
0.01754240509923805	3.5411642567772823e-6
0.017673076795389372	3.54118522209314e-6
0.01780472185249539	3.54120650055808e-6
0.017937347521028674	3.5412280968455396e-6
0.01807096110546986	3.5412500156985984e-6
0.01820556996470997	3.5412722619310226e-6
0.0183411815124557	3.5412948404283185e-6
0.01847780321763773	3.5413177561487863e-6
0.0186154426048221	3.5413410141246216e-6
0.01875410725462462	3.5413646194629943e-6
0.018893804804128368	3.5413885773471743e-6
0.01903454294730434	3.5414128930376677e-6
0.01917632943543518	3.5414375718733487e-6
0.019319172077542086	3.541462619272641e-6
0.01946307874081492	3.541488040734686e-6
0.019608057351045486	3.5415138418405587e-6
0.01975411589306404	3.5415400282544693e-6
0.019901262411179083	3.541566605725005e-6
0.020049505009620404	3.541593580086394e-6
0.020198851852985422	3.541620957259757e-6
0.020349311166688852	3.5416487432544135e-6
0.020500891237415733	3.5416769441691954e-6
0.020653600413577857	3.54170556619376e-6
0.020807447105773508	3.5417346156099605e-6
0.02096243978725072	3.541764098793196e-6
0.021118586994373932	3.541794022213816e-6
0.021275897327094156	3.5418243924385218e-6
0.021434379449422614	3.5418552161317997e-6
0.021594042089907915	3.541886500057378e-6
0.021754894042116786	3.541918251079697e-6
0.021916944165118406	3.541950476165404e-6
0.022080201383972292	3.5419831823848692e-6
0.022244674690219894	3.542016376913734e-6
0.022410373142379782	3.5420500670344698e-6
0.022577305866446563	3.54208426013796e-6
0.022745482056393512	3.542118963725116e-6
0.022914910974678928	3.542154185408507e-6
0.023085601952756267	3.5421899329140164e-6
0.0232575643915881	3.5422262140825325e-6
0.023430807762163865	3.5422630368716453e-6
0.023605341606021485	3.5423004093573844e-6
0.023781175535772896	3.542338339735976e-6
0.02395831923563346	3.542376836325623e-6
0.02413678246195532	3.5424159075683248e-6
0.024316575043764766	3.542455562031707e-6
0.02449770688330356	3.5424958084108813e-6
0.02468018795657431	3.542536655530351e-6
0.024864028313889903	3.5425781123459164e-6
0.025049238080427083	3.5426201879466383e-6
0.02523582745678403	3.542662891556798e-6
0.025423806719542207	3.5427062325379173e-6
0.025613186221832365	3.542750220390789e-6
0.025803976393904717	3.5427948647575356e-6
0.025996187743703422	3.5428401754237248e-6
0.026189830857445306	3.5428861623204774e-6
0.026384916400202914	3.5429328355266328e-6
0.026581455116491886	3.542980205270955e-6
0.026779457830862743	3.5430282819343267e-6
0.026978935448497034	3.543077076052026e-6
0.027179898955807972	3.543126598316017e-6
0.027382359421045506	3.543176859577257e-6
0.02758632799490592	3.5432278708480764e-6
0.027791815911145958	3.5432796428151473e-6
0.02799883448720156	3.543332187799099e-6
0.028207395124811147	3.5433855168218593e-6
0.028417509310643612	3.5434396415654774e-6
0.02862918861693093	3.543494573885687e-6
0.028842444702105535	3.5435503258144725e-6
0.029057289311442403	3.543606909562693e-6
0.02927373427770594	3.543664337522728e-6
0.029491791521801685	3.543722622271167e-6
0.029711473053432854	3.5437817765715412e-6
0.029932790971761797	3.543841813377093e-6
0.030155757466076367	3.5439027458335865e-6
0.030380384816461253	3.5439645872821647e-6
0.030606685394474316	3.544027351262245e-6
0.030834671663827976	3.544091051514445e-6
0.031064356181075645	3.544155701983578e-6
0.03129575159630331	3.5442213168216767e-6
0.031528870653826216	3.544287910391054e-6
0.031763726192890814	3.5443554972674237e-6
0.03200033114838187	3.5444240922430705e-6
0.032238698551534856	3.5444937103300396e-6
0.03247884153065366	3.544564366763411e-6
0.032720773311833706	3.5446360770045886e-6
0.03296450721969028	3.544708856744663e-6
0.03321005667809245	3.5447827219078116e-6
0.033457435210902435	3.544857688654743e-6
0.03370665644272039	3.5449337733862116e-6
0.033957734099634804	3.5450109927465647e-6
0.0342106820099785	3.5450893636273497e-6
0.03446551410509023	3.545168903170987e-6
0.03472224442008194	3.5452496287744727e-6
0.034980887094611786	3.545331558093149e-6
0.03524145637366289	3.545414709044536e-6
0.035503966608327865	3.5454990998122114e-6
0.0357684322565993	3.5455847488497525e-6
0.03603486788416593	3.545671674884727e-6
0.03630328816521493	3.545759896922758e-6
0.036573707883240075	3.5458494342516374e-6
0.036846141931856	3.5459403064455064e-6
0.03712060531561842	3.5460325333690944e-6
0.03739711315085057	3.5461261351820166e-6
0.03767568066647571	3.5462211323431475e-6
0.03795632320485592	3.546317545615045e-6
0.03823905622263703	3.546415396068458e-6
0.038523895291599976	3.546514705086872e-6
0.038810856099518384	3.5466154943711535e-6
0.03909995445102261	3.5467177859442443e-6
0.039391206268470175	3.546821602155931e-6
0.03968462759282274	3.5469269656876825e-6
0.03998023458452954	3.5470338995575598e-6
0.040278043524417446	3.5471424271252035e-6
0.040578070814587655	3.5472525720968856e-6
0.04088033297931905	3.547364358530649e-6
0.04118484666597827	3.547477810237526e-6
0.04149162864593661	3.547592953198918e-6
0.041800695815493706	3.5477098119595385e-6
0.04211206519680809	3.5478284120373646e-6
0.04242575393883475	3.5479487793289478e-6
0.04274177931826958	3.54807094011505e-6
0.04306015874050094	3.5481949210663158e-6
0.04338090974056825	3.5483207492490473e-6
0.04370404998412777	3.548448452131069e-6
0.04402959726842553	3.548578057587668e-6
0.04435756952327756	3.548709593907639e-6
0.04468798481205736	3.548843089799389e-6
0.045020861332690766	3.5489785743971765e-6
0.04535621741865824	3.549116077267394e-6
0.04569407154000456	3.5492556284149924e-6
0.04603444230435611	3.549397258289961e-6
0.04637734845794572	3.5495409977939223e-6
0.04672280888664509	3.549686878286835e-6
0.04707084261700497	3.549834931593766e-6
0.04742146881730305	3.5499851900117998e-6
0.04777470679859977	3.550137686317017e-6
0.048130576015801715	3.550292453771604e-6
0.04848909606873324	3.5504495261310506e-6
0.04885028670321591	3.550608937651465e-6
0.04921416781215603	3.5507707230969918e-6
0.049580759436640275	3.5509349177473402e-6
0.049950081767039425	3.5511015574054368e-6
0.05032215514412042	3.5512706784051705e-6
0.050697000060166614	3.5514423176192748e-6
0.05107463716010643	3.5516165124673155e-6
0.05145508724265038	3.5517933009238007e-6
0.051838371261436575	3.551972721526411e-6
0.05222451032618478	3.5521548133843572e-6
0.05261352570385904	3.552339616186856e-6
0.05300543881983896	3.5525271702117374e-6
0.05340027125909978	3.5527175163341828e-6
0.053798044767401125	3.552910696035589e-6
0.05419878125248472	3.553106751412563e-6
0.05460250278528095	3.5533057251860616e-6
0.05500923160112444	3.5535076607106634e-6
0.05541899010097873	3.5537126019839726e-6
0.05583180085266994	3.55392059307678e-6
0.056247686592129816	3.5541316804585334e-6
0.05666667022464785	3.5543459095361918e-6
0.05708877482613286	3.5545633269764367e-6
0.057514023644383884	3.5547839801381927e-6
0.057942440100370605	3.5550079170829267e-6
0.058374047789523265	3.555235186585081e-6
0.05880887048303219	3.5554658381426912e-6
0.05924693212915705	3.5556999219881433e-6
0.05968825685454579	3.555937489099102e-6
0.06013286896556346	3.5561785912096096e-6
0.06058079294963089	3.5564232808213354e-6
0.06103205347657335	3.5566716112150106e-6
0.06148667539997931	3.5569236364620425e-6
0.061944683758569215	3.557179411436274e-6
0.062406103777574544	3.557438991825962e-6
0.06287096087012711	3.5577024341458963e-6
0.06333928063865873	3.5579697957497464e-6
0.06381108887631122	3.5582411348425594e-6
0.06428641156835717	3.5585165104934597e-6
0.06476527489363086	3.5587959826485517e-6
0.06524770522597022	3.5590796121440122e-6
0.06573372913566942	3.5593674607193778e-6
0.0662233733909422	3.5596595910310366e-6
0.0667166649593961	3.5599560666659406e-6
0.06721363100951784	3.5602569521555023e-6
0.06771429891216958	3.560562312989732e-6
0.06821869624209645	3.5608722156315636e-6
0.06872685077944514	3.561186727531429e-6
0.06923879051129406	3.5615059171420266e-6
0.06975454363319465	3.5618298539333483e-6
0.07027413855072434	3.5621586084079067e-6
0.07079760388105097	3.5624922521162244e-6
0.07132496845450893	3.562830857672538e-6
0.07185626131618698	3.563174498770764e-6
0.07239151172752804	3.5635232502007037e-6
0.07293074916794068	3.563877187864494e-6
0.0734740033364227	3.564236388793321e-6
0.07402130415319699	3.5646009311643894e-6
0.07457268176135926	3.564970894318156e-6
0.07512816652853824	3.565346358775828e-6
0.07568778904856825	3.565727406257148e-6
0.07625158014317418	3.5661141196984275e-6
0.07681957086366895	3.566506583270894e-6
0.07739179249266373	3.566904882399301e-6
0.0779682765457909	3.5673091037808503e-6
0.07854905477343978	3.567719335404384e-6
0.07913415916250524	3.5681356665699077e-6
0.07972362193814952	3.568558187908395e-6
0.080317475565577	3.5689869914019196e-6
0.08091575275182225	3.569422170404105e-6
0.08151848644755141	3.5698638196608776e-6
0.08212570984887697	3.5703120353315754e-6
0.0827374563991861	3.5707669150103754e-6
0.08335375979098256	3.5712285577480613e-6
0.08397465396774233	3.571697064074135e-6
0.08460017312578308	3.5721725360192935e-6
0.08523035171614764	3.5726550771382477e-6
0.08586522444650127	3.5731447925329137e-6
0.08650482628304339	3.5736417888759773e-6
0.08714919245243323	3.574146174434827e-6
0.08779835844373006	3.57465805909588e-6
0.08845236001034777	3.5751775543892965e-6
0.08911123317202396	3.5757047735140878e-6
0.08977501421680387	3.5762399034119195e-6
0.09044373970303884	3.576782919987037e-6
0.09111744646139994	3.5773340089006105e-6
0.09179617159690634	3.57789321215768e-6
0.09247995249096896	3.578460808643898e-6
0.09316882680344928	3.579036843960426e-6
0.09386283247473345	3.5796214451211843e-6
0.09456200772782196	3.5802147389346567e-6
0.09526639107043476	3.580816854818909e-6
0.0959760212971321	3.581427924135511e-6
0.09669093749145119	3.5820480802195506e-6
0.09741117902805886	3.5826774584101196e-6
0.09813678557491996	3.583316196081309e-6
0.09886779709548224	3.5839644326737254e-6
0.09960425385087736	3.584622309726505e-6
0.10034619640213832	3.58528997090991e-6
0.1010936656124332	3.5859675620584105e-6
0.10184670264931625	3.5866552312043626e-6
0.10260534898699447	3.5873531286122244e-6
0.1033696464086127	3.5880614068133714e-6
0.10413963700855396	3.588780220641465e-6
0.10491536319475878	3.5895097272684573e-6
0.1056968676910599	3.590250086241166e-6
0.10648419353953627	3.591001459518504e-6
0.1072773841028827	3.591764011509311e-6
0.10807648306679904	3.5925379091108585e-6
0.10888153444239523	3.5933233217479896e-6
0.10969258256861628	3.5941204214129416e-6
0.11050967211468324	3.594929382705859e-6
0.1113328480825543	3.5957503828759762e-6
0.11216215580940286	3.5965836018635515e-6
0.11299764097011435	3.59742922234249e-6
0.11383934957980239	3.598287429763733e-6
0.11468732799634239	3.599158412399391e-6
0.1155416229229256	3.6000423613876396e-6
0.11640228141063033	3.60093947077843e-6
0.11726935086101445	3.601849937579967e-6
0.11814287902872493	3.6027739618060234e-6
0.11902291402412905	3.6037117465240973e-6
0.11990950431596312	3.6046634979044046e-6
0.12080269873400293	3.6056294252697547e-6
0.12170254647175208	3.6066097411463122e-6
0.12260909708915235	3.607604660602827e-6
0.12352240051531235	3.60861440418336e-6
0.12444250705125828	3.609639193595301e-6
0.12536946737270338	3.6106792547042502e-6
0.12630333253283993	3.611734816846963e-6
0.12724415396515007	3.612806112887841e-6
0.1281919834862395	3.6138933792764665e-6
0.12914687329869035	3.6149968561061838e-6
0.1301088759939373	3.6161167871737417e-6
0.13107804455516311	3.6172534200400537e-6
0.1320544323602177	3.6184070060920616e-6
0.13303809318455687	3.6195778006057535e-6
0.13402908120420534	3.620766062810348e-6
0.1350274509987392	3.6219720559536754e-6
0.1360332575542931	3.623196047368783e-6
0.1370465562665877	3.6244383082354015e-6
0.13806740294398157	3.625699114871923e-6
0.1390958538105438	3.6269787469757192e-6
0.1401319655091518	3.628277488912153e-6
0.1411757951046098	3.6295956294841294e-6
0.14222740008679288	3.6309334620066355e-6
0.14328683837381204	3.6322912843826904e-6
0.14435416831520537	3.633669399180778e-6
0.1454294486951505	3.6350681137137565e-6
0.1465127387357034	3.6364877401193044e-6
0.14760409810005876	3.6379285954419234e-6
0.1487035868958374	3.6393910017165443e-6
0.1498112656783954	3.6408752860537795e-6
0.1509271954541604	3.642381780726831e-6
0.15205143768399096	3.6439108232601297e-6
0.1531840542865614	3.6454627565197175e-6
0.15432510764177276	3.647037928805438e-6
0.15547466059418752	3.648636693944957e-6
0.1566327764564918	3.650259411389667e-6
0.1577995190129813	3.6519064463125217e-6
0.15897495252307545	3.6535781697078493e-6
0.16015914172485526	3.6552749584931667e-6
0.16135215183863022	3.6569971956131053e-6
0.16255404857052896	3.658745270145402e-6
0.1637648981161195	3.660519577409124e-6
0.16498476716405353	3.6623205190750692e-6
0.1662137228997407	3.66414850327847e-6
0.16745183300904834	3.6660039447340473e-6
0.16869916568202883	3.6678872645764123e-6
0.16995578961667618	3.66979889159027e-6
0.17122177402270922	3.6717392606640485e-6
0.17249718862538285	3.673708814029575e-6
0.17378210366932936	3.6757080011105064e-6
0.17507658992242595	3.677737277474186e-6
0.17638071867969357	3.6797971096541084e-6
0.17769456176722234	3.6818879682894225e-6
0.17901819154612872	3.684010332902668e-6
0.1803516809165395	3.6861646908884444e-6
0.1816951033216082	3.6883515376583724e-6
0.18304853275155875	3.6905713767892435e-6
0.18441204374776174	3.6928247201743756e-6
0.18578571140683872	3.69511208817831e-6
0.18716961138479946	3.697434009794922e-6
0.1885638199012073	3.6997910228090185e-6
0.18996841374337864	3.7021836739615436e-6
0.1913834702706105	3.704612519118458e-6
0.1928090674184426	3.7070781234434167e-6
0.19424528370294825	3.709581061574332e-6
0.19569219822506037	3.712121917803931e-6
0.19714989067492622	3.7147012862643937e-6
0.19861844133629827	3.717319771116245e-6
0.20009793109095408	3.719977986741521e-6
0.20158844142315266	3.7226765579414207e-6
0.20309005442412068	3.7254161201385017e-6
0.20460285279657525	3.7281973195835712e-6
0.20612691985927736	3.7310208135673998e-6
0.20766233955162225	3.733887270637387e-6
0.20920919643826086	3.736797370819322e-6
0.21076757571375895	3.7397518058443764e-6
0.21233756320728764	3.742751279381478e-6
0.21391924538735213	3.7457965072752196e-6
0.21551270936655237	3.7488882177894565e-6
0.21711804290638265	3.752027151856748e-6
0.2187353344220633	3.755214063333835e-6
0.2203646729874121	3.758449719263284e-6
0.22200614833974824	3.761734900141513e-6
0.2236598508848365	3.7650704001933674e-6
0.22532587170186466	3.7684570276534356e-6
0.22700430254846135	3.771895605054295e-6
0.22869523586574894	3.775386969521911e-6
0.23039876478343427	3.7789319730783736e-6
0.23211498312493928	3.782531482952205e-6
0.2338439854125667	3.786186381896446e-6
0.2355858668727078	3.7898975685147754e-6
0.23734072344108517	3.7936659575958824e-6
0.23910865176803836	3.7974924804563393e-6
0.24088974922384507	3.8013780852922397e-6
0.24268411390408587	3.8053237375398546e-6
0.24449184463504492	3.809330420245604e-6
0.24631304097915496	3.8133991344455802e-6
0.24814780324047866	3.817530899554974e-6
0.2499962324702351	3.821726753767644e-6
0.2518584304723633	3.825987754466209e-6
0.2537344998091309	3.830314978642919e-6
0.2556245438067812	3.834709070282446e-6
0.2575286665612257	3.839172060587264e-6
0.25944697294377544	3.843704627279538e-6
0.2613795686069188	3.8483079302278364e-6
0.2633265599901385	3.852983151189132e-6
0.26528805432577557	3.857731910012896e-6
0.2672641596449337	3.862554595210028e-6
0.2692549847834309	3.867452880121483e-6
0.2712606393877916	3.8724280391257295e-6
0.27328123392128784	3.877481371094339e-6
0.275316879670021	3.882614199956785e-6
0.277367688749053	3.8878278752809344e-6
0.2794337741085789	3.893123773986479e-6
0.2815152495401503	3.898503296531569e-6
0.2836122296829398	3.903967874123438e-6
0.28572483003005755	3.909518965021501e-6
0.28785316693490964	3.915158056280658e-6
0.28999735761760864	3.9208866644375975e-6
0.2921575201714273	3.9267063362168745e-6
0.29433377356930523	3.932618649257377e-6
0.2965262376703987	3.938625212859884e-6
0.2987350332266846	3.944727668756437e-6
0.30096028188960855	3.950927691699434e-6
0.3032021062167871	3.957226991084435e-6
0.3054606296787567	3.963627310583935e-6
0.30773597666577307	3.970130429811385e-6
0.31002827249466425	3.976738165012429e-6
0.3123376434157302	3.983452369981717e-6
0.3146642166196985	3.990274937007385e-6
0.3170081202447269	3.997207797844141e-6
0.3193694833834634	4.004252924715976e-6
0.32174843609015347	4.0114123313495495e-6
0.3241451093878055	4.018688074039328e-6
0.32655963527540444	4.026082252745641e-6
0.32899214673518434	4.0335970122267986e-6
0.3314427777399498	4.041234543206511e-6
0.33391166326045746	4.048997083577935e-6
0.33639893927284675	4.056886919645572e-6
0.3389047427661318	4.064906387406546e-6
0.34142921174974333	4.073057873872566e-6
0.34397248526113255	4.0813438184341846e-6
0.34653470337342596	4.089766714268847e-6
0.3491160072031426	4.0983291097944236e-6
0.3517165389179638	4.1070336101698635e-6
0.3543364417445655	4.1158828788448025e-6
0.3569758599765042	4.124879639159931e-6
0.3596349389821667	4.134026676000081e-6
0.36231382521277344	4.143326837502022e-6
0.36501266621044753	4.152783036819091e-6
0.3677316106163377	4.162398253944795e-6
0.37047080817880795	4.172175517999965e-6
0.37323040976168187	4.182117987486695e-6
0.3760105673525549	4.192228836831991e-6
0.3788114340711618	4.202511320506541e-6
0.38163316417781334	4.212968801668881e-6
0.3844759130818889	4.223604701031315e-6
0.38733983735039895	4.234422509640593e-6
0.3902250947166052	4.245425834104014e-6
0.3931318440887108	4.256618325837932e-6
0.39606024555860947	4.268003759807455e-6
0.3990104604107055	4.279585990988146e-6
0.40198265113079373	4.29136896862502e-6
0.4049769814150118	4.303356739073303e-6
0.40799361617885255	4.3155534487414684e-6
0.41103272156624976	4.32796334714074e-6
0.41409446495872754	4.340590790045546e-6
0.41717901498461757	4.353440242769598e-6
0.42028654152834916	4.366516283562488e-6
0.42341721573980445	4.379823607131908e-6
0.4265712100437435	4.393367028296866e-6
0.4297486981493034	4.407151717677495e-6
0.4329498550595624	4.4211820461762925e-6
0.43617485708118164	4.435463907855143e-6
0.4394238818341119	4.450002405492042e-6
0.44269710826137987	4.464803014256437e-6
0.44599471663893975	4.479871354435158e-6
0.449316888585606	4.495213196176921e-6
0.4526638070730523	4.510834464421471e-6
0.4560356564358928	4.526741242863049e-6
0.4594326223818305	4.542939783889899e-6
0.46285489200188895	4.5594365072255745e-6
0.46630265378071456	4.5762380102587965e-6
0.4697760976069566	4.593351072891278e-6
0.4732754147837285	4.610782663943629e-6
0.47680079803914044	4.628539946921401e-6
0.4803524415369177	4.646630287829826e-6
0.48393054088709064	4.665061261482031e-6
0.48753529315677196	4.683840658988679e-6
0.4911668968810065	4.702976495373289e-6
0.49482555207370954	4.72247701724928e-6
0.4985114602386789	4.742350712108914e-6
0.502224824380697	4.762606317218503e-6
0.5059658490167073	4.7832528224386485e-6
0.5097347401870824	4.8042994900652685e-6
0.513531705466968	4.825755857484315e-6
0.5173569539777193	4.847631749144442e-6
0.5212106963984141	4.869937287202494e-6
0.5250931449774607	4.892682902637513e-6
0.5290045135442836	4.915879346856921e-6
0.532945017521104	4.939537703999393e-6
0.5369148739348006	4.963669402885653e-6
0.5409143014288668	4.988286231334574e-6
0.5449435202754481	5.013400349287848e-6
0.5490027523874784	5.0390243034656124e-6
0.5530922213308975	5.065171042509971e-6
0.557212152336969	5.091853875472689e-6
0.5613627723146799	5.1190867178562536e-6
0.5655443098632433	5.146883764830976e-6
0.5697569952846833	5.1752597387983e-6
0.5740010605965241	5.204229908067542e-6
0.5782767395445642	5.233809878844662e-6
0.5825842676157539	5.264015958468741e-6
0.5869238820511615	5.29486494900452e-6
0.5912958218590435	5.326374227409977e-6
0.5957003278280034	5.3585617697171315e-6
0.6001376425402586	5.391446176417718e-6
0.6046080103849958	5.425046699122996e-6
0.6091116775718356	5.459383268571683e-6
0.6136488921443882	5.49447652406472e-6
0.6182199039939187	5.530347844410981e-6
0.6228249648731085	5.567019380473454e-6
0.6274643284099183	5.6045140894115835e-6
0.6321382501215621	5.642855770722075e-6
0.6368469874285746	5.682069104417153e-6
0.6415907996689939	5.722179690062428e-6
0.6463699481126395	5.763214090322552e-6
0.6511846959755079	5.805199874400843e-6
0.6560353084342633	5.8481656651138874e-6
0.6609220526408482	5.892141188300037e-6
0.6658451977371919	5.937157324970686e-6
0.6708050148700385	5.983246166380596e-6
0.675801777205876	6.030441072205957e-6
0.6808357599459857	6.078776732033142e-6
0.6859072403415943	6.128289230375803e-6
0.6910164977091493	6.179016115454579e-6
0.6961638134456967	6.230996471991016e-6
0.7013494710443847	6.284270998286838e-6
0.7065737561100727	6.3388820878800074e-6
0.7118369563750655	6.394873916092185e-6
0.7171393617149558	6.452292531806136e-6
0.7224812641645947	6.511185954838847e-6
0.7278629579341699	6.571604279304751e-6
0.7332847394254156	6.633599783491524e-6
0.7387469072479314	6.69722704612893e-6
0.7442497622356338	6.762543071008779e-6
0.7497936074633196	6.829607414221877e-6
0.7553787482633638	6.898482341973174e-6
0.7610054922425299	6.969232954249179e-6
0.7666741492989179	7.041927361494378e-6
0.7723850316390256	7.116636850256767e-6
0.7781384537949508	7.193436064528903e-6
0.7839347326417074	7.2724031994051844e-6
0.789774187414684	7.353620207655163e-6
0.7956571397272197	7.43717302116633e-6
0.8015839135883245	7.52315178716729e-6
0.8075548354205163	7.61165112140407e-6
0.8135702340778073	7.702770379248365e-6
0.8196304408638075	7.79661394628209e-6
0.8257357895499792	7.893291549978526e-6
0.8318866163940156	7.992918594253232e-6
0.8380832601583592	8.095616518827929e-6
0.8443260621288649	8.20151318553891e-6
0.8506153661335895	8.310743293929194e-6
0.8569515185617358	8.423448828696254e-6
0.863334868382723	8.53977954182319e-6
0.8697657671654138	8.659893472508479e-6
0.8762445690974698	8.783957508327177e-6
0.8827716310048666	8.912147990551961e-6
0.8893473123715384	9.044651372985152e-6
0.8959719753591846	9.181664926014625e-6
0.9026459848272086	9.323397511265924e-6
0.9093697083528205	9.4700704012767e-6
0.916143516251274	9.62191820214904e-6
0.9229677815962694	9.779189822177971e-6
0.9298428802404934	9.942149331404129e-6
0.9367691908363275	0.000010111078181327459
0.9437470948566943	0.000010286274355153877
0.950776976616076	0.000010468055864670239
0.9578592232916722	0.0000106567612001728
0.9649942249447326	0.000010852751191942187
0.972182374542032	0.000011056410813227377
0.9794240679775209	0.000011268151158986239
0.9867197040941217	0.000011488411615481016
0.9940696847057039	0.000011717662244085314
1.0014744146192058	0.000011956406403526478
1.008934301656938	0.000012205183630217605
1.0164497566790365	0.000012464572856495202
1.024021193606099	0.000012735195881021751
1.0316490294419738	0.000013017721294046712
1.0393336842967356	0.000013312868781716094
1.0470755814098145	0.000013621413910965314
1.0548751471733133	0.000013944193445588462
1.0627328111554881	0.000014282111271172441
1.0706490061244092	0.00001463614498617191
1.0786241680717907	0.000015007353279767193
1.0866587362370124	0.000015396884179368806
1.0947531531313013	0.000015805984298314332
1.102907864562113	0.000016236009223129332
1.1111233196576755	0.000016688435204021916
1.1193999708917344	0.000017164872339254577
1.127738274108464	0.000017667079476038752
1.136138688547584	0.00001819698108870086
1.144601676869641	0.00001875668644035586
1.1531277051815005	0.000019348511388827455
1.1617172430620095	0.000019975003263054755
1.170370763587867	0.0000206389693152458
1.1790887433596702	0.000021343509349687843
1.1878716625281738	0.000022092053247022342
1.196720004820724	0.00002288840423324413
1.2056342575679113	0.000023736788949832613
1.2146149117303997	0.000024641915540459523
1.2236624619259773	0.000025609041287455657
1.2327774064567878	0.000026644051627505074
1.2419602473367846	0.00002775355279539752
1.2512114903193705	0.00002894498085610927
1.2605316449252602	0.000030226730532059418
1.2699212244705396	0.0000316083080520357
1.2793807460949336	0.0000331005132934901
1.2889107307902956	0.00003471565783096984
1.2985117034292935	0.000036467827235348556
1.3081841927943252	0.00003837319822056436
1.3179287316066344	0.00004045042418418594
1.3277458565556581	0.00004272110658111901
1.3376361083285775	0.000045210374749569886
1.3476000316401053	0.00004794760375992809
1.357638175262477	0.00005096730925683843
1.3677510920556852	0.000054310271247588586
1.3779393389979187	0.00005802495625803719
1.388203477216248	0.00006216933268276295
1.3985440720175204	0.00006681320876090652
1.4089616929195061	0.00007204127328840835
1.4194569136822517	0.00007795709217513655
1.4300303123396942	0.00008468842172707583
1.4406824712314836	0.00009239436095906164
1.4514139770350687	0.00010127511119855135
1.4622254207979957	0.00011158549399652547
1.4731173979704741	0.00012365398478409443
1.4840905084381588	0.00013791000638247044
1.4951453565552013	0.00015492387002788568
1.5062825511775233	0.00017546657207062047
1.5175027056963626	0.00020060165210650525
1.5288064380720425	0.00023183050351827507
1.540194370868021	0.0002713301257377906
1.5516671312851642	0.0003223576889507761
1.5632253511963046	0.000389971505313986
1.5748696671810283	0.00048238891485876225
1.586600720560748	0.0006137222231592725
1.598419157434012	0.0008099761639966468
1.6103256287121015	0.001123706026756954
1.6223207901548664	0.0016754999253722788
1.6344053024068559	0.0027989150125844985
1.6465798310336908	0.005750083683112478
1.6588450465587325	0.019558888904570186