# m4 (GeV) vs C_LNLell^mue (GeV^-1) at 1 sigma.
0.001	1.337464522132015e-7
0.0010046662159894234	1.337468976196808e-7
0.0010093542055505077	1.3374734939432497e-7
0.001014064070283439	1.3374780539037045e-7
0.0010187959122624952	1.337482656472326e-7
0.0010235498340382537	1.3374873020469408e-7
0.0010283259386398157	1.3374919910290883e-7
0.0010331243295770354	1.33749672382405e-7
0.00103794511084277	1.3375015008408867e-7
0.0010427883869151284	1.3375063224924713e-7
0.0010476542627597377	1.3375111891955312e-7
0.0010525428438320147	1.3375161188902663e-7
0.0010574542360794568	1.3375210763122834e-7
0.0010623885459439353	1.3375260800511828e-7
0.0010673458803639989	1.3375311305394907e-7
0.0010723263467771985	1.3375362282137695e-7
0.0010773300531224102	1.33754135350419e-7
0.0010823571078421774	1.3375465469897795e-7
0.0010874076198850566	1.3375517889953568e-7
0.0010924816987079849	1.3375570799740125e-7
0.0010975794542786496	1.337562420383064e-7
0.0011027009970778672	1.3375678106840985e-7
0.0011078464381019848	1.337573251343011e-7
0.0011130158888652821	1.3375787428300458e-7
0.0011182094614023885	1.337584285619835e-7
0.0011234272682707088	1.3375898801914415e-7
0.0011286694225528678	1.337595527028398e-7
0.001133936037859157	1.3376012266187524e-7
0.00113922722833	1.3376069981241338e-7
0.00114454310863842	1.3376128045938158e-7
0.0011498837939925327	1.337618665308842e-7
0.0011552494001380407	1.3376245807757342e-7
0.0011606400433607363	1.3376305492678636e-7
0.0011660558404890313	1.3376365765828175e-7
0.0011714969088964815	1.3376426602037958e-7
0.0011769633665043356	1.33764880065631e-7
0.0011824553317840835	1.3376549984707725e-7
0.0011879729237600333	1.3376612541825363e-7
0.0011935162620118843	1.3376675683319433e-7
0.0011990854666773221	1.337673941464372e-7
0.0012046806584546169	1.3376803741302784e-7
0.0012103019586052468	1.3376868668852514e-7
0.0012159494889565222	1.3376934202900538e-7
0.0012216233719042223	1.3377000349106743e-7
0.001227323730415255	1.3377067113183751e-7
0.0012330506880303173	1.3377134500897402e-7
0.0012388043688665751	1.3377202518067234e-7
0.0012445848976203478	1.337727117056703e-7
0.0012503923995698185	1.3377340464325275e-7
0.0012562270005777446	1.337741040532569e-7
0.0012620888270941872	1.3377480999607722e-7
0.0012679780061592466	1.3377552253267086e-7
0.001273894665405824	1.3377624172456294e-7
0.001279838933062383	1.337769676338514e-7
0.001285810937955725	1.3377770032321284e-7
0.0012918108095137896	1.3377843985590734e-7
0.0012978386777684526	1.3377918629578447e-7
0.001303894673358349	1.337799397072884e-7
0.0013099789275316978	1.3378070015546347e-7
0.0013160915721491537	1.3378146770595993e-7
0.0013222327396866613	1.3378224242503918e-7
0.0013284025632383275	1.3378302437958e-7
0.0013346011765193013	1.3378381363708375e-7
0.0013408287138686787	1.3378461026568053e-7
0.0013470853102524121	1.3378541433413499e-7
0.001353371101266229	1.3378622591185172e-7
0.001359686223138581	1.337870450688821e-7
0.0013660308127335888	1.3378787187592952e-7
0.0013724050075540127	1.337887064043557e-7
0.0013788089457442258	1.337895487261868e-7
0.0013852427660932174	1.3379039891411965e-7
0.001391706608037596	1.337912570415281e-7
0.001398200611664607	1.3379212318246896e-7
0.001404724917715178	1.337929974116883e-7
0.001411279667586962	1.3379387980462862e-7
0.0014178650033374056	1.3379477043743434e-7
0.0014244810676868223	1.3379566938695888e-7
0.0014311280040214933	1.3379657673077102e-7
0.0014378059563967698	1.3379749254716174e-7
0.001444515069540198	1.3379841691515083e-7
0.0014512554888546495	1.3379934991449347e-7
0.0014580273604214815	1.3380029162568735e-7
0.0014648308310036982	1.3380124212997948e-7
0.001471666048049128	1.3380220150937288e-7
0.0014785331596936261	1.33803169846634e-7
0.0014854323147642811	1.3380414722529975e-7
0.001492363662782642	1.3380513372968413e-7
0.0014993273539679526	1.3380612944488615e-7
0.0015063235392404177	1.3380713445679675e-7
0.001513352370224466	1.3380814885210616e-7
0.0015204139992520405	1.3380917271831133e-7
0.0015275085793658935	1.3381020614372345e-7
0.001534636264322912	1.3381124921747559e-7
0.0015417972085974459	1.338123020295302e-7
0.0015489915673846516	1.3381336467068673e-7
0.0015562194966038637	1.3381443723258956e-7
0.001563481152901969	1.3381551980773595e-7
0.0015707766936568037	1.3381661248948357e-7
0.0015781062769805586	1.3381771537205878e-7
0.0015854700617232145	1.3381882855056475e-7
0.001592868207475981	1.3381995212098913e-7
0.0016003008745747495	1.3382108618021297e-7
0.0016077682241035782	1.3382223082601838e-7
0.001615270417898177	1.3382338615709718e-7
0.0016228076185494176	1.338245522730593e-7
0.0016303799894068509	1.3382572927444124e-7
0.001637987694582257	1.3382691726271475e-7
0.0016456308989531954	1.338281163402955e-7
0.0016533097681665815	1.338293266105517e-7
0.0016610244686422703	1.3383054817781313e-7
0.001668775167576672	1.3383178114737984e-7
0.0016765620329463726	1.3383302562553144e-7
0.001684385233511767	1.3383428171953582e-7
0.0016922449388207283	1.3383554953765862e-7
0.001700141319212274	1.338368291891723e-7
0.0017080745458202635	1.338381207843658e-7
0.001716044790577097	1.3383942443455312e-7
0.0017240522262174543	1.3384074025208415e-7
0.0017320970262820312	1.3384206835035286e-7
0.0017401793651213027	1.3384340884380825e-7
0.0017482994178992961	1.338447618479631e-7
0.0017564573605973973	1.3384612747940448e-7
0.001764653370018159	1.338475058558035e-7
0.0017728876237891275	1.3384889709592534e-7
0.001781160300366703	1.3385030131963924e-7
0.0017894715790400001	1.338517186479292e-7
0.001797821639934737	1.3385314919765187e-7
0.0018062106640171316	1.3385459310253475e-7
0.0018146388330978352	1.3385605044415327e-7
0.0018231063298358669	1.338575214218562e-7
0.0018316133377425656	1.3385900612614952e-7
0.0018401600411855812	1.3386050468492512e-7
0.001848746625392859	1.3386201722726335e-7
0.0018573732764566617	1.3386354388344477e-7
0.0018660401813375912	1.3386508478496055e-7
0.001874747527868655	1.3386664006452433e-7
0.0018834955047593294	1.3386820985608305e-7
0.0018922843015996445	1.3386979429482873e-7
0.0019011141088643034	1.3387139351720945e-7
0.0019099851179168043	1.338730076609421e-7
0.0019188975210135883	1.3387463686502276e-7
0.0019278515113082086	1.338762812697396e-7
0.0019368472828555088	1.3387794101668414e-7
0.0019458850306158402	1.3387961624876412e-7
0.001954964950459281	1.3388130711021477e-7
0.001964087239169877	1.338830137466119e-7
0.0019732520944499136	1.3388473630488374e-7
0.0019824597149241986	1.338864749333238e-7
0.0019917103001443675	1.338882297816036e-7
0.0020010040505932004	1.3389000100078503e-7
0.002010341167688979	1.3389178874333347e-7
0.0020197218537898473	1.3389359316313098e-7
0.002029146312198189	1.3389541441548913e-7
0.002038614747165048	1.3389725265716224e-7
0.0020481273638945437	1.3389910804636091e-7
0.0020576843685483257	1.3390098074276553e-7
0.0020672859682500325	1.3390287090753975e-7
0.002076932371089791	1.339047749897748e-7
0.0020866237861287234	1.3390670071430241e-7
0.0020963604234034683	1.339086444025382e-7
0.0021061424939307475	1.3391060622167253e-7
0.002115970209711931	1.339125863404465e-7
0.0021258437837376348	1.3391458492916684e-7
0.002135763429992327	1.339166050309546e-7
0.002145729363458983	1.3391864092716672e-7
0.0021557418001237304	1.3392069581127956e-7
0.002165800956980538	1.3392276986006684e-7
0.002175907052035909	1.339248632519438e-7
0.002186060304313618	1.3392697616698267e-7
0.0021962609338594496	1.3392910878692784e-7
0.0022065091617459727	1.339312612952112e-7
0.002216805210077321	1.3393343387696799e-7
0.0022271493019940204	1.3393562671905252e-7
0.00223754166167782	1.33937840002788e-7
0.002247982514356542	1.339400740048823e-7
0.0022584720863089765	1.3394232876723614e-7
0.0022690106048697777	1.339446045548245e-7
0.0022795982984343947	1.3394690156333767e-7
0.002290235396464011	1.3394921999028293e-7
0.002300922129490535	1.3395156003500123e-7
0.002311658729121584	1.3395392189868387e-7
0.002322445428045501	1.339563057843901e-7
0.00233328246003641	1.3395871189706406e-7
0.002344170059959273	1.3396114044355237e-7
0.002355108463774985	1.3396359163262193e-7
0.0023660979085454777	1.3396606567497728e-7
0.002377138632438874	1.339685627832789e-7
0.0023882308747346357	1.3397108317216107e-7
0.0023993748758287595	1.3397362705825062e-7
0.0024105708772389723	1.3397619466018457e-7
0.002421819121609983	1.3397878619862952e-7
0.0024331198527187303	1.339814018963e-7
0.0024444733154796723	1.3398404197797766e-7
0.0024558797559500823	1.3398670667053035e-7
0.0024673394213353974	1.3398939620293107e-7
0.00247885255999457	1.3399211080627825e-7
0.0024904194214454395	1.339948507138148e-7
0.0025020402563701583	1.3399761607687268e-7
0.0025137153166206135	1.340004073010345e-7
0.0025254448552238895	1.3400322454221795e-7
0.002537229126387742	1.3400606804244553e-7
0.0025490683855061234	1.3400893804598545e-7
0.002560962889164708	1.3401183479937268e-7
0.002572912895146448	1.340147585514297e-7
0.002584918662437174	1.340177095532877e-7
0.002596980451231197	1.34020688132151e-7
0.0026090985229369544	1.340236942882151e-7
0.0026212731401826636	1.340267285693652e-7
0.0026335045668220295	1.340297911283566e-7
0.002645793067939954	1.34032882228189e-7
0.0026581389098582833	1.3403600213430232e-7
0.0026705423601415725	1.3403915111459892e-7
0.002683003687602897	1.3404232943946688e-7
0.002695523162309672	1.340455373818025e-7
0.0027081010555895044	1.34048775217034e-7
0.0027207376400360706	1.3405204319858313e-7
0.0027334331895150325	1.340553416559718e-7
0.002746187979169971	1.3405867084796618e-7
0.002759002285428336	1.34062031060358e-7
0.0027718763860074573	1.3406542258159034e-7
0.00278481055992055	1.3406884570278173e-7
0.002797805087482769	1.340723007177515e-7
0.002810860250317271	1.340757879230444e-7
0.0028239763313613357	1.3407930761795608e-7
0.00283715361487249	1.3408286010455853e-7
0.0028503923864346583	1.3408644568772572e-7
0.00286369293296437	1.340900646751595e-7
0.0028770555427169667	1.340937173774162e-7
0.002890480505292855	1.340974041079325e-7
0.0029039681116437687	1.341011251830526e-7
0.002917518654079096	1.3410488092205512e-7
0.0029311324262722037	1.3410867164717997e-7
0.0029448097232667924	1.3411249768365607e-7
0.002958550841483309	1.3411635935972914e-7
0.00297235607872536	1.341202570066893e-7
0.0029862257341861714	1.3412419095889979e-7
0.0030001601084550583	1.3412816155382492e-7
0.003014159503523961	1.341321691320594e-7
0.0030282242227939768	1.3413621403735679e-7
0.00304235457108194	1.3414029661665923e-7
0.003056550854627018	1.3414441722012686e-7
0.0030708133810973637	1.3414857624513413e-7
0.0030851424595967755	1.3415277396170482e-7
0.0030995384006713977	1.341570107725512e-7
0.003114001516316442	1.3416128638977278e-7
0.0031285321199829665	1.3416560248976342e-7
0.0031431305265846587	1.341699587840967e-7
0.0031577970525046525	1.3417435564631018e-7
0.0031725320156024035	1.341787934534061e-7
0.003187335735220565	1.341832725858837e-7
0.0032022085321919145	1.3418779342777128e-7
0.003217150728846296	1.3419235636665937e-7
0.0032321626490176237	1.341969617937337e-7
0.00324724461805089	1.3420161010380867e-7
0.0032623969628092077	1.3420630169536054e-7
0.0032776200116809142	1.3421103697056204e-7
0.003292914094586673	1.3421581633531648e-7
0.0033082795429866343	1.3422064019929223e-7
0.0033237166898876006	1.3422550892524015e-7
0.0033392258698502673	1.342304230314755e-7
0.003354807418996462	1.342353828888769e-7
0.0033704616750164194	1.3424038892252634e-7
0.0033861889771761196	1.342454415614495e-7
0.0034019896663246276	1.3425054123865204e-7
0.003417864084901488	1.342556883911566e-7
0.003433812576944131	1.3426088346004002e-7
0.0034498354880953506	1.342661268904714e-7
0.0034659331656107847	1.3427141913174987e-7
0.00348210595836643	1.3427676063734296e-7
0.003498354216866226	1.342821518649255e-7
0.0035146782932496336	1.3428759327641877e-7
0.003531078541299274	1.3429308533802987e-7
0.0035475553164485978	1.342986285202916e-7
0.003564108975789574	1.3430422329810297e-7
0.003580739878080454	1.3430987015076948e-7
0.0035974483837535186	1.3431556956204429e-7
0.0036142348549229146	1.3432132202016963e-7
0.003631099655392487	1.3432712801791858e-7
0.0036480431506636687	1.3433298805263738e-7
0.003665065707943405	1.3433890262628783e-7
0.003682167696152098	1.3434487224549025e-7
0.0036993494859316246	1.3435089742156714e-7
0.003716611449653344	1.3435697867058682e-7
0.00373395396142619	1.3436311645858858e-7
0.0037513773971047672	1.343693114205159e-7
0.0037688821342974988	1.3437556403250835e-7
0.00378646855237481	1.3438187483006422e-7
0.0038041370324773532	1.3438824435365262e-7
0.0038218879575242564	1.3439467314876068e-7
0.0038397217122214445	1.3440116176593956e-7
0.0038576386830699483	1.3440771076085222e-7
0.003875639258374307	1.3441432068204215e-7
0.00389372382825097	1.3442099211857946e-7
0.003911892784636753	1.3442772563102247e-7
0.0039301465212973384	1.344345217229052e-7
0.003948485433835793	1.3444138112123046e-7
0.003966909919701163	1.3444830434136627e-7
0.003985420378197078	1.3445529197611978e-7
0.0040040172104903946	1.344623446238042e-7
0.004022700819619912	1.344694628882905e-7
0.004041471610505088	1.344766473790594e-7
0.004060329989954831	1.3448389871125362e-7
0.004079276366676293	1.3449121750573103e-7
0.004098311151283755	1.344986043891179e-7
0.004117434756307511	1.345060599938633e-7
0.004136647596202801	1.3451358495829333e-7
0.004155950087358811	1.345211799266659e-7
0.004175342648107691	1.345288455492268e-7
0.004194825698733616	1.345365824822655e-7
0.004214399661481891	1.3454439138817167e-7
0.004234064960568118	1.3455227293549276e-7
0.004253822022187382	1.3456022779899134e-7
0.004273671274523474	1.345682566597035e-7
0.0042936131477581945	1.3457636020499786e-7
0.0043136480740806615	1.3458453912863485e-7
0.004333776487696686	1.3459279413082637e-7
0.0043539988248381635	1.3460112591829722e-7
0.004374315523772553	1.346095352043453e-7
0.0043947270248123685	1.3461802270890408e-7
0.004415233770324698	1.3462658915860448e-7
0.00443583620474083	1.3463523528683815e-7
0.004456534774565854	1.346439618338208e-7
0.004477329928388354	1.3465276954665637e-7
0.004498222116890128	1.3466165917940232e-7
0.004519211792855938	1.3467063149313426e-7
0.004540299411183358	1.346796872560127e-7
0.00456148542889259	1.3468882724334963e-7
0.004582770305136411	1.3469805223767542e-7
0.004604154501210093	1.3470736302880768e-7
0.004625638480561414	1.3471676041391914e-7
0.004647222708800707	1.3472624519760752e-7
0.004668907653710924	1.347358181919655e-7
0.0046906937852578155	1.347454802720919e-7
0.004712581575600074	1.3475523215534284e-7
0.0047345714990996	1.3476507473124215e-7
0.004756664032331767	1.3477500867597146e-7
0.004778859654095748	1.3478503517316304e-7
0.004801158845424904	1.3479515491505908e-7
0.004823562089597187	1.3480536876823708e-7
0.004846069872145642	1.348156776073549e-7
0.004868682680868915	1.3482608231522747e-7
0.004891401005841814	1.3483658378290403e-7
0.004914225339425955	1.348471829097462e-7
0.004937156176280414	1.3485788060350665e-7
0.004960194013372453	1.348686777804084e-7
0.004983339349988299	1.3487957536522602e-7
0.005006592687743936	1.3489057429136576e-7
0.0050299545305960165	1.3490167550094816e-7
0.005053425384852761	1.349128799448907e-7
0.005077005759184919	1.3492418858299138e-7
0.005100696164636822	1.3493560238401297e-7
0.005124497114637441	1.3494712232576844e-7
0.005148409125011521	1.3495874939520726e-7
0.005172432713990742	1.3497048458850203e-7
0.005196568402224982	1.349823289111368e-7
0.005220816712793582	1.3499428337799514e-7
0.005245178171216667	1.350063490134506e-7
0.005269653305466573	1.3501852685145645e-7
0.005294242645979258	1.3503081793563763e-7
0.005318946725665819	1.3504322331938305e-7
0.005343766079924012	1.3505574406593867e-7
0.005368701246649891	1.35068381248502e-7
0.005393752766249451	1.3508113595031692e-7
0.00541892118165032	1.3509400926477028e-7
0.005444207038313562	1.3510700229548885e-7
0.005469610884245472	1.351201161564373e-7
0.005495133270009461	1.3513335197201716e-7
0.005520774748737997	1.351467108771676e-7
0.005546535876144563	1.3516019401746578e-7
0.005572417210535744	1.351738025492296e-7
0.005598419312823284	1.3518753763962049e-7
0.005624542746536276	1.3520140046674789e-7
0.005650788077833358	1.3521539221977453e-7
0.0056771558755149875	1.3522951409902282e-7
0.00570364671103577	1.3524376731608243e-7
0.005730261158516827	1.3525815309391867e-7
0.0057569997947582744	1.352726726669824e-7
0.005783863199251682	1.3528732728132085e-7
0.005810851954192668	1.3530211819468937e-7
0.005837966644493493	1.3531704667666516e-7
0.005865207857795749	1.3533211400876073e-7
0.005892576184483093	1.3534732148454025e-7
0.005920072217694023	1.3536267040973563e-7
0.0059476965533347675	1.3537816210236456e-7
0.005975449790092182	1.3539379789285e-7
0.006003332529446706	1.3540957912413985e-7
0.0060313453756854355	1.3542550715182951e-7
0.0060594889359151935	1.3544158334428377e-7
0.0060877638200757	1.354578090827617e-7
0.006116170640952771	1.3547418576154175e-7
0.006144710014191626	1.354907147880488e-7
0.0061733825583102225	1.3550739758298203e-7
0.006202188894712637	1.3552423558044478e-7
0.006231129647702569	1.355412302280747e-7
0.006260205444496848	1.3555838298717676e-7
0.006289416915239041	1.3557569533285626e-7
0.0063187646930130785	1.355931687541541e-7
0.006348249413857019	1.3561080475418335e-7
0.006377871716776813	1.356286048502667e-7
0.0064076322437601274	1.356465705740765e-7
0.006437531639790306	1.3566470347177498e-7
0.006467570552860314	1.35683005104157e-7
0.0064977496339868	1.357014770467937e-7
0.006528069537224178	1.35720120890178e-7
0.006558530919678842	1.357389382205025e-7
0.006589134441523381	1.3575793069710573e-7
0.006619880766010877	1.3577709993694213e-7
0.006650770559489313	1.3579644759167712e-7
0.006681804491415987	1.358159752974857e-7
0.0067129832343720336	1.358356847973988e-7
0.006744307464076998	1.3585557776188967e-7
0.006775777859403461	1.3587565590625313e-7
0.006807395102391789	1.3589592096208693e-7
0.006839159878264899	1.359163746774537e-7
0.0068710728754430815	1.3593701881704445e-7
0.006903134785558967	1.359578551623441e-7
0.006935346303472486	1.3597888551179865e-7
0.006967708127285937	1.360001116809846e-7
0.007000220958359121	1.3602153550277947e-7
0.007032885501324512	1.3604315882753474e-7
0.007065702464102584	1.360649835232506e-7
0.007098672557917087	1.3608701147575282e-7
0.00713179649731052	1.3610924458887083e-7
0.007165075000159583	1.361316847846188e-7
0.007198508787690745	1.3615433398010797e-7
0.007232098584495879	1.36177194180597e-7
0.00726584511854794	1.3620026734069976e-7
0.007299749121216789	1.3622355545701458e-7
0.007333811327284989	1.3624706054525824e-7
0.00736803247496378	1.362707846404581e-7
0.007402413305909046	1.3629472979714807e-7
0.007436954565237399	1.3631889808956523e-7
0.007471657001542333	1.3634329161185021e-7
0.007506521366910416	1.3636791247824808e-7
0.007541548416937641	1.3639276282331346e-7
0.0075767389107457735	1.3641784480211613e-7
0.0076120936109987805	1.3644316059045025e-7
0.007647613283919411	1.364687123850454e-7
0.007683298699305762	1.3649450240377997e-7
0.007719150630547985	1.3652053288589766e-7
0.0077551698546450155	1.3654680609222531e-7
0.007791357152221453	1.3657332430539408e-7
0.007827713307544464	1.366000898300633e-7
0.00786423910854075	1.3662710499314613e-7
0.007900935346813671	1.366543721440384e-7
0.007937802817660372	1.366818936548501e-7
0.007974842320089038	1.3670967192063903e-7
0.008012054656836166	1.3673770935964785e-7
0.00804944063438403	1.3676600841354356e-7
0.008087001062978114	1.3679457154765975e-7
0.008124736756644666	1.368233233278968e-7
0.008162648533208377	1.3685242307088714e-7
0.008200737214310076	1.3688187044483018e-7
0.008239003625424558	1.3691151503513245e-7
0.00827744859587843	1.3694143639600085e-7
0.008316072958868147	1.3697163714001698e-7
0.008354877551478037	1.3700211987718486e-7
0.008393863214698417	1.370328873270548e-7
0.008433030793443876	1.3706394663870885e-7
0.008472381136571542	1.3709529187518784e-7
0.0085119150968995	1.3712692481480096e-7
0.008551633531225275	1.3715885816535569e-7
0.008591537300344367	1.3719108991468569e-7
0.00863162726906897	1.3722362288655526e-7
0.008671904306246642	1.3725645993239197e-7
0.0087123692847792	1.3728960393157988e-7
0.008753023081641597	1.3732305779175546e-7
0.008793866577900943	1.373568244491075e-7
0.00883490065873561	1.3739090686868061e-7
0.008876126213454369	1.3742530804468219e-7
0.008917544135515728	1.3746003100079345e-7
0.008959155322547268	1.374950787904839e-7
0.009000960676365065	1.375304544973304e-7
0.009042961102993291	1.3756616123533898e-7
0.009085157512683812	1.3760220214927194e-7
0.009127550819935926	1.3763858041497768e-7
0.009170141943516194	1.3767529923972588e-7
0.00921293180647831	1.3771236180644892e-7
0.009255921336183167	1.3774977149820132e-7
0.009299111464318919	1.377875315627535e-7
0.009342503126921153	1.3782564533648864e-7
0.009386097264393229	1.378641161889472e-7
0.009429894821526624	1.3790294752318775e-7
0.00947389674752142	1.3794214277615174e-7
0.009518103996006852	1.3798170541903298e-7
0.009562517525062013	1.3802163895765204e-7
0.009607138297236606	1.3806194693283537e-7
0.009651967279571773	1.3810263292079892e-7
0.009697005443621102	1.3814370053353702e-7
0.00974225376547165	1.3818515341921597e-7
0.009787713225765125	1.3822699526257295e-7
0.00983338480971908	1.3826922978531955e-7
0.009879269507148344	1.3831186074655128e-7
0.009925368312486431	1.3835489194316142e-7
0.009971682224807071	1.383983272102612e-7
0.010018212247845914	1.3844217042160456e-7
0.010064959390022254	1.384864254900189e-7
0.010111924664460873	1.3853109636784154e-7
0.010159109089014028	1.3857618704736137e-7
0.010206513686283482	1.386217015612671e-7
0.01025413948364269	1.386676439831003e-7
0.010301987513259047	1.3871401841849692e-7
0.010350058812116255	1.3876082904552286e-7
0.01039835442203683	1.3880808006541448e-7
0.010446875389704628	1.3885577569062793e-7
0.010495622766687586	1.3890392022057928e-7
0.010544597609460459	1.389525179837946e-7
0.010593800979427763	1.390015733530016e-7
0.010643233942946738	1.390510907456333e-7
0.010692897571350495	1.3910107462433888e-7
0.010742792940971201	1.391515294975018e-7
0.010792921133163425	1.3920245991976455e-7
0.010843283234327582	1.3925387049256034e-7
0.010893880335933448	1.3930576586465228e-7
0.01094471353454385	1.3935815073268012e-7
0.010995783931838397	1.3941102984171387e-7
0.01104709263463739	1.3946440798581512e-7
0.011098640754925775	1.3951829000860666e-7
0.011150429409877281	1.3957268080384941e-7
0.011202459721878591	1.3962758531602716e-7
0.011254732818553692	1.3968300854093938e-7
0.011307249832788321	1.3973895552630342e-7
0.011360011902754482	1.3979543137236335e-7
0.01141302017193516	1.3985244123250802e-7
0.011466275789149055	1.3990999030051543e-7
0.011519779908575525	1.3996808386479693e-7
0.011573533689779564	1.400267272285142e-7
0.011627538297736943	1.4008592576399256e-7
0.01168179490285948	1.4014568483116305e-7
0.011736304681020366	1.402060100507633e-7
0.011791068813579693	1.402669069000505e-7
0.01184608848741001	1.4032838098089484e-7
0.011901364894922092	1.403904379542806e-7
0.011956899234090738	1.4045308354101797e-7
0.012012692708480783	1.405163235224641e-7
0.01206874652727313	1.4058016374125514e-7
0.01212506190529099	1.406446101020484e-7
0.012181640063026212	1.4070966857227595e-7
0.012238482226665704	1.40775345182908e-7
0.012295589628118051	1.4084164602922848e-7
0.012352963505040162	1.4090857727162137e-7
0.01241060510086415	1.4097614513636879e-7
0.012468515664824221	1.4104435591646008e-7
0.012526696451983805	1.411132159724142e-7
0.012585148723262711	1.4118273173311242e-7
0.01264387374546447	1.4125290969664478e-7
0.012702872791303811	1.4132375643116875e-7
0.012762147139434203	1.4139527857577968e-7
0.012821698074475611	1.4146748284139592e-7
0.012881526887042288	1.4154037601165551e-7
0.012941634873770798	1.4161396494382715e-7
0.013002023337348064	1.416882565697352e-7
0.01306269358653966	1.4176325789669727e-7
0.013123646936218116	1.4183897600847763e-7
0.013184884707391443	1.4191541806625364e-7
0.013246408227231783	1.4199259130959757e-7
0.01330821882910412	1.4207050305747354e-7
0.013370317852595237	1.4214916070924897e-7
0.013432706643542689	1.4222857174572206e-7
0.013495386554064027	1.42308743730165e-7
0.013558358942586049	1.423896843093829e-7
0.013621625173874292	1.4247140121478927e-7
0.013685186619062562	1.4255390226349838e-7
0.013749044655682666	1.426371953594342e-7
0.013813200667694316	1.4272128849445666e-7
0.013877656045515023	1.428061897495055e-7
0.01394241218605033	1.4289190729576243e-7
0.014007470492724008	1.4297844939583042e-7
0.01407283237550854	1.4306582440493317e-7
0.014138499250955611	1.43154040772132e-7
0.014204472542226877	1.4324310704156263e-7
0.014270753679124748	1.433330318536918e-7
0.014337344098123402	1.4342382394659343e-7
0.014404245242399936	1.4351549215724522e-7
0.014471458561865597	1.4360804542284642e-7
0.014538985513197258	1.437014927821561e-7
0.014606827559868934	1.4379584337685328e-7
0.014674986172183551	1.4389110582248057e-7
0.014743462827304767	1.4398729074198728e-7
0.014812259009289005	1.4408440695321247e-7
0.014881376209117636	1.441824640235631e-7
0.014950815924729244	1.4428147163050412e-7
0.015020579661052148	1.4438143956305642e-7
0.015090668930036957	1.444823777233199e-7
0.015161085250689396	1.4458429612802089e-7
0.015231830149103173	1.446872049100859e-7
0.015302905158493106	1.4479111432024021e-7
0.015374311819228303	1.4489603472863425e-7
0.015446051678865567	1.4500197662649633e-7
0.015518126292182955	1.4510895062781315e-7
0.01559053722121343	1.4521696747103797e-7
0.015663286035278765	1.453260380208283e-7
0.015736374311023493	1.454361732698117e-7
0.01580980363244915	1.4554738434038312e-7
0.015883575590948523	1.4565968248652986e-7
0.01595769178534023	1.4577307909569091e-7
0.016032153821903282	1.4588758569064453e-7
0.016106963314411943	1.4600321393143112e-7
0.016182121884170713	1.461199756173065e-7
0.016257631160049427	1.4623788268873002e-7
0.016333492778518605	1.4635694722938694e-7
0.01640970838368486	1.4647718144490068e-7
0.016486279627326593	1.4659859775744613e-7
0.016563208168929727	1.467212086703994e-7
0.016640495675723743	1.4684502686127753e-7
0.016718143822717742	1.469700651614705e-7
0.016796154292736787	1.4709633655848454e-7
0.016874528776458383	1.4722385419822294e-7
0.016953268972449077	1.4735263138730848e-7
0.017032376587201324	1.4748268159544588e-7
0.0171118533351704	1.4761401845782628e-7
0.017191700938811647	1.47746655777575e-7
0.017271921128617716	1.478806075282423e-7
0.01735251564315614	1.4801588785633838e-7
0.01743348622910696	1.4815251108391504e-7
0.01751483464130061	1.48290491711192e-7
0.017596562642755963	1.4842984448218095e-7
0.01767867200471848	1.4857058413844337e-7
0.017761164506698675	1.4871272579102893e-7
0.01784404193651061	1.4885628468006236e-7
0.017927306090310707	1.4900127623770296e-7
0.018010958772636608	1.4914771609107087e-7
0.01809500179644633	1.4929562006522766e-7
0.01817943698315756	1.494450041588083e-7
0.018264266162687084	1.495958846568144e-7
0.018349491173490506	1.4974827796907988e-7
0.01843511386260203	1.4990220074334677e-7
0.01852113608567455	1.5005766984104503e-7
0.018607559707019813	1.5021470234061993e-7
0.018694386599648866	1.503733155409218e-7
0.01878161864531262	1.5053352696465823e-7
0.01886925773454263	1.50695354361913e-7
0.01895730576669211	1.5085881571372998e-7
0.019045764649977034	1.5102392923576564e-7
0.01913463630151756	1.5119071338201102e-7
0.0192239226473795	1.5135918684104327e-7
0.01931362562261615	1.515293685700886e-7
0.01940374717131014	1.517012776480678e-7
0.019494289246615643	1.5187493373023806e-7
0.019585253810800653	1.520503564169639e-7
0.019676642835289526	1.5222756567448237e-7
0.019768458300705734	1.524065817354928e-7
0.019860702196914735	1.5258742510349212e-7
0.019953376523067164	1.5277011655719427e-7
0.020046483287642084	1.529546771550366e-7
0.020140024508490596	1.5314112823977472e-7
0.020234002212879493	1.533294914431675e-7
0.02032841843753527	1.5351978869075483e-7
0.020423275228688195	1.5371204027243365e-7
0.02051857464211669	1.5390627256970632e-7
0.020614318743191924	1.5410250650069597e-7
0.020710509606922473	1.5430076521576785e-7
0.020807149317999412	1.5450107218442097e-7
0.020904239970841378	1.5470345319945377e-7
0.021001783669640072	1.5490792839720504e-7
0.021099782528405754	1.5511452422518298e-7
0.021198238671013166	1.5532326548431759e-7
0.02129715423124747	1.55534177322681e-7
0.021396531352850533	1.5574728524143605e-7
0.02149637218956741	1.5596261510090702e-7
0.021596678905192967	1.5618019312677365e-7
0.02169745367361883	1.56400045916395e-7
0.02179869867888044	1.5662220044526237e-7
0.021900416115204466	1.5684668407358744e-7
0.022002608187056266	1.570735245530267e-7
0.022105277109187724	1.57302750033547e-7
0.02220842510668526	1.5753438907043438e-7
0.022312054415017987	1.5776847063145088e-7
0.02241616728008624	1.5800502410414193e-7
0.022520765958270163	1.5824407930329787e-7
0.022625852716478715	1.5848566647857493e-7
0.022731429832198686	1.5872981632227763e-7
0.022837499593544155	1.5897655997730743e-7
0.022944064299306014	1.5922592904528247e-7
0.02305112625900179	1.5947795559483078e-7
0.023158687792925774	1.5973267217006338e-7
0.023266751232199186	1.5999011179923e-7
0.02337531891882082	1.6025030800356344e-7
0.023484393205717692	1.6051329480631558e-7
0.023593976456796128	1.6077910674199184e-7
0.023704071046992906	1.6104777886578744e-7
0.023814679362326823	1.6131934676323182e-7
0.023925803799950313	1.6159384656004504e-7
0.024037446768201447	1.6187131493221324e-7
0.024149610686656154	1.6215178911628787e-7
0.024262297986180577	1.6243532170064134e-7
0.024375511108983856	1.6272190673259265e-7
0.024489252508670963	1.630116275366911e-7
0.024603524650295947	1.6330450891869112e-7
0.02471833001041533	1.6360059108069906e-7
0.024833671077141784	1.6389991485221402e-7
0.024949550350198035	1.64202521702164e-7
0.02506597034097105	1.6450845375121587e-7
0.025182933572566513	1.6481775378436941e-7
0.02530044257986341	1.6513046526383852e-7
0.025418499909569067	1.6544663234223043e-7
0.02553710812027425	1.6576629987602938e-7
0.025656269782508723	1.6608951343939467e-7
0.025775987478796822	1.6641631933827782e-7
0.02589626380371357	1.66746764624872e-7
0.0260171013639408	1.6708089711239906e-7
0.026138502778323667	1.674187653902452e-7
0.02626047067792748	1.677604187339765e-7
0.026383007706094606	1.6810590754192984e-7
0.026506116518501877	1.6845528272217537e-7
0.026629799783218028	1.6880859612741062e-7
0.026754060180761634	1.6916590046773766e-7
0.026878900404159113	1.695272493280957e-7
0.027004323159003116	1.6989269718611504e-7
0.027130331163511223	1.702622994250846e-7
0.02725692714858475	1.706361123735638e-7
0.027384113857868035	1.7101419329383786e-7
0.02751189404780781	1.7139660042166625e-7
0.027640270487713024	1.717833929815002e-7
0.027769245959814774	1.7217463120711745e-7
0.027898823259326706	1.7257037636277082e-7
0.028029005194505484	1.7297069076485924e-7
0.028159794586711716	1.7337563780414143e-7
0.02829119427047112	1.7378528196850362e-7
0.028423207093535872	1.741996888662996e-7
0.028555835916946437	1.7461892525027968e-7
0.02868908361509344	1.7504305904212453e-7
0.028822953075780106	1.7547215935760182e-7
0.02895744720028471	1.7590629665838442e-7
0.029092568903423575	1.763455422658489e-7
0.029228321113614144	1.7678996918063844e-7
0.02936470677293849	1.7723965154892316e-7
0.029501728837207114	1.7769466485737795e-7
0.02963939027602292	1.7815508595185493e-7
0.029777694072845674	1.7862099306744727e-7
0.029916643225056543	1.790924658593406e-7
0.030056240744023188	1.7956958543447432e-7
0.030196489655164905	1.8005243438403872e-7
0.030337392998018308	1.8054109690394954e-7
0.030478953826303095	1.810356584802664e-7
0.030621175207988287	1.815362064480919e-7
0.03076406022535875	1.8204282406459784e-7
0.0309076119750819	1.825556130654425e-7
0.031051833568274935	1.8307466574738205e-7
0.03119672813057213	1.8360006478225054e-7
0.03134229880219271	1.8413191155028045e-7
0.03148854873800879	1.8467030361438795e-7
0.031635481107613835	1.852153403986918e-7
0.0317830990953913	1.8576712323208175e-7
0.03193140590058364	1.8632575539299344e-7
0.03208040473736173	1.8689134215542663e-7
0.032230098834894375	1.8746399083624655e-7
0.03238049143741847	1.8804381084381114e-7
0.032531585804309135	1.886309137279643e-7
0.03268338521015052	1.8922541323144232e-7
0.0328358929448066	1.8982742534273682e-7
0.03298911231349266	1.9043706835046365e-7
0.033143046636846786	1.910544628992856e-7
0.033297699251001844	1.916797320474411e-7
0.033453073507657895	1.923130013259326e-7
0.03360917277415468	1.9295439866043726e-7
0.033766000433544746	1.9360405498998826e-7
0.03392355988466663	1.9426210349744715e-7
0.03408185454221863	1.949286802318903e-7
0.034240887836832753	1.9560392403797738e-7
0.034400663215149035	1.962879766263232e-7
0.034561184139890344	1.969809826459601e-7
0.03472245408993731	1.9768308975896152e-7
0.034884476560403804	1.983944487173047e-7
0.035047255062712626	1.9911521344204339e-7
0.035210793124671666	1.998455411048775e-7
0.03537509429055029	2.0058559221219715e-7
0.03554016212115623	2.0133553069169294e-7
0.035706000193912686	2.0209552398161738e-7
0.03587261210293587	2.0286574312279477e-7
0.036040001459112986	2.0364636285347578e-7
0.03620817189018034	2.0443756170713663e-7
0.03637712704080211	2.052395221133304e-7
0.03654687057264918	2.060524305016974e-7
0.03671740616447868	2.0687647740925222e-7
0.03688873751221352	2.0771185759106082e-7
0.03706086832902267	2.0855877013443768e-7
0.03723380234540149	2.0941741857678484e-7
0.037407543309252625	2.102880110272121e-7
0.037582094985967325	2.111707602920757e-7
0.03775746115850687	2.120658840045794e-7
0.03793364562748475	2.1297360475859247e-7
0.03811065221124883	2.1389415024683926e-7
0.03828848474596433	2.1482775340362774e-7
0.03846714708569674	2.1577465255228474e-7
0.038646643102495534	2.1673509155748154e-7
0.03882697668647796	2.1770931998263114e-7
0.039008151745913364	2.1869759324000453e-7
0.03919017220730802	2.1970017280858652e-7
0.03937304201549001	2.2071732633407098e-7
0.039556765133694945	2.2174932785729208e-7
0.039741345543651656	2.2279645798804034e-7
0.039926787245668664	2.238590040973e-7
0.040113094258720706	2.2493726051611532e-7
0.04030027062053601	2.260315287413458e-7
0.040488320387683664	2.2714211764858801e-7
0.040677247635661565	2.2826934371255007e-7
0.04086705645898484	2.2941353123517874e-7
0.041057750971274426	2.30575011821974e-7
0.041249335305346364	2.3175412767790179e-7
0.04144181361330126	2.3295122726585234e-7
0.04163519006661436	2.3416666864434698e-7
0.041829468856225904	2.3540081896757612e-7
0.042024654192631905	2.3665405476716397e-7
0.04222075030597557	2.3792676224421153e-7
0.04241776144613876	2.3921933757204923e-7
0.0426156918828343	2.4053218685338076e-7
0.042814545905698324	2.418657278723222e-7
0.043014327824383414	2.432203882800038e-7
0.04321504196865185	2.4459660742324514e-7
0.043416692688469594	2.4599483627241073e-7
0.04361928435410043	2.474155378515541e-7
0.043822821356200733	2.4885918761694585e-7
0.04402730810591468	2.5032627386374403e-7
0.044232749034969765	2.518172981483227e-7
0.044439148595772915	2.5333277572695667e-7
0.044646511261506865	2.5487323601158613e-7
0.0448548415262273	2.564392230434315e-7
0.04506414390496003	2.580312959852573e-7
0.045274422933799054	2.5965002963313545e-7
0.04548568317000468	2.6129601494859133e-7
0.0456979291921024	2.6296985961207077e-7
0.045911165599982144	2.646721885987098e-7
0.04612539701499784	2.6640364477743795e-7
0.046340628080067746	2.68164889889969e-7
0.04655686345977488	2.699566037768283e-7
0.0467741078404683	2.7177948718950976e-7
0.04699236593036451	2.7363426106920534e-7
0.04721164245964963	2.755216676366345e-7
0.047431942180581804	2.774424711561465e-7
0.04765326986759424	2.793974588621109e-7
0.047875630317398735	2.813874412678348e-7
0.0480990283490895	2.834132538152473e-7
0.048323468804247774	2.854757572540386e-7
0.04854895654704655	2.875758387150433e-7
0.04877549646435622	2.8971441269340746e-7
0.049003093465850266	2.9189242207485924e-7
0.049231752484111845	2.941108392072645e-7
0.04946147847474056	2.963706670197631e-7
0.049692276416459916	2.9867290109472597e-7
0.04992415131122527	3.0101868706842923e-7
0.0501571081843321	3.034090879497401e-7
0.05039115208452509	3.058452412237442e-7
0.05062628808410736	3.083283000047125e-7
0.050862521279050596	3.108595411818415e-7
0.051099856789105315	3.1344015372492765e-7
0.051338299757911876	3.160714533618026e-7
0.05157785535311208	3.187547777882011e-7
0.05181852876646093	3.2149150970156787e-7
0.05206032521393941	3.242830786399801e-7
0.052303249935867276	3.271310046078112e-7
0.05254730819701685	3.300367335765687e-7
0.05279250528672692	3.3300188898030617e-7
0.05303884651901759	3.360281079519687e-7
0.053286337232705226	3.3911708508797686e-7
0.053534982791518276	3.422705748972158e-7
0.05378478858421359	3.4549039437277656e-7
0.054035760024693	3.4877842569352245e-7
0.05428790255212089	3.521366190842306e-7
0.05454122163104185	3.5556699571417906e-7
0.054795722751499326	3.5907165096556806e-7
0.05505141142915438	3.6265275764724326e-7
0.05530829320540545	3.6631256949118737e-7
0.05556637364750826	3.700534248101183e-7
0.05582565834869653	3.738777503495e-7
0.05608615292830333	3.7778806534585935e-7
0.05634786303188262	3.817869858041121e-7
0.05661079433133185	3.8587722900751516e-7
0.05687495252501467	3.9006161827478e-7
0.05714034333788461	3.9434308797996015e-7
0.057406972521608986	3.9872468885178753e-7
0.057674845854693735	4.0320959354545664e-7
0.05794396914260846	4.0780110265532304e-7
0.05821434821791235	4.1250265081665575e-7
0.05848598894038066	4.1731773938327615e-7
0.058758897197131496	4.2225031355039426e-7
0.059033078902753666	4.273040294467129e-7
0.05930853999943458	4.3248300228126084e-7
0.059585286457089326	4.3779144449191264e-7
0.05986332427348976	4.43233748577004e-7
0.06014265947439478	4.4881449642783603e-7
0.060423298113680676	4.5453846922997627e-7
0.06070524627347242	4.604106579732723e-7
0.060988510064275615	4.664362746136472e-7
0.06127309562510864	4.7262076393319237e-7
0.061559009123636016	4.789698161488694e-7
0.06184625675630178	4.854893803241852e-7
0.06213484474846405	4.921856786427348e-7
0.0624247793545297	4.990652216073474e-7
0.06271606685809003	5.061348242339598e-7
0.06300871357205702	5.134016233151499e-7
0.06330272583879995	5.208730958270752e-7
0.06359811003028307	5.285570786096673e-7
0.06389487254820347	5.364617893267589e-7
0.0641930198241301	5.445958489014068e-7
0.06449255831964283	5.529683055071781e-7
0.06479349452647279	5.615886602246592e-7
0.06509583496664287	5.704668945146098e-7
0.06539958619260908	5.796134996513159e-7
0.06570475478740273	5.890395082772069e-7
0.06601134736477285	5.987565282548108e-7
0.06631937056932977	6.087767790087345e-7
0.06662883107668885	6.191129073198787e-7
0.06693973559361552	6.297789174280639e-7
0.06725209085817022	6.407888911245165e-7
0.06756590363985479	6.521579151176645e-7
0.06788118073975896	6.639021581138733e-7
0.06819792899070776	6.760379600204446e-7
0.06851615525740978	6.885833356432998e-7
0.06883586643660572	7.015570841039076e-7
0.06915706945721806	7.149790978555408e-7
0.06947977128050098	7.288704397318929e-7
0.06980397890019156	7.432534263857835e-7
0.070129699342661	7.581517187288157e-7
0.07045693966706722	7.73590420049272e-7
0.07078570696550755	7.895961825597832e-7
0.07111600836317264	8.061973232099189e-7
0.07144785101850087	8.23423949692737e-7
0.07178124212333334	8.413080976800941e-7
0.07211618890306994	8.598838804409058e-7
0.07245269861682571	8.791876526066046e-7
0.07279077855758845	8.992581866648713e-7
0.07313043605237644	9.201368709648546e-7
0.07347167846239758	9.418679214594068e-7
0.07381451318320863	9.644986164232546e-7
0.07415894764487561	9.880795535423554e-7
0.07450498931213498	1.0126649324313544e-6
0.07485264568455507	1.0383128654826799e-6
0.07520192429669902	1.0650857203279236e-6
0.07555283271828768	1.0930504976923254e-6
0.07590537855436401	1.122279248442052e-6
0.07625956944545766	1.152849535621593e-6
0.07661541306775059	1.1848449455642158e-6
0.07697291713324364	1.2183556552815913e-6
0.07733208938992334	1.2534790628027429e-6
0.07769293762193015	1.2903204886203885e-6
0.07805546964972686	1.328993957518695e-6
0.07841969333026841	1.3696230714341759e-6
0.07878561655717174	1.4123419856091655e-6
0.07915324726088743	1.4572965021787255e-6
0.079522593408871	1.5046452968239186e-6
0.07989366300575589	1.5545592031035826e-6
0.08026646409352697	1.6072332560905846e-6
0.08064100475169467	1.6628674640705463e-6
0.08101729309747023	1.721689779545401e-6
0.08139533728594144	1.7839478566341866e-6
0.08177514551024964	1.8499137065708517e-6
0.08215672600176699	1.9198866091531927e-6
0.08254008703027514	1.9941964358005793e-6
0.08292523690414424	2.0732074505215762e-6
0.08331218397051308	2.1573226761909146e-6
0.08370093661547011	2.246988903299072e-6
0.08409150326423492	2.3427024799698644e-6
0.08448389238134119	2.445016001447852e-6
0.08487811247081971	2.554546071393739e-6
0.08527417207638316	2.6719823328463636e-6
0.08567207978161082	2.79809801042055e-6
0.08607184421013496	2.93376225800046e-6
0.08647347402582749	3.07995467190494e-6
0.08687697793298779	3.2377824118660806e-6
0.08728236467653151	3.4085004759128184e-6
0.08768964304217983	3.5935358066354162e-6
0.08809882185665012	3.794516073609025e-6
0.08850990998784697	4.013304191032142e-6
0.08892291634505473	4.25203990575975e-6
0.08933784987913017	4.5131634179246805e-6
0.08975471958269692	4.799610312596931e-6
0.09017353449033995	5.114619225301171e-6
0.09059430367880159	5.462091419616453e-6
0.09101703626717833	5.846571366637095e-6
0.09144174141711815	6.273415821548293e-6
0.09186842833301948	6.748972411848299e-6
0.0922971062622302	7.280805329141586e-6
0.09272778449524856	7.877982765150532e-6
0.09316047236592409	8.551446024618084e-6
0.09359517925166025	9.314487748438295e-6
0.09403191457361733	0.000010183377379203737
0.09447068779691684	0.000011178187740205157
0.09491150843084667	0.000012323899364044166
0.09535438602906697	0.000013651893816717063
0.0957993301898175	0.000015201999421403453
0.09624635055612527	0.0000170253337956012
0.09669545681601395	0.000019188315449676458
0.09714665870271347	0.000021778422937278448
0.09759996599487113	0.00002491262074317485
0.09805538851676361	0.00002874994885130153
0.09851293613850964	0.00003351078153405551
0.09897261877628426	0.00003950708111410796
0.09943444639253325	0.00004719137805365525
0.09989842899618959	0.00005723886064187146
0.10036457664288988	0.00007069058655363711
0.10083289943519264	0.00008921538366962383
0.10130340752279715	0.00011561651635513644
0.10177611110276309	0.00015488128221621887
0.10225102041973212	0.00021654890805074395
0.10272814576614964	0.0003206722183601113
0.10320749748248745	0.0005152142245752415
0.1036890859574686	0.0009387857920428088
0.10417292162829203	0.0021381113364492372
0.10465901498085901	0.00824565747176264