# M_4 [GeV] vs ONB coefficient [GeV^-2]. 90%CL from LEP (91GeV) (e+ e- > N nu	 N > gamma nu	 mediated by gamma or Z) data. Summarized in arXiv: 2105.09699. Source arXiv: 1803.03262
0.0010019999132553656	1.199850496358757e-7
0.0011795069592203276	1.199850496358757e-7
0.0013146600076809982	1.199850496358757e-7
0.0014652994815208683	1.1894488294136654e-7
0.0016331998828599946	1.1770857891401695e-7
0.0018203390440058055	1.1770857891401695e-7
0.0020289214259122195	1.1770857891401695e-7
0.002261404086277756	1.1770857891401695e-7
0.002520525623181519	1.1770857891401695e-7
0.0028093384352071422	1.1770857891401695e-7
0.003131244678072344	1.1770857891401695e-7
0.0034900363413258337	1.1770857891401695e-7
0.0038899399172068146	1.1770857891401695e-7
0.004335666187857114	1.1770857891401695e-7
0.004832465717369074	1.1770857891401695e-7
0.005386190702354186	1.1770857891401695e-7
0.006003363909619431	1.1770857891401695e-7
0.006691255513023085	1.1770857891401695e-7
0.007457968734632326	1.1770857891401695e-7
0.008312535299018015	1.1770857891401695e-7
0.009265021825118583	1.1770857891401695e-7
0.01032664840894743	1.1770857891401695e-7
0.01150992079402377	1.1775571638985609e-7
0.012854106036132676	1.1975543527101843e-7
0.014298754950100193	1.1915219237904132e-7
0.01593716861573517	1.1770857891401695e-7
0.017763318860471455	1.1770857891401695e-7
0.019798717359822894	1.1770857891401695e-7
0.02206734069084592	1.1770857891401695e-7
0.024595912771301878	1.1770857891401695e-7
0.027414219661929754	1.1770857891401695e-7
0.030555460440135414	1.1770857891401695e-7
0.034056638278317466	1.1770857891401695e-7
0.037958996333652316	1.1770857891401695e-7
0.042308503584030696	1.1770857891401695e-7
0.047156396333193205	1.1770857891401695e-7
0.05255978176388495	1.1770857891401695e-7
0.058582310648760884	1.1770857891401695e-7
0.06529492714343901	1.1770857891401695e-7
0.07277670449410974	1.1770857891401695e-7
0.08111577650416558	1.1770857891401695e-7
0.09031136070981015	1.2024069309135771e-7
0.10076999065209764	1.199850496358757e-7
0.11231665540343314	1.199850496358757e-7
0.1251863873299957	1.199850496358757e-7
0.13953078923552673	1.2050226056536373e-7
0.1555188352338057	1.1832511626921122e-7
0.1733388612290701	1.199850496358757e-7
0.19320078347435785	1.199850496358757e-7
0.21533857134193396	1.199850496358757e-7
0.2400130034345315	1.199850496358757e-7
0.26751473950383003	1.199850496358757e-7
0.298167744362745	1.199850496358757e-7
0.332333104124509	1.199850496358757e-7
0.37041327972306154	1.199850496358757e-7
0.41285684782034415	1.199850496358757e-7
0.4601637849474184	1.199850496358757e-7
0.5128913571255044	1.199850496358757e-7
0.5716606843454668	1.199850496358757e-7
0.6371640572339777	1.199850496358757e-7
0.7101730920951745	1.199850496358757e-7
0.7848849810746994	1.2097410822801627e-7
0.8822468197432207	1.2082372844912807e-7
0.9833385057658672	1.199850496358757e-7
1.0960137177975682	1.199850496358757e-7
1.2215997467371276	1.199850496358757e-7
1.3615759702597436	1.199850496358757e-7
1.517591279582751	1.199850496358757e-7
1.6914835030661268	1.199850496358757e-7
1.8853010554538083	1.199850496358757e-7
2.101327067779442	1.199850496358757e-7
2.342106282181909	1.199850496358757e-7
2.6104750284460363	1.199850496358757e-7
2.9095946353860005	1.199850496358757e-7
3.2429886706506745	1.199850496358757e-7
3.6145844476281823	1.199850496358757e-7
4.028759288392495	1.199850496358757e-7
4.490392087660097	1.2019417198359076e-7
5.043458207360213	1.1972994970334487e-7
5.57840642349671	1.199850496358757e-7
6.217604545893996	1.2061351075440973e-7
6.930044775204695	1.2230554704631815e-7
7.724119511276598	1.2230554704631815e-7
8.609182791711701	1.2104836451470268e-7
9.57384715270589	1.2211383015417468e-7
10.677608293182042	1.2311146769907005e-7
11.920672631078025	1.2467092261656645e-7
13.2865952593403	1.270820442852007e-7
14.809031255945131	1.2931441424787097e-7
16.505914604826216	1.3181534052415053e-7
18.397234243964565	1.341308573106517e-7
20.5052695309801	1.3768062132658226e-7
22.85485268939709	1.4305757375021194e-7
25.47366132714636	1.4812772205428244e-7
28.392544473112945	1.560718497971418e-7
31.645885972372024	1.6444202314928825e-7
35.27200952083505	1.7599791178632893e-7
39.313630110531086	1.9001312076047585e-7
43.81835720345615	2.102071620925061e-7
48.839255561275365	2.337654105908374e-7
54.43547033733682	2.6824147735474834e-7
60.672923794453034	3.2261980490963217e-7
67.42019796944135	4.1770431761079777e-7
74.53657101577907	5.764553871345103e-7
82.83525092836977	1.1439169932816068e-6
85.68400269434736	1.8626589849106225e-6
88.11196740443127	3.3515826492910146e-6
89.18810539938886	5.704812305844887e-6
90.01496579893036	9.103856912063816e-6
90.45992394522429	0.00040400913000133293
90.45992394522429	0.0006157573393707856
90.45992394522429	0.000938486466847266
90.45992394522429	0.0014303635411889199
90.45992394522429	0.0021800419422515482
90.45992394522429	0.0033226398276521713
90.63161225112263	0.00011587537233693469
90.66616854244545	0.005778459056470388
90.76915600112268	0.000025992717877422317
90.83045346951063	0.00021229206647244896
90.86388597460379	0.0000444246733436807
