0.001	1.322364646464111e-6
0.0010047905617180971	1.3223648854523764e-6
0.001009604072917768	1.3223651267361019e-6
0.0010144406435399227	1.3223653703373353e-6
0.001019300384052147	1.3223656162783393e-6
0.0010241834054512276	1.3223658645815892e-6
0.0010290898192656926	1.3223661152697747e-6
0.0010340197375583503	1.3223663683658073e-6
0.001038973272928853	1.3223666238928144e-6
0.001043950538516272	1.3223668818741484e-6
0.001048951648001675	1.3223671423333855e-6
0.0010539767156107266	1.322367405294328e-6
0.0010590258561162958	1.322367670781006e-6
0.0010640991848410817	1.3223679388176826e-6
0.0010691968176602396	1.3223682094288528e-6
0.001074318871004033	1.3223684826392465e-6
0.001079465461860494	1.3223687584738323e-6
0.0010846367077780908	1.3223690369578182e-6
0.0010898327268684144	1.3223693181166535e-6
0.0010950536378088796	1.3223696019760333e-6
0.0011002995598454297	1.3223698885618993e-6
0.001105570612795263	1.3223701779004421e-6
0.0011108669170495733	1.3223704700181043e-6
0.0011161885935762914	1.3223707649415824e-6
0.0011215357639228535	1.3223710626978295e-6
0.0011269085502189791	1.3223713633140572e-6
0.0011323070751794544	1.3223716668177387e-6
0.0011377314621069383	1.322371973236612e-6
0.0011431818348947825	1.3223722825986804e-6
0.0011486583180298534	1.3223725949322173e-6
0.001154161036595381	1.322372910265767e-6
0.001159690116273813	1.3223732286281492e-6
0.0011652456833496896	1.322373550048458e-6
0.0011708278647125227	1.3223738745560707e-6
0.0011764367878596945	1.3223742021806432e-6
0.0011820725808993763	1.3223745329521192e-6
0.001187735372553445	1.3223748669007288e-6
0.0011934252921604281	1.322375204056993e-6
0.0011991424696784607	1.3223755444517248e-6
0.0012048870356882466	1.3223758881160346e-6
0.0012106591213960451	1.3223762350813324e-6
0.00121645885863667	1.3223765853793286e-6
0.0012222863798764948	1.3223769390420382e-6
0.0012281418182164814	1.3223772961017855e-6
0.0012340253073952233	1.3223776565912028e-6
0.001239936981791994	1.3223780205432388e-6
0.0012458769764298195	1.3223783879911563e-6
0.0012518454269785614	1.3223787589685395e-6
0.0012578424697580197	1.3223791335092943e-6
0.0012638682417410393	1.322379511647654e-6
0.0012699228805566412	1.3223798934181785e-6
0.0012760065244931714	1.3223802788557608e-6
0.0012821193125014505	1.3223806679956302e-6
0.0012882613841979516	1.3223810608733538e-6
0.001294432879867993	1.3223814575248396e-6
0.0013006339404689348	1.3223818579863413e-6
0.0013068647076334018	1.3223822622944626e-6
0.0013131253236725224	1.3223826704861557e-6
0.0013194159315791719	1.3223830825987304e-6
0.001325736675031241	1.322383498669854e-6
0.0013320876983949229	1.3223839187375575e-6
0.0013384691467280018	1.3223843428402338e-6
0.0013448811657831696	1.3223847710166484e-6
0.0013513239020113601	1.3223852033059373e-6
0.0013577975025650855	1.3223856397476137e-6
0.0013643021153018002	1.3223860803815692e-6
0.0013708378887872838	1.3223865252480802e-6
0.0013774049722990252	1.3223869743878081e-6
0.0013840035158296374	1.3223874278418083e-6
0.0013906336700902813	1.322387885651528e-6
0.0013972955865141125	1.3223883478588135e-6
0.001403989417259733	1.3223888145059143e-6
0.0014107153152146696	1.3223892856354835e-6
0.00141747343399887	1.3223897612905874e-6
0.0014242639279682047	1.3223902415147029e-6
0.0014310869522179944	1.3223907263517271e-6
0.001437942662586558	1.322391215845978e-6
0.0014448312156587638	1.3223917100422e-6
0.001451752768769609	1.322392208985567e-6
0.0014587074800078178	1.3223927127216874e-6
0.0014656955082194452	1.3223932212966071e-6
0.0014727170130115067	1.322393734756817e-6
0.0014797721547556298	1.3223942531492513e-6
0.001486861094591708	1.3223947765212979e-6
0.0014939839944315871	1.3223953049207993e-6
0.0015011410169627592	1.3223958383960586e-6
0.0015083323256520863	1.3223963769958412e-6
0.0015155580847495236	1.3223969207693836e-6
0.0015228184592918756	1.3223974697663938e-6
0.0015301136151065708	1.3223980240370586e-6
0.0015374437188154396	1.3223985836320463e-6
0.001544808937838524	1.3223991486025127e-6
0.0015522094403979073	1.3223997190001058e-6
0.0015596453955215464	1.322400294876969e-6
0.0015671169730471367	1.3224008762857483e-6
0.0015746243436259965	1.3224014632795932e-6
0.001582167678726955	1.3224020559121676e-6
0.0015897471506402731	1.3224026542376486e-6
0.0015973629324815843	1.322403258310734e-6
0.001605015198195838	1.3224038681866495e-6
0.0016127041225612773	1.3224044839211501e-6
0.0016204298811934366	1.322405105570527e-6
0.0016281926505491426	1.322405733191612e-6
0.0016359926079305485	1.3224063668417835e-6
0.0016438299314891905	1.322407006578973e-6
0.0016517048002300447	1.3224076524616667e-6
0.001659617394015624	1.322408304548914e-6
0.0016675678935700814	1.3224089629003324e-6
0.0016755564804833462	1.3224096275761109e-6
0.0016835833372152592	1.3224102986370195e-6
0.0016916486470997469	1.3224109761444103e-6
0.0016997525943490137	1.3224116601602254e-6
0.0017078953640577382	1.322412350747004e-6
0.001716077142207307	1.322413047967885e-6
0.0017242981156700666	1.3224137518866157e-6
0.0017325584722135826	1.3224144625675536e-6
0.001740858400504932	1.3224151800756782e-6
0.0017491980901150185	1.3224159044765915e-6
0.0017575777315228921	1.3224166358365265e-6
0.0017659975161201037	1.3224173742223544e-6
0.0017744576362150833	1.3224181197015866e-6
0.0017829582850375203	1.3224188723423871e-6
0.001791499656742785	1.3224196322135727e-6
0.0018000819464163592	1.3224203993846222e-6
0.0018087053500782991	1.3224211739256832e-6
0.0018173700646877016	1.3224219559075771e-6
0.0018260762881472082	1.3224227454018062e-6
0.001834824219307531	1.3224235424805609e-6
0.001843614057971983	1.322424347216725e-6
0.0018524460049010472	1.3224251596838835e-6
0.0018613202618169681	1.3224259799563291e-6
0.001870237031408347	1.322426808109069e-6
0.0018791965173347773	1.32242764421783e-6
0.0018881989242315027	1.3224284883590692e-6
0.0018972444577140782	1.3224293406099784e-6
0.0019063333243830732	1.3224302010484899e-6
0.0019154657318287954	1.3224310697532882e-6
0.0019246418886360213	1.3224319468038117e-6
0.001933862004388765	1.322432832280265e-6
0.0019431262896750722	1.3224337262636225e-6
0.0019524349560918178	1.3224346288356375e-6
0.0019617882162495438	1.3224355400788503e-6
0.0019711862837773226	1.3224364600765935e-6
0.0019806293733276243	1.3224373889130025e-6
0.0019901177005812263	1.3224383266730208e-6
0.001999651482252136	1.3224392734424098e-6
0.0020092309360925493	1.3224402293077558e-6
0.0020188562808978105	1.322441194356475e-6
0.0020285277365114174	1.3224421686768288e-6
0.002038245523830047	1.3224431523579236e-6
0.00204800986480859	1.3224441454897252e-6
0.002057820982465225	1.322445148163063e-6
0.00206767910088652	1.322446160469641e-6
0.002077584445232536	1.3224471825020458e-6
0.002087537241741979	1.322448214353752e-6
0.00209753771773737	1.3224492561191362e-6
0.0021075861016302275	1.3224503078934814e-6
0.0021176826229262905	1.3224513697729876e-6
0.0021278275122307583	1.322452441854778e-6
0.002138021001253565	1.3224535242369134e-6
0.002148263322814658	1.3224546170183957e-6
0.0021585547108493234	1.322455720299179e-6
0.002168895400413536	1.3224568341801804e-6
0.002179285627689314	1.3224579587632862e-6
0.0021897256299901195	1.3224590941513632e-6
0.0022002156457662865	1.3224602404482683e-6
0.0022107559146104525	1.322461397758857e-6
0.00222134667726304	1.3224625661889938e-6
0.002231988175617758	1.3224637458455614e-6
0.002242680652727118	1.3224649368364708e-6
0.0022534243528079872	1.3224661392706716e-6
0.002264219521247177	1.322467353258161e-6
0.0022750664046070315	1.3224685789099944e-6
0.0022859652506310685	1.3224698163382948e-6
0.002296916308249642	1.322471065656267e-6
0.0023079198275856153	1.3224723269782015e-6
0.002318976059960082	1.3224736004194912e-6
0.0023300852578981104	1.3224748860966367e-6
0.0023412476751344994	1.3224761841272619e-6
0.0023524635666195798	1.32247749463012e-6
0.0023637331885250456	1.32247881772511e-6
0.0023750567982497896	1.3224801535332813e-6
0.002386434654425791	1.3224815021768508e-6
0.002397867016924021	1.3224828637792096e-6
0.002409354146860385	1.3224842384649373e-6
0.0024208963066016725	1.3224856263598115e-6
0.0024324937597715586	1.3224870275908208e-6
0.0024441467712566305	1.3224884422861752e-6
0.002455855607212423	1.3224898705753191e-6
0.0024676205350695063	1.3224913125889434e-6
0.0024794418235396004	1.3224927684589945e-6
0.002491319742621698	1.3224942383186912e-6
0.002503254563608241	1.3224957223025328e-6
0.002515246559091312	1.3224972205463129e-6
0.00252729600296887	1.3224987331871335e-6
0.0025394031704509927	1.3225002603634148e-6
0.002551568338066167	1.3225018022149107e-6
0.0025637917836676153	1.3225033588827194e-6
0.002576073786439625	1.3225049305092963e-6
0.0025884146269039335	1.3225065172384701e-6
0.002600814586926142	1.322508119215452e-6
0.0026132739497221388	1.3225097365868536e-6
0.0026257929998645753	1.3225113695006942e-6
0.002638372023289374	1.322513018106421e-6
0.0026510113073022422	1.3225146825549192e-6
0.002663711140585244	1.3225163629985255e-6
0.0026764718132034006	1.3225180595910441e-6
0.0026892936166112986	1.3225197724877607e-6
0.0027021768436597568	1.322521501845453e-6
0.0027151217886025214	1.322523247822413e-6
0.0027281287471029717	1.3225250105784519e-6
0.002741198016240881	1.3225267902749217e-6
0.002754329894519208	1.3225285870747296e-6
0.002767524681870902	1.3225304011423486e-6
0.002780782679665759	1.3225322326438364e-6
0.002794104190717313	1.3225340817468513e-6
0.0028074895192897378	1.3225359486206628e-6
0.002820938971104803	1.3225378334361732e-6
0.002834452853348866	1.3225397363659305e-6
0.00284803147467987	1.3225416575841417e-6
0.002861675145234407	1.3225435972666952e-6
0.002875384176634794	1.3225455555911708e-6
0.0028891588819962024	1.3225475327368593e-6
0.0029029995759337936	1.3225495288847784e-6
0.002916906574569911	1.322551544217689e-6
0.0029308801955413113	1.3225535789201122e-6
0.0029449207580064004	1.3225556331783472e-6
0.0029590285826525324	1.3225577071804869e-6
0.0029732039917033425	1.3225598011164364e-6
0.0029874473089260903	1.3225619151779304e-6
0.0030017588596390637	1.3225640495585496e-6
0.0030161389707190063	1.322566204453741e-6
0.0030305879706085934	1.3225683800608325e-6
0.0030451061893239165	1.3225705765790557e-6
0.003059693958462029	1.3225727942095592e-6
0.00307435161120853	1.3225750331554312e-6
0.0030890794823451554	1.3225772936217154e-6
0.0031038779082574342	1.3225795758154324e-6
0.0031187472269423792	1.322581879945596e-6
0.003133687778016191	1.3225842062232355e-6
0.003148699902722021	1.3225865548614134e-6
0.0031637839439377768	1.3225889260752444e-6
0.0031789402461839355	1.3225913200819167e-6
0.003194169155631419	1.3225937371007123e-6
0.003209471020109513	1.3225961773530262e-6
0.003224846189113792	1.322598641062385e-6
0.0032402950138141085	1.3226011284544733e-6
0.003255817847062627	1.3226036397571488e-6
0.0032714150434018626	1.322606175200464e-6
0.003287086959072787	1.3226087350166926e-6
0.003302833952022977	1.322611319440344e-6
0.00331865638191477	1.32261392870819e-6
0.003334554610133486	1.3226165630592837e-6
0.003350528999795695	1.3226192227349835e-6
0.003366579915757491	1.322621907978975e-6
0.0033827077246228296	1.3226246190372914e-6
0.003398912794751919	1.3226273561583403e-6
0.0034151954962696076	1.322630119592922e-6
0.003431556201073851	1.322632909594258e-6
0.003447995282844214	1.3226357264180085e-6
0.0034645131170503865	1.3226385703223013e-6
0.0034811100809607736	1.3226414415677513e-6
0.0034977865536511025	1.322644340417488e-6
0.003514542916013098	1.3226472671371788e-6
0.0035313795507631598	1.3226502219950522e-6
0.0035482968424511165	1.3226532052619244e-6
0.003565295177469004	1.3226562172112235e-6
0.003582374944059903	1.322659258119014e-6
0.0035995365323267864	1.3226623282640252e-6
0.003616780334241439	1.3226654279276738e-6
0.003634106743653423	1.3226685573940908e-6
0.003651516156299047	1.3226717169501505e-6
0.0036690089698104226	1.3226749068854913e-6
0.0036865855837245514	1.3226781274925497e-6
0.0037042463994924305	1.3226813790665812e-6
0.0037219918204882342	1.3226846619056915e-6
0.0037398222520185357	1.3226879763108618e-6
0.003757738101331543	1.3226913225859777e-6
0.003775739777626413	1.3226947010378588e-6
0.0037938276920626065	1.3226981119762841e-6
0.0038120022577692583	1.322701555714023e-6
0.003830263889854623	1.3227050325668631e-6
0.00384861300541557	1.3227085428536397e-6
0.0038670500235470848	1.3227120868962674e-6
0.0038855753653518517	1.322715665019766e-6
0.0039041894539498874	1.322719277552294e-6
0.003922892714488178	1.3227229248251778e-6
0.003941685574150403	1.3227266071729418e-6
0.003960568462166704	1.3227303249333407e-6
0.003979541809823461	1.32273407844739e-6
0.003998606050473165	1.3227378680593984e-6
0.0040177616195443125	1.322741694116999e-6
0.0040370089545513415	1.3227455569711823e-6
0.004056348495104626	1.3227494569763273e-6
0.0040757806829205346	1.3227533944902364e-6
0.004095305961831493	1.3227573698741673e-6
0.004114924777796138	1.3227613834928676e-6
0.004134637578909493	1.3227654357146075e-6
0.004154444815413222	1.322769526911215e-6
0.004174346939705888	1.3227736574581096e-6
0.004194344406353295	1.3227778277343378e-6
0.004214437672098885	1.3227820381226088e-6
0.004234627195874148	1.3227862890093288e-6
0.004254913438809116	1.322790580784637e-6
0.004275296864242887	1.322794913842446e-6
0.004295777937734229	1.3227992885804702e-6
0.004316357127072185	1.3228037054002703e-6
0.004337034902286768	1.3228081647072882e-6
0.004357811735659714	1.3228126669108836e-6
0.0043786881017352395	1.3228172124243741e-6
0.0043996644773308955	1.3228218016650704e-6
0.004420741341548468	1.3228264350543208e-6
0.0044419191757848996	1.3228311130175441e-6
0.004463198463743291	1.3228358359842738e-6
0.00448457969144397	1.3228406043881956e-6
0.0045060633472355565	1.3228454186671901e-6
0.004527649921806139	1.3228502792633712e-6
0.004549339908194489	1.3228551866231284e-6
0.004571133801801296	1.3228601411971694e-6
0.004593032100400501	1.3228651434405602e-6
0.00461503530415067	1.322870193812769e-6
0.0046371439156064	1.3228752927777092e-6
0.004659358439729807	1.3228804408037808e-6
0.004681679383902069	1.322885638363917e-6
0.0047041072579349945	1.3228908859356264e-6
0.004726642574082675	1.3228961840010374e-6
0.004749285847053203	1.322901533046944e-6
0.004772037594020397	1.3229069335648519e-6
0.004794898334635626	1.3229123860510237e-6
0.004817868591039699	1.3229178910065248e-6
0.004840948887874757	1.3229234489372716e-6
0.004864139752296269	1.3229290603540761e-6
0.0048874417139850935	1.3229347257726973e-6
0.004910855305159541	1.3229404457138884e-6
0.004934381060587552	1.3229462207034423e-6
0.004958019517598901	1.322952051272246e-6
0.004981771216097488	1.3229579379563257e-6
0.005005636698573643	1.3229638812968997e-6
0.005029616510116532	1.3229698818404297e-6
0.0050537111984266	1.3229759401386687e-6
0.005077921313828101	1.3229820567487163e-6
0.005102247409281635	1.322988232233068e-6
0.005126690040396794	1.32299446715967e-6
0.005151249765444869	1.3230007621019714e-6
0.005175927145371566	1.3230071176389794e-6
0.005200722743809836	1.3230135343553109e-6
0.005225637127092769	1.3230200128412503e-6
0.005250670864266486	1.3230265536928032e-6
0.005275824527103163	1.323033157511754e-6
0.005301098690114102	1.3230398249057187e-6
0.005326493930562817	1.323046556488206e-6
0.005352010828478242	1.323053352878675e-6
0.00537764996666799	1.3230602147025894e-6
0.005403411930731636	1.3230671425914809e-6
0.005429297309074103	1.3230741371830044e-6
0.0054553066929191206	1.3230811991210022e-6
0.005481440676322698	1.3230883290555618e-6
0.005507699856186704	1.323095527643078e-6
0.005534084832272521	1.323102795546314e-6
0.0055605962072147064	1.3231101334344651e-6
0.00558723458653478	1.3231175419832205e-6
0.0056140005786550614	1.3231250218748274e-6
0.005640894794912541	1.3231325737981564e-6
0.005667917849572856	1.3231401984487653e-6
0.005695070359844339	1.323147896528964e-6
0.005722352945892078	1.3231556687478816e-6
0.005749766230852103	1.3231635158215351e-6
0.005777310840845631	1.323171438472894e-6
0.005804987404993333	1.3231794374319499e-6
0.005832796555429723	1.3231875134357862e-6
0.005860738927317614	1.3231956672286463e-6
0.005888815158862583	1.3232038995620046e-6
0.00591702589132758	1.3232122111946397e-6
0.005945371769047557	1.3232206028927008e-6
0.005973853439444211	1.323229075429786e-6
0.006002471553040735	1.3232376295870124e-6
0.006031226763476698	1.3232462661530906e-6
0.0060601197275229664	1.3232549859243996e-6
0.006089151105096723	1.3232637897050632e-6
0.006118321559276507	1.3232726783070226e-6
0.006147631756317379	1.3232816525501198e-6
0.006177082365666151	1.3232907132621681e-6
0.006206674059976644	1.3232998612790363e-6
0.006236407515125068	1.323309097444725e-6
0.006266283410225479	1.3233184226114487e-6
0.006296302427645252	1.3233278376397142e-6
0.006326465253020684	1.3233373433984046e-6
0.006356772575272677	1.3233469407648622e-6
0.006387225086622427	1.3233566306249686e-6
0.006417823482607264	1.3233664138732335e-6
0.006448568462096546	1.3233762914128769e-6
0.006479460727307594	1.3233862641559153e-6
0.006510500983821741	1.3233963330232498e-6
0.006541689940600471	1.3234064989447532e-6
0.006573028310001571	1.3234167628593578e-6
0.006604516807795426	1.3234271257151463e-6
0.00663615615318138	1.3234375884694418e-6
0.006667947068804125	1.3234481520888998e-6
0.006699890280770229	1.3234588175495972e-6
0.006731986518664738	1.3234695858371307e-6
0.006764236515567798	1.323480457946707e-6
0.006796641008071425	1.32349143488324e-6
0.00682920073629634	1.3235025176614455e-6
0.006861916443908842	1.3235137073059394e-6
0.006894788878137805	1.3235250048513363e-6
0.006927818789791774	1.3235364113423461e-6
0.006961006933276064	1.323547927833876e-6
0.006994354066610017	1.3235595553911323e-6
0.007027860951444336	1.3235712950897201e-6
0.007061528353078435	1.3235831480157487e-6
0.007095357040477949	1.323595115265936e-6
0.007129347786292286	1.3236071979477103e-6
0.007163501366872298	1.323619397179322e-6
0.007197818562287972	1.323631714089947e-6
0.007232300156346278	1.3236441498197967e-6
0.0072669469366090506	1.323656705520228e-6
0.007301759694411013	1.323669382353853e-6
0.007336739224877802	1.3236821814946535e-6
0.007371886326944155	1.3236951041280893e-6
0.007407201803372177	1.3237081514512193e-6
0.007442686460769631	1.3237213246728095e-6
0.007478341109608386	1.3237346250134573e-6
0.007514166564242948	1.3237480537057013e-6
0.007550163642929015	1.3237616119941472e-6
0.007586333167842191	1.3237753011355842e-6
0.007622675965096786	1.3237891223991082e-6
0.007659192864764637	1.3238030770662439e-6
0.007695884700894094	1.3238171664310688e-6
0.007732752311529085	1.3238313918003388e-6
0.007769796538728223	1.3238457544936153e-6
0.00780701822858405	1.3238602558433916e-6
0.00784441823124239	1.3238748971952246e-6
0.007881997400921723	1.3238896799078633e-6
0.007919756595932711	1.3239046053533807e-6
0.007957696678697834	1.32391967491731e-6
0.007995818515771032	1.3239348899987755e-6
0.008034122977857527	1.323950252010631e-6
0.008072610939833736	1.3239657623795972e-6
0.008111283280767195	1.3239814225464e-6
0.00815014088393667	1.323997233965913e-6
0.008189184636852356	1.3240131981072936e-6
0.008228415431276089	1.324029316454135e-6
0.008267834163241752	1.3240455905046037e-6
0.008307441733075753	1.3240620217715893e-6
0.008347239045417548	1.3240786117828539e-6
0.00838722700924033	1.3240953620811755e-6
0.008427406537871777	1.3241122742245071e-6
0.008467778549014947	1.3241293497861228e-6
0.008508343964769181	1.3241465903547753e-6
0.008549103711651199	1.3241639975348512e-6
0.008590058720616276	1.3241815729465276e-6
0.008631209927079466	1.3241993182259323e-6
0.008672558270936994	1.3242172350253035e-6
0.008714104696587701	1.3242353250131547e-6
0.008755850152954664	1.3242535898744358e-6
0.008797795593506803	1.3242720313107004e-6
0.00883994197628069	1.3242906510402737e-6
0.00888229026390246	1.324309450798423e-6
0.008924841423609737	1.324328432337526e-6
0.008967596427273761	1.3243475974272472e-6
0.009010556251421602	1.32436694785471e-6
0.009053721877258423	1.3243864854246773e-6
0.009097094290689906	1.3244062119597243e-6
0.009140674482344804	1.3244261293004248e-6
0.009184463447597511	1.3244462393055312e-6
0.009228462186590824	1.3244665438521573e-6
0.009272671704258812	1.3244870448359692e-6
0.009317093010349718	1.3245077441713676e-6
0.00936172711944904	1.324528643791684e-6
0.009406575051002742	1.32454974564937e-6
0.009451637829340484	1.3245710517161915e-6
0.00949691648369903	1.3245925639834267e-6
0.009542412048245803	1.3246142844620644e-6
0.009588125562102439	1.3246362151830048e-6
0.009634058069368545	1.324658358197261e-6
0.009680210619145585	1.3246807155761667e-6
0.009726584265560782	1.324703289411581e-6
0.009773180067791213	1.3247260818161e-6
0.009819999090088042	1.3247490949232678e-6
0.009867042401800766	1.32477233088779e-6
0.009914311077401664	1.3247957918857511e-6
0.009961806196510369	1.324819480114832e-6
0.010009528843918473	1.3248433977945349e-6
0.010057480109614334	1.3248675471663993e-6
0.010105661088807975	1.3248919304942371e-6
0.010154072881956076	1.3249165500643532e-6
0.010202716594787137	1.324941408185782e-6
0.010251593338326719	1.3249665071905159e-6
0.0103007042289228	1.3249918494337474e-6
0.010350050388271317	1.3250174372941007e-6
0.01039963294344174	1.3250432731738774e-6
0.010449453026902849	1.3250693594993002e-6
0.010499511776548584	1.3250956987207552e-6
0.010549810335724021	1.3251222933130457e-6
0.01060034985325152	1.3251491457756434e-6
0.010651131483456942	1.3251762586329404e-6
0.010702156386196005	1.3252036344345064e-6
0.010753425726880797	1.3252312757553546e-6
0.010804940676506393	1.3252591851961975e-6
0.010856702411677568	1.3252873653837174e-6
0.010908712114635724	1.325315818970834e-6
0.010960970973285834	1.3253445486369765e-6
0.011013480181223624	1.3253735570883578e-6
0.011066240937762815	1.325402847058254e-6
0.011119254447962494	1.3254324213072843e-6
0.011172521922654678	1.3254622826236956e-6
0.011226044578471948	1.325492433823648e-6
0.011279823637875221	1.3255228777515098e-6
0.011333860329181713	1.3255536172801462e-6
0.011388155886592944	1.3255846553112187e-6
0.011442711550222973	1.3256159947754858e-6
0.011497528566126698	1.3256476386331068e-6
0.011552608186328306	1.3256795898739472e-6
0.011607951668849899	1.325711851517891e-6
0.011663560277740213	1.3257444266151535e-6
0.011719435283103466	1.3257773182466003e-6
0.011775577961128412	1.3258105295240672e-6
0.011831989594117461	1.3258440635906853e-6
0.011888671470515958	1.3258779236212099e-6
0.011945624884941644	1.3259121128223525e-6
0.012002851138214187	1.3259466344331153e-6
0.012060351537384927	1.3259814917251334e-6
0.012118127395766717	1.3260166880030164e-6
0.012176180032963894	1.3260522266046977e-6
0.012234510774902462	1.326088110901783e-6
0.012293120953860356	1.3261243442999086e-6
0.012352011908497851	1.3261609302391007e-6
0.01241118498388818	1.326197872194136e-6
0.01247064153154821	1.3262351736749136e-6
0.012530382909469348	1.3262728382268238e-6
0.01259041048214855	1.3263108694311271e-6
0.012650725620619453	1.3263492709053305e-6
0.012711329702483736	1.326388046303578e-6
0.012772224111942565	1.3264271993170347e-6
0.012833410239828187	1.3264667336742855e-6
0.012894889483635735	1.3265066531417296e-6
0.012956663247555133	1.3265469615239857e-6
0.01301873294250314	1.3265876626642988e-6
0.013081099986155625	1.3266287604449539e-6
0.013143765802979896	1.3266702587876916e-6
0.013206731824267277	1.326712161654131e-6
0.013269999488165787	1.3267544730461983e-6
0.013333570239712954	1.3267971970065552e-6
0.013397445530868876	1.3268403376190397e-6
0.013461626820549346	1.3268838990091055e-6
0.013526115574659171	1.3269278853442727e-6
0.01359091326612569	1.3269723008345768e-6
0.013656021374932364	1.3270171497330287e-6
0.013721441388152622	1.3270624363360778e-6
0.01378717479998382	1.3271081649840818e-6
0.013853223111781327	1.3271543400617802e-6
0.013919587832092878	1.3272009659987727e-6
0.013986270476692991	1.3272480472700086e-6
0.01405327256861758	1.3272955883962768e-6
0.014120595638198783	1.3273435939447016e-6
0.01418824122309986	1.3273920685292476e-6
0.014256210868350362	1.3274410168112296e-6
0.014324506126381401	1.3274904434998273e-6
0.014393128557061083	1.3275403533526064e-6
0.014462079727730183	1.327590751176048e-6
0.014531361213237915	1.3276416418260822e-6
0.014600974595977884	1.3276930302086273e-6
0.014670921465924277	1.3277449212801405e-6
0.014741203420668142	1.3277973200481687e-6
0.014811822065453869	1.32785023157191e-6
0.014882779013215898	1.3279036609627823e-6
0.014954075884615501	1.327957613384997e-6
0.01502571430807785	1.3280120940561389e-6
0.015097695919829191	1.328067108247757e-6
0.015170022363934188	1.328122661285959e-6
0.01524269529233352	1.3281787585520136e-6
0.015315716364881592	1.3282354054829615e-6
0.015389087249384419	1.328292607572235e-6
0.015462809621637775	1.3283503703702811e-6
0.015536885165465407	1.3284086994851944e-6
0.015611315572757549	1.3284676005833606e-6
0.015686102543509533	1.3285270793901048e-6
0.01576124778586061	1.3285871416903472e-6
0.015836753016132986	1.328647793329269e-6
0.01591261995887103	1.3287090402129875e-6
0.015988850346880617	1.3287708883092358e-6
0.01606544592126876	1.3288333436480556e-6
0.016142408431483346	1.3288964123224938e-6
0.01621973963535309	1.328960100489314e-6
0.016297441299127715	1.3290244143697095e-6
0.01637551519751824	1.3290893602500332e-6
0.01645396311373758	1.3291549444825292e-6
0.016532786839541232	1.3292211734860802e-6
0.01661198817526819	1.3292880537469595e-6
0.016691568929882102	1.3293555918195964e-6
0.016771530921012575	1.3294237943273474e-6
0.01685187597499665	1.3294926679632818e-6
0.01693260592692059	1.3295622194909719e-6
0.01701372262066171	1.3296324557453e-6
0.017095227908930564	1.3297033836332698e-6
0.017177123653313232	1.329775010134831e-6
0.017259411724313806	1.3298473423037161e-6
0.01734209400139717	1.3299203872682813e-6
0.017425172373031907	1.3299941522323699e-6
0.017508648736733384	1.3300686444761756e-6
0.01759252499910718	1.3301438713571224e-6
0.017676803075892568	1.3302198403107573e-6
0.017761484892006272	1.3302965588516489e-6
0.017846572381586476	1.3303740345743068e-6
0.017932067488036944	1.3304522751541035e-6
0.018017972164071458	1.3305312883482127e-6
0.018104288371758398	1.3306110819965646e-6
0.018191018082565524	1.3306916640228056e-6
0.018278163277405064	1.3307730424352753e-6
0.01836572594667893	1.3308552253279946e-6
0.01845370809032414	1.3309382208816728e-6
0.018542111717858585	1.3310220373647168e-6
0.01863093884842683	1.3311066831342658e-6
0.0187201915108463	1.3311921666372322e-6
0.018809871743653606	1.3312784964113598e-6
0.01889998159515106	1.3313656810862953e-6
0.01899052312345352	1.3314537293846724e-6
0.019081498396535373	1.3315426501232175e-6
0.019172909492277738	1.331632452213861e-6
0.01926475849851597	1.3317231446648692e-6
0.01935704751308735	1.331814736581993e-6
0.01944977864387892	1.3319072371696279e-6
0.01954295400887575	1.3320006557319928e-6
0.01963657573620919	1.332095001674326e-6
0.019730645964205578	1.3321902845040924e-6
0.019825166841435028	1.332286513832215e-6
0.019920140526760485	1.3323836993743176e-6
0.020015569189387086	1.3324818509519864e-6
0.020111455008911688	1.3325809784940519e-6
0.0202078001753726	1.3326810920378823e-6
0.020304606889299696	1.3327822017307051e-6
0.020401877361764575	1.3328843178309344e-6
0.020499613814431144	1.332987450709529e-6
0.020597818479606334	1.3330916108513628e-6
0.02069649360029104	1.333196808856615e-6
0.020795641430231424	1.3333030554421834e-6
0.02089526423397036	1.333410361443115e-6
0.020995364286899132	1.333518737814056e-6
0.021095943875309456	1.3336281956307284e-6
0.021197005296445626	1.3337387460914183e-6
0.02129855085855707	1.3338504005184965e-6
0.021400582880951015	1.3339631703599505e-6
0.021503103694045452	1.3340770671909487e-6
0.021606115639422406	1.334192102715418e-6
0.0217096210698814	1.3343082887676516e-6
0.021813622349493158	1.3344256373139344e-6
0.021918121853653653	1.3345441604541998e-6
0.022023121969138356	1.3346638704237002e-6
0.02212862509415668	1.3347847795947131e-6
0.02223463363840687	1.3349069004782646e-6
0.022341150023130925	1.3350302457258817e-6
0.022448176681169985	1.335154828131369e-6
0.02255571605701988	1.3352806606326151e-6
0.022663770606886895	1.3354077563134203e-6
0.022772342798743968	1.3355361284053596e-6
0.022881435112387015	1.3356657902896628e-6
0.022991050039491527	1.335796755499136e-6
0.02310119008366957	1.3359290377200993e-6
0.02321185776052687	1.3360626507943643e-6
0.02332305559772035	1.3361976087212338e-6
0.02343478613501584	1.3363339256595358e-6
0.023547051924346026	1.3364716159296916e-6
0.02365985552986883	1.3366106940158057e-6
0.023773199528025927	1.3367511745677998e-6
0.02388708650760156	1.3368930724035715e-6
0.02400151906978174	1.3370364025111873e-6
0.02411649982821361	1.337181180051115e-6
0.024232031409065134	1.3373274203584832e-6
0.024348116451085127	1.3374751389453814e-6
0.02446475760566345	1.3376243515031952e-6
0.024581957536891654	1.3377750739049762e-6
0.024699718921623776	1.3379273222078502e-6
0.02481804444953745	1.338081112655464e-6
0.024936936823195425	1.3382364616804721e-6
0.02505639875810723	1.3383933859070586e-6
0.02517643298279118	1.3385519021535042e-6
0.025297042238836775	1.3387120274347908e-6
0.02541822928096722	1.3388737789652501e-6
0.02553999687710242	1.3390371741612537e-6
0.025662347808422185	1.3392022306439454e-6
0.025785284869429693	1.3393689662420222e-6
0.025908810868015397	1.3395373989945537e-6
0.02603292862552113	1.339707547153854e-6
0.02615764097680449	1.3398794291883967e-6
0.026282950770303685	1.3400530637857768e-6
0.02640886086810253	1.3402284698557279e-6
0.026535374145995803	1.34040566653318e-6
0.02666249349355499	1.3405846731813736e-6
0.026790221814194215	1.3407655093950264e-6
0.026918562025236608	1.3409481950035473e-6
0.02704751705798093	1.3411327500743123e-6
0.027177089857768455	1.3413191949159858e-6
0.027307283384050352	1.3415075500819067e-6
0.02743810061045521	1.3416978363735244e-6
0.02756954452485694	1.3418900748438991e-6
0.027701618129443092	1.3420842868012574e-6
0.027834324440783334	1.3422804938126111e-6
0.02796766648989843	1.3424787177074356e-6
0.02810164732232944	1.3426789805814151e-6
0.028236269998207244	1.3428813048002471e-6
0.028371537592322495	1.3430857130035178e-6
0.028507453194195828	1.3432922281086424e-6
0.028644019908148372	1.343500873314874e-6
0.028781240853372757	1.3437116721073827e-6
0.02891911916400424	1.3439246482614081e-6
0.029057657989192392	1.3441398258464814e-6
0.029196860493172976	1.3443572292307237e-6
0.029336729855340176	1.3445768830852224e-6
0.02947726927031931	1.3447988123884827e-6
0.02961848194803974	1.3450230424309612e-6
0.02976037111380815	1.3452495988196765e-6
0.029902940008382308	1.3454785074829063e-6
0.03004619188804502	1.345709794674971e-6
0.03019013002467847	1.3459434869810978e-6
0.030334757705839068	1.3461796113223773e-6
0.030480078234832394	1.346418194960812e-6
0.030626094930788772	1.3466592655044531e-6
0.030772811128739013	1.346902850912634e-6
0.030920230179690568	1.3471489795013015e-6
0.031068355450704126	1.347397679948441e-6
0.031217190324970504	1.3476489812996097e-6
0.03136673820188784	1.3479029129735661e-6
0.03151700249713938	1.348159504768008e-6
0.031667986642771324	1.3484187868654195e-6
0.03181969408727138	1.3486807898390255e-6
0.031972128295647426	1.3489455446588605e-6
0.03212529274950662	1.349213082697953e-6
0.03227919094713506	1.3494834357386253e-6
0.032433826403577545	1.34975663597892e-6
0.032589202650717915	1.3500327160391398e-6
0.032745323237359736	1.3503117089685243e-6
0.03290219172930734	1.3505936482520496e-6
0.03305981170944724	1.3508785678173632e-6
0.03321818677783001	1.3511665020418488e-6
0.033377320551752465	1.3514574857598378e-6
0.03353721666584033	1.351751554269957e-6
0.03369787877213123	1.3520487433426217e-6
0.03385931054015806	1.3523490892276797e-6
0.03402151565703288	1.3526526286622037e-6
0.03418449782753111	1.3529593988784465e-6
0.034348260774176034	1.3532694376119438e-6
0.034512808237324014	1.353582783109796e-6
0.03467814397524975	1.3538994741390996e-6
0.03484427176423222	1.354219549995568e-6
0.03501119539864092	1.354543050512311e-6
0.03517891869102245	1.3548700160688075e-6
0.03534744547218769	1.3552004876000544e-6
0.03551677959129928	1.3555345066059068e-6
0.03568692491595943	1.3558721151606141e-6
0.03585788533229841	1.356213355922547e-6
0.036029664745063236	1.3565582721441403e-6
0.03620226707770679	1.356906907682028e-6
0.036375696272477574	1.3572593070074075e-6
0.03654995629050962	1.357615515216613e-6
0.036725051111913036	1.357975578041916e-6
0.03690098473586492	1.358339541862557e-6
0.03707776118070062	1.3587074537160141e-6
0.037255384484005616	1.3590793613095105e-6
0.03743385870270768	1.3594553130317763e-6
0.037613187913169505	1.3598353579650563e-6
0.037793376211281926	1.3602195458973922e-6
0.03797442771255732	1.360607927335159e-6
0.03815634655222372	1.3610005535158903e-6
0.038339136885319244	1.3613974764213751e-6
0.03852280288678692	1.3617987487910544e-6
0.03870734875157014	1.362204424135708e-6
0.038892778694708446	1.3626145567514541e-6
0.03907909695143372	1.3630292017340574e-6
0.03926630777726706	1.363448414993564e-6
0.03945441544811583	1.363872253269267e-6
0.03964342426037145	1.3643007741450093e-6
0.03983333853100747	1.3647340360648417e-6
0.0400241625976781	1.365172098349035e-6
0.0402159008188174	1.3656150212104668e-6
0.04040855757373882	1.3660628657713832e-6
0.04060213726273507	1.3665156940805509e-6
0.04079664430717883	1.3669735691308153e-6
0.040992083149623625	1.3674365548770641e-6
0.04118845825390524	1.367904716254621e-6
0.04138577410524384	1.3683781191980687e-6
0.04158403521034621	1.3688568306605278e-6
0.04178324609750888	1.3693409186333879e-6
0.04198341131672143	1.3698304521665217e-6
0.042184535439770424	1.3703255013889826e-6
0.042386623060343874	1.3708261375302023e-6
0.042589678794136165	1.3713324329417122e-6
0.04279370727895338	1.3718444611193884e-6
0.04299871317481939	1.3723622967262499e-6
0.04320470116408209	1.3728860156158203e-6
0.04341167595152055	1.3734156948560636e-6
0.043619642264452335	1.373951412753928e-6
0.04382860485284149	1.3744932488804954e-6
0.04403856848940709	1.375041284096772e-6
0.044249537969732244	1.3755956005801277e-6
0.044461518112373505	1.376156281851411e-6
0.04467451375897109	1.3767234128027567e-6
0.04488852977435942	1.37729707972611e-6
0.04510357104667811	1.3778773703424838e-6
0.0453196424874838	1.3784643738319817e-6
0.04553674903186215	1.3790581808645987e-6
0.045754895638540766	1.379658883631834e-6
0.04597408729000228	1.3802665758791352e-6
0.0461943289925982	1.380881352939202e-6
0.0464156257766633	1.3815033117661808e-6
0.046637982696630505	1.382132550970768e-6
0.04686140483114623	1.3827691708562646e-6
0.047085897283186566	1.383413273455603e-6
0.04731146518017363	1.3840649625693795e-6
0.04753811367409283	1.3847243438049311e-6
0.047765847941610484	1.3853915246164814e-6
0.04799467318419198	1.3860666143463992e-6
0.04822459462822073	1.3867497242675971e-6
0.048455617525117435	1.387440967627126e-6
0.04868774715145999	1.3881404596909796e-6
0.048920988809104136	1.388848317790174e-6
0.049155347825304486	1.3895646613681271e-6
0.049390829552836114	1.3902896120293993e-6
0.04962743937011699	1.3910232935898238e-6
0.049865182681330625	1.3917658321280888e-6
0.0501040649165497	1.3925173560388147e-6
0.05034409153185997	1.39327799608718e-6
0.05058526800948485	1.3940478854651472e-6
0.050827599857910744	1.394827159849354e-6
0.05107109261201281	1.3956159574607165e-6
0.05131575183318128	1.396414419125814e-6
0.05156158310944869	1.3972226883401128e-6
0.05180859205561727	1.398040911333107e-6
0.05205678431338739	1.3988692371354253e-6
0.05230616555148634	1.3997078176479957e-6
0.05255674146579771	1.400556807713334e-6
0.05280851777949166	1.4014163651890309e-6
0.05306150024315554	1.4022866510235298e-6
0.05331569463492517	1.4031678293342678e-6
0.05357110676061697	1.4040600674882776e-6
0.053827742453860475	1.4049635361853443e-6
0.0540856075762315	1.4058784095438003e-6
0.054344708017386216	1.4068048651890817e-6
0.05460504969519544	1.4077430843451233e-6
0.054866638555880004	1.4086932519287358e-6
0.05512948057414647	1.4096555566470446e-6
0.055393581753323526	1.4106301910981453e-6
0.05565894812549925	1.411617351875068e-6
0.05592558575165882	1.4126172396732178e-6
0.05619350072182284	1.4136300594013928e-6
0.05646269915518667	1.4146560202965548e-6
0.0567331872002599	1.4156953360424837e-6
0.057004971035007075	1.416748224892482e-6
0.057278056866988614	1.4178149097962923e-6
0.057552450933502565	1.4188956185314027e-6
0.05782815950172723	1.4199905838389258e-6
0.05810518886886422	1.4211000435642246e-6
0.05838354536228217	1.4222242408025148e-6
0.0586632353396615	1.42336342404962e-6
0.05894426518913937	1.424517847358127e-6
0.0592266413294558	1.425687770499153e-6
0.05951037021010015	1.4268734591299815e-6
0.05979545831145842	1.4280751849678081e-6
0.06008191214496133	1.4292932259698736e-6
0.06036973825323305	1.4305278665202652e-6
0.0606589432102405	1.4317793976236673e-6
0.06094953362144367	1.4330481171063997e-6
0.061241516123946425	1.4343343298250377e-6
0.061534897386647996	1.4356383478829882e-6
0.06182968411039551	1.4369604908553637e-6
0.06212588302813677	1.4383010860225416e-6
0.06242350090507431	1.4396604686128227e-6
0.06272254453881976	1.4410389820545892e-6
0.06302302075954903	1.4424369782384313e-6
0.06332493643015853	1.443854817789708e-6
0.06362829844642177	1.4452928703520285e-6
0.06393311373714683	1.446751514882194e-6
0.06423938926433476	1.4482311399571518e-6
0.06454713202333838	1.4497321440935395e-6
0.0648563490430223	1.451254936080452e-6
0.06516704738592335	1.452799935326074e-6
0.06547923414841174	1.4543675722188813e-6
0.0657929164608534	1.4559582885041415e-6
0.06610810148777273	1.4575725376764905e-6
0.06642479642801609	1.4592107853894037e-6
0.0667430085149165	1.4608735098824478e-6
0.06706274501645869	1.4625612024272253e-6
0.067384013235445	1.464274367792997e-6
0.06770682050966247	1.466013524733028e-6
0.0680311742120501	1.467779206492759e-6
0.06835708175086751	1.4695719613409826e-6
0.06868455056986404	1.4713923531252687e-6
0.0690135881484487	1.4732409618529708e-6
0.06934420200186114	1.47511838429923e-6
0.06967639968134325	1.4770252346434757e-6
0.07001018877431148	1.4789621451360284e-6
0.07034557690453044	1.4809297667965194e-6
0.0706825717322867	1.4829287701459397e-6
0.07102118095456401	1.4849598459742741e-6
0.071361412305219	1.4870237061457845e-6
0.07170327355515768	1.4891210844441694e-6
0.07204677251251322	1.491252737459971e-6
0.07239191702282412	1.4934194455227556e-6
0.07273871496921329	1.4956220136807918e-6
0.07308717427256833	1.497861272731132e-6
0.07343730289172239	1.5001380803032023e-6
0.07378910882363574	1.5024533219992534e-6
0.07414260010357875	1.5048079125952508e-6
0.07449778480531509	1.507202797306048e-6
0.07485467104128643	1.509638953118996e-6
0.07521326696279756	1.5121173902004115e-6
0.07557358076020251	1.5146391533797127e-6
0.07593562066309183	1.5172053237163677e-6
0.07629939494048038	1.5198170201552073e-6
0.07666491190099617	1.5224754012761057e-6
0.07703217989307036	1.5251816671444838e-6
0.07740120730512763	1.5279370612696393e-6
0.07777200256577804	1.5307428726784409e-6
0.0781445741440094	1.5336004381125882e-6
0.07851893054938065	1.5365111443582642e-6
0.0788950803322164	1.539476430717811e-6
0.0792730320838021	1.5424977916338263e-6
0.0796527944365802	1.5455767794770037e-6
0.08003437606434755	1.5487150075100197e-6
0.08041778568245316	1.5519141530408375e-6
0.0808030320479976	1.5551759607800278e-6
0.08119012396003292	1.5585022464179854e-6
0.08157907025976335	1.5618949004393907e-6
0.08196987983074769	1.5653558921938924e-6
0.0823625615991019	1.568887274243722e-6
0.08275712453370292	1.5724911870109611e-6
0.08315357764639382	1.5761698637493604e-6
0.08355192999218945	1.5799256358680227e-6
0.08395219066948312	1.5837609386369848e-6
0.08435436882025472	1.5876783173077424e-6
0.08475847363027923	1.591680433685113e-6
0.08516451432933675	1.5957700731905977e-6
0.0855725001914232	1.5999501524616026e-6
0.08598244053496204	1.6042237275355815e-6
0.08639434472301735	1.6085940026734695e-6
0.08680822216350752	1.6130643398827e-6
0.08722408230942004	1.6176382692068016e-6
0.0876419346590277	1.6223194998561405e-6
0.08806178875610515	1.6271119322628878e-6
0.08848365419014725	1.6320196711529872e-6
0.08890754059658791	1.6370470397388565e-6
0.08933345765702004	1.6421985951490234e-6
0.08976141509941696	1.647479145225132e-6
0.09019142269835445	1.6528937668329315e-6
0.09062349027523385	1.6584478258524485e-6
0.09105762769850669	1.664146999033797e-6
0.09149384488389989	1.6699972979295176e-6
0.09193215179464216	1.6760050951424958e-6
0.09237255844169186	1.682177153161034e-6
0.09281507488396527	1.6885206560902488e-6
0.09325971122856666	1.6950432446326936e-6
0.09370647763101901	1.7017530547219204e-6
0.09415538429549584	1.7086587602720542e-6
0.09460644147505452	1.7157696205759524e-6
0.09505965947187031	1.7230955329660694e-6
0.09551504863747154	1.7306470914483145e-6
0.0959726193729764	1.7384356521327905e-6
0.09643238212933003	1.7464734064200225e-6
0.09689434740754366	1.754773463061763e-6
0.09735852575893424	1.7633499404070699e-6
0.09782492778536529	1.7722180703743135e-6
0.09829356413948943	1.7813943159667204e-6
0.09876444552499139	1.790896504484084e-6
0.09923758269683244	1.8007439789904098e-6
0.09971298646149633	1.8109577710943693e-6
0.1001906676772359	1.8215607987093407e-6
0.10067063725432106	1.8325780932121755e-6
0.10115290615528795	1.8440370613528643e-6
0.10163748539518973	1.8559677884312509e-6
0.10212438604184758	1.8684033907177145e-6
0.10261361921610372	1.8813804269401981e-6
0.10310519609207577	1.894939381007002e-6
0.10359912789741137	1.9091252311417508e-6
0.10409542591354484	1.9239881244892566e-6
0.10459410147595527	1.939584181304527e-6
0.10509516597442475	1.955976459473302e-6
0.10559863085329878	1.9732361189089303e-6
0.10610450761174806	1.9914438371477185e-6
0.10661280780403043	2.0106915434043125e-6
0.10712354303975526	2.0310845601736513e-6
0.10763672498414832	2.052744271726546e-6
0.10815236535831874	2.0758114813784346e-6
0.10867047593952595	2.100450680083467e-6
0.10919106856144911	2.126855536867901e-6
0.1097141551144577	2.1552560514237255e-6
0.1102397475458824	2.1859280045251423e-6
0.11076785786028827	2.2192056423279023e-6
0.11129849811974937	2.2554990038440316e-6
0.11183168044412355	2.2953180668376147e-6
0.11236741701132952	2.339307165597372e-6
0.11290572005762545	2.388295342672714e-6
0.11344660187788769	2.4433722689598353e-6
0.11399007482589198	2.5060068518576537e-6
0.11453615131459592	2.578240554394751e-6
0.1150848438164218	2.6630191462278328e-6
0.11563616486354181	2.7647997130480097e-6
0.11619012704816466	2.8907564669641054e-6
0.11674674302282242	3.053453872568486e-6
0.11730602550066008	3.277768255857682e-6
0.11786798725572553	3.623707260963542e-6
0.11843264112326198	4.304894453122541e-6
0.119				1 		#Josu
0.120	10 		#Josu
0.121	100 	#Josu
0.122	1000 	#Josu
0.123	10000 	#Josu