# mN (GeV) Utau4sqr
0.004936905502043756 0.9776610049170047
0.0055095361919422344 0.6670488064085319
0.00594131460088711 0.5076454317232882
0.006814481384077179 0.3971113166635808
0.007604685535971804 0.3022451158458
0.008486521400755192 0.23004156824377645
0.00915160401029568 0.17506897561839407
0.010212889061965743 0.12965426010585543
0.011319487503355707 0.09342995352843111
0.01263226136022717 0.06732778174213076
0.01409728373530885 0.04851795407279726
0.015306510528005189 0.03794753838020786
0.016733971466649775 0.028101837310971836
0.018803741391778664 0.01766463151254089
0.021128798249843955 0.012729800190461535
0.023099079949087664 0.00968817825112894
0.025954545807203216 0.007788195328360878
0.029363736399876487 0.006092155127588701
0.031882694239166426 0.004636418775091406
0.03558003808893613 0.003433683459345112
0.03943578100701223 0.00234272193111381
0.043409673594633574 0.0017829949304978198
0.04713323774773057 0.001394540842659262
0.052239563129318975 0.0010613764197567137
0.0567213002262615 0.0007859803883391175
0.06158711709349984 0.0005981683251705833
0.067328352209877 0.0005078338617593108
0.07161601880190421 0.00039716986687602556
0.0782948153332177 0.00029412192358679336
0.08737503090548247 0.0002119510491975283
0.09817949924922277 0.00014862201592011725
0.11031776424686912 0.00011311989863147991
0.11815082882887284 0.00008608610269404666
0.13095195266730067 0.00006375317468069828
0.14815480790720828 0.00004721685749735502
0.16420450512524734 0.00003693215958280761
0.18705441852477236 0.000026615790586331537
0.20309943959545276 0.000020817113048067964
0.2251043726420277 0.000015416623624118375
0.25120737297995516 0.000011733735599306063
0.28227073377020334 0.000008227802814117162
0.31935415210181417 0.0000059293858261602785
0.353957172346437 0.000004272765443557331
0.3950099170256471 0.000002996041316976856
0.4408210628149335 0.0000021590165494242777
0.4786302545391338 0.0000017354277138720592
0.5232594605771633 0.000001357364510155179
0.5799405337171653 0.0000010911225753656665
0.6383717360570035 8.770851572265987e-7
0.6978910816692219 7.050195341987064e-7
0.7577542872472258 5.514197031610155e-7
0.8398308680920203 4.55542351357897e-7
0.9056171187369113 3.974465828974239e-7
0.9632372335122973 3.8680209953259255e-7
1.052803137306579 7.874241772101116e-7
1.0599852165881232 9.798802322670962e-7
1.1351104991833016 0.0000012195980755040617
1.166379453331009 0.0000031745488719251673