# m4 (MeV) Umu4^2
#1.05541468e+0 1.14872866e-2
1.00055414e+0 1.14872866e-2
1.12480585e+0 9.82116992e-3
1.19418808e+0 8.43141586e-3
1.25368793e+0 7.29822891e-3
1.31317884e+0 6.34345656e-3
1.38259681e+0 5.35669825e-3
1.46192175e+0 4.43569867e-3
1.54122658e+0 3.70730062e-3
1.61063339e+0 3.14679473e-3
1.67024939e+0 2.58163981e-3
1.71989365e+0 2.22544954e-3
1.76954685e+0 1.91050569e-3
1.82912711e+0 1.59346175e-3
1.88874312e+0 1.30728079e-3
1.93844099e+0 1.09936491e-3
1.97820733e+0 9.53559727e-4
2.02795435e+0 7.83912418e-4
2.08758822e+0 6.37839989e-4
2.13725929e+0 5.43074350e-4
2.17701223e+0 4.73971902e-4
2.22669223e+0 4.01891320e-4
2.27636777e+0 3.41476180e-4
2.31613411e+0 2.96187307e-4
2.35591385e+0 2.55320211e-4
2.39248584e+0 2.12069965e-4
2.43556716e+0 1.81681939e-4
2.46544218e+0 1.59547127e-4
2.50533808e+0 1.30352092e-4
2.55506723e+0 1.08048983e-4
2.59488718e+0 9.14276599e-5
2.63472053e+0 7.68859964e-5
2.67130146e+0 6.35989140e-5
2.71122416e+0 5.13220696e-5
2.75431442e+0 4.37870044e-5
2.81389915e+0 3.64454052e-5
2.91230755e+0 4.06585157e-5
2.99087523e+0 4.77581540e-5
3.07957280e+0 4.96293751e-5
3.14902919e+0 4.11724292e-5
3.19867792e+0 3.54187178e-5
3.28778026e+0 3.05329200e-5
3.40589536e+0 3.44161728e-5
3.52424278e+0 3.48479581e-5
3.63307415e+0 3.00413567e-5
3.89943849e+0 2.97393325e-5
4.01764295e+0 3.21669785e-5
4.13611546e+0 3.07428254e-5
4.22486485e+0 3.11920737e-5
4.28375710e+0 3.57424608e-5
4.35244685e+0 4.22439372e-5
4.44091389e+0 4.88288876e-5
4.54916090e+0 5.51295338e-5
4.66750832e+0 5.58211890e-5
4.78590488e+0 5.52535895e-5
4.90438186e+0 5.26984992e-5
4.98357500e+0 4.63754345e-5
5.02344857e+0 3.82821043e-5
5.06322831e+0 3.30000467e-5
5.10304826e+0 2.79236042e-5
5.12637821e+0 2.41699726e-5
5.16293232e+0 2.02419881e-5
5.18296963e+0 1.75570883e-5
5.24243820e+0 1.54184166e-5
5.33093294e+0 1.75953744e-5
5.37992493e+0 2.04975255e-5
5.42891692e+0 2.38783525e-5
5.49757540e+0 2.86321929e-5
5.58606120e+0 3.28098968e-5
5.66462887e+0 3.85390386e-5
5.75310128e+0 4.44363529e-5
5.85187379e+0 4.19027747e-5
5.91140267e+0 3.57879909e-5
5.95123603e+0 3.00958741e-5
5.99098897e+0 2.62663827e-5
6.04066897e+0 2.22718502e-5
6.12974450e+0 1.94386614e-5
6.20887956e+0 1.75711816e-5
6.23228546e+0 1.46851284e-5
6.25246126e+0 1.19483668e-5
6.30901247e+0 8.84192264e-6
6.32700985e+0 1.02612707e-5
6.37062103e+0 1.31930494e-5
6.40629726e+0 1.65706235e-5
6.44190648e+0 2.14668784e-5
6.48085524e+0 2.71580655e-5
6.50340782e+0 3.36562396e-5
6.58173424e+0 4.41908740e-5
6.70000571e+0 4.63420517e-5
6.80869859e+0 4.25878773e-5
6.87811210e+0 3.60373599e-5
6.91790524e+0 3.08733986e-5
6.94788748e+0 2.58025991e-5
6.97784292e+0 2.18331815e-5
7.03043964e+0 1.76916082e-5
7.03775378e+0 1.56323461e-5
7.09601610e+0 2.39588733e-5
7.15464922e+0 3.09428717e-5
7.23382449e+0 2.74557554e-5
7.26373525e+0 2.37161701e-5
7.35275270e+0 2.12617733e-5
7.43161077e+0 2.18409315e-5
7.46157067e+0 1.84428896e-5
7.47169878e+0 1.63298627e-5
7.50161401e+0 1.40766053e-5
7.53150243e+0 1.22853601e-5
7.56146680e+0 1.03526121e-5
7.64362516e+0 8.51350821e-6
7.72599160e+0 9.81332202e-6
7.74857545e+0 1.19870550e-5
7.81731345e+0 1.38553735e-5
7.88599516e+0 1.64365453e-5
7.92163788e+0 2.09663290e-5
7.94413685e+0 2.66341146e-5
7.99307523e+0 3.18046262e-5
8.08163698e+0 3.51894635e-5
8.21004326e+0 3.25735611e-5
8.29911879e+0 2.84298979e-5
8.37839682e+0 2.40572301e-5
8.44786170e+0 1.98797704e-5
8.53510193e+0 1.62828857e-5
8.54710555e+0 1.50804104e-5
8.63558465e+0 1.73343297e-5
8.73463863e+0 1.43541872e-5
8.84328772e+0 1.34607042e-5
8.89302044e+0 1.11391962e-5
8.92960583e+0 9.19518663e-6
9.01200226e+0 8.41532381e-6
9.10070698e+0 8.71623423e-6
9.13983445e+0 1.01537967e-5
9.15255825e+0 1.23772967e-5
9.18828586e+0 1.51816241e-5
9.26700096e+0 1.66592021e-5
9.35584418e+0 1.61861562e-5
9.43437611e+0 1.93288409e-5
9.48333683e+0 2.28443627e-5
9.50273079e+0 2.66666019e-5
9.52537272e+0 3.17116804e-5
9.60071030e+0 3.62634637e-5
9.68969201e+0 3.30514321e-5
9.73926479e+0 2.94472355e-5
9.77907134e+0 2.50719854e-5
9.77937961e+0 2.17460985e-5
9.79953754e+0 1.78400137e-5
9.81970887e+0 1.45452684e-5
9.84311030e+0 1.21813180e-5
9.87965995e+0 1.02227337e-5
9.93497363e+0 8.68090130e-6
1.00013179e+1 1.02448152e-5
1.00467858e+1 1.33076698e-5
1.01319691e+1 1.53503252e-5
1.01645292e+1 1.78083385e-5
1.01970178e+1 2.13531213e-5
1.02651018e+1 2.68718653e-5
1.03706342e+1 2.89199238e-5
1.04689220e+1 3.41107584e-5
1.05876268e+1 2.92850125e-5
1.06667440e+1 2.66908904e-5
1.07064969e+1 2.32946596e-5
1.07118112e+1 1.95285791e-5
1.07565790e+1 1.64056742e-5
1.07667674e+1 1.41271612e-5
1.07685523e+1 1.18781181e-5
1.07777466e+1 8.44435280e-6
1.07813708e+1 9.79630644e-6
1.08775560e+1 1.81254006e-5
1.10026827e+1 2.07584242e-5
1.10816703e+1 2.00857958e-5
1.11347636e+1 1.60755165e-5
1.11521069e+1 1.05980800e-5
1.11590943e+1 8.76636590e-6
1.11742306e+1 1.28885481e-5
1.12299866e+1 1.71029135e-5
1.12599063e+1 1.47126106e-5
1.13685884e+1 1.35878361e-5
1.14215941e+1 1.13235622e-5
1.15017586e+1 9.81917168e-6
1.15077156e+1 8.47011358e-6
1.15657019e+1 1.47465141e-5
1.15659699e+1 1.30299824e-5
1.16014741e+1 1.77183882e-5
1.16832540e+1 2.15550604e-5
1.17585738e+1 2.48531996e-5
1.18017534e+1 2.03473662e-5
1.18316418e+1 1.77581678e-5
1.18781542e+1 1.42418882e-5
1.19903006e+1 1.21265243e-5
1.20008665e+1 8.77213935e-6
1.20103138e+1 1.06358638e-5
1.20666907e+1 1.56551578e-5
1.20781743e+1 1.84334059e-5
1.20975750e+1 2.14511499e-5
1.21465379e+1 2.53265442e-5
1.22717540e+1 2.78334808e-5
1.22742316e+1 3.25763257e-5
1.23831836e+1 2.65618800e-5
1.24592807e+1 2.13909365e-5
1.24621936e+1 2.54375146e-5
1.25151579e+1 1.73946939e-5
1.25422356e+1 1.51276059e-5
1.26676942e+1 1.48639716e-5
1.27452785e+1 1.63365920e-5
1.28087706e+1 1.38408856e-5
1.28585837e+1 1.10363709e-5
1.28952585e+1 8.74214091e-6
1.29845842e+1 8.44399914e-6
1.30067794e+1 9.93557117e-6
1.30196104e+1 1.15263541e-5
1.30388748e+1 1.42842552e-5
1.30941974e+1 1.86392960e-5
1.31827681e+1 2.05381035e-5
1.32021397e+1 2.42229907e-5
1.32411868e+1 2.92853891e-5
1.33099592e+1 3.33165018e-5
1.33985589e+1 3.62216135e-5
1.34483908e+1 2.86330765e-5
1.34981235e+1 2.36948567e-5
1.35379712e+1 1.97950818e-5
1.35780637e+1 1.47697423e-5
1.35875842e+1 1.73120985e-5
1.37045332e+1 1.74416909e-5
1.37653823e+1 1.55215397e-5
1.37943459e+1 2.07609335e-5
1.38078247e+1 1.78591561e-5
1.38805622e+1 1.48649328e-5
1.39820398e+1 1.83469973e-5
1.40807118e+1 1.81227438e-5
1.41106494e+1 1.54618180e-5
1.41439779e+1 1.25804397e-5
1.41708060e+1 9.88327651e-6
1.42402552e+1 8.22624890e-6
1.43586652e+1 8.09237467e-6
1.44470527e+1 9.70360110e-6
1.44473297e+1 8.53878097e-6
1.44599552e+1 1.08918063e-5
1.44660848e+1 1.33868392e-5
1.44788711e+1 1.58538505e-5
1.45441860e+1 1.95025457e-5
1.46200034e+1 2.21982959e-5
1.46502618e+1 2.41306948e-5
1.46921109e+1 1.98948584e-5
1.47705222e+1 2.51181952e-5
1.48888786e+1 2.53286286e-5
1.49280418e+1 2.90231921e-5
1.50074047e+1 2.36154419e-5
1.51023347e+1 1.86411108e-5
1.51070194e+1 1.50955823e-5
1.52151395e+1 1.80716130e-5
1.52748614e+1 1.41186985e-5
1.53246678e+1 1.12927759e-5
1.53677500e+1 9.67061626e-6
1.53942985e+1 8.64437888e-6
1.54332365e+1 1.09904013e-5
1.54361807e+1 1.28821429e-5
1.54522150e+1 1.55420310e-5
1.54534346e+1 8.85045404e-6
1.54968849e+1 1.89124662e-5
1.55473486e+1 2.14047885e-5
1.56092431e+1 2.25319102e-5
1.56293832e+1 1.86378101e-5
1.56363884e+1 1.52898860e-5
1.56831957e+1 1.07017196e-5
1.57012619e+1 1.25646350e-5
1.57049263e+1 9.07402775e-6
1.57745721e+1 1.47342316e-5
1.58004307e+1 1.81097449e-5
1.58262491e+1 2.26756114e-5
1.58779988e+1 2.89557956e-5
1.59646606e+1 1.96697365e-5
1.59741700e+1 2.31747328e-5
1.59749809e+1 1.59380237e-5
1.60050837e+1 1.25987654e-5
1.60253221e+1 9.95905564e-6
1.60750199e+1 8.37512219e-6
1.61439912e+1 8.69237131e-6
1.61832437e+1 9.55777030e-6
1.61889871e+1 1.28404507e-5
1.62718814e+1 1.02105946e-5
1.62721897e+1 8.85612343e-6
1.62863498e+1 1.18821314e-5
1.63199709e+1 1.80425238e-5
1.63360365e+1 2.14558948e-5
1.63585802e+1 2.66996095e-5
1.64173348e+1 3.26012678e-5
1.64961473e+1 3.42013230e-5
1.65853167e+1 2.85852520e-5
1.67040260e+1 2.44906496e-5
1.68028432e+1 2.26228381e-5
1.68441231e+1 1.86995529e-5
1.69608028e+1 2.13339644e-5
1.70291173e+1 2.99843933e-5
1.70616237e+1 3.56574428e-5
1.71465533e+1 4.62428801e-5
1.72455630e+1 3.90826896e-5
1.73346314e+1 3.42237596e-5
1.74182631e+1 3.78268791e-5
1.74622089e+1 4.64454971e-5
1.75155506e+1 5.11423825e-5
1.75512666e+1 4.08730184e-5
1.75813091e+1 3.32217862e-5
1.76300100e+1 2.66894490e-5
1.76930959e+1 3.33964536e-5
1.77781874e+1 4.01905330e-5
1.78869908e+1 3.50965531e-5
1.80021394e+1 3.41006715e-5
1.81044749e+1 2.83256080e-5
1.81933717e+1 2.68484774e-5
1.82634442e+1 1.51334198e-5
1.82890361e+1 2.32982783e-5
1.83511146e+1 2.79826251e-5
1.83902600e+1 3.23299468e-5
1.84145527e+1 3.83277645e-5
1.84980549e+1 4.49741844e-5
1.85771765e+1 4.09058278e-5
1.86169786e+1 3.48999771e-5
1.86784219e+1 3.06234977e-5
1.87261026e+1 2.62842222e-5
1.87856002e+1 2.27750836e-5
1.87938367e+1 1.94227206e-5
1.88221010e+1 1.47658100e-5
1.88645342e+1 2.25893508e-5
1.88648291e+1 1.97144040e-5
1.88741709e+1 2.50952087e-5
1.88771151e+1 2.94147645e-5
1.89029000e+1 3.74050501e-5
1.89848474e+1 4.21176672e-5
1.90312527e+1 3.54921203e-5
1.90612617e+1 2.92978941e-5
1.90881568e+1 2.23154241e-5
1.91579194e+1 1.99644693e-5
1.92696498e+1 2.72717900e-5
1.93439705e+1 1.96521837e-5
1.94327198e+1 2.27115395e-5
1.94493108e+1 2.87085071e-5
1.94783668e+1 3.87220600e-5
1.95384881e+1 3.41689040e-5
