0.15993645006092658	0.03162276318855668
0.16237770498993423	0.03162276318855668
0.16737257288496837	0.03162276318855668
0.17252108690580775	0.03162276318855668
0.18329810381915607	0.03162276318855668
0.20691384242547872	0.03162276318855668
0.2636651268715112	0.03162276318855668
0.3359818672025673	0.03162276318855668
0.42813327810292434	0.03162276318855668
0.545559512914557	0.03162276318855668
0.6951928227826671	0.03162276318855668
0.8858668017108228	0.03162276318855668
1.1288378772844376	0.03162276318855668
1.4384498332380244	0.03162276318855668
1.5283066644222212	0.03162276318855668
1.6237766563325655	0.03162276318855668
1.6737253231764786	0.03162276318855668
1.699272909067331	0.03162276318855668
1.7121925655908186	0.03162276318855668
1.7186891831046434	0.03162276318855668
1.7215391991204603	0.03162276318855668
1.7227748237672844	0.03154467657718783
1.724802147724145	0.03141387610883217
1.7252104509060402	0.03139111296156344
1.7270490116658692	0.03126459133237077
1.728071280812967	0.03120636885198448
1.7294011353795096	0.03113213121802672
1.7315515241911854	0.031006653412675642
1.7313466101087953	0.031000232303466296
1.7315515241911854	0.030993812523992314
1.7317564625262472	0.030993812523992314
1.7351414490910182	0.030795457408937302
1.7362840904831705	0.030732140881286514
1.7383273118513902	0.030617785610335284
1.7387388167730073	0.030592035173866435
1.7409008163354711	0.030468734221292492
1.74245963596217	0.03038995666313683
1.7449230931238295	0.030254935418109676
1.745542729249428	0.030207976252471094
1.7461625854127634	0.0301892130006534
1.747920040153118	0.03009868811629166
1.7480234749107	0.030083107835468612
1.7499898986784805	0.0299897953689529
1.7505077461797574	0.029958755577557145
1.7515439009435119	0.029909158720713223
1.7536180507859707	0.029791695008816656
1.755486885590565	0.029711591013396377
1.7577737219031284	0.029594903218885818
1.7581898302693268	0.02958417873487649
1.7604801876517957	0.029466465596743513
1.7648609764204695	0.029268791059625068
1.7661146314267755	0.029205210831213465
1.7687292736131983	0.029093524385974918
1.7709285642017445	0.028994272546264053
1.7715574350778065	0.028967262675833966
1.7749677019288606	0.02882064973780103
1.7762810903593371	0.028763999683463
1.7782793022852499	0.028680718292250263
1.7784897711014493	0.02863027227699549
1.7784897711014493	0.028624343288060853
1.7793318954967738	0.02847061979886075
1.7793318954967738	0.028441152372071322
1.7796477949377172	0.028402890308729938
1.7801744186424924	0.028305994550112012
1.7803851117557954	0.02825328171612714
1.7808098658524176	0.028183059403182848
1.7809119536433564	0.028139407090619566
1.7812281336050313	0.028066652057133535
1.7818606619404427	0.027968006996308612
1.782071554629611	0.027881255197570672
1.7825988955601835	0.027814927762057177
1.782915375018546	0.02769708299406818
1.7839707123989306	0.027542634307924908
1.7841851541224611	0.027514127357047457
1.7842346443345585	0.027492766508235834
1.7850266744511323	0.02734653590749435
1.7850794889580093	0.027332380250366353
1.7858851038372103	0.027174688383846197
1.786083261544904	0.027123731223329773
1.7868232446083905	0.026972479748521246
1.7873519916332405	0.02685542306695147
1.7881983123372691	0.026711199344637535
1.7886216229539387	0.02661731825476992
1.7889391716766816	0.02654300073586746
1.790209930438144	0.026307665913951114
1.7903158677384334	0.026266833367983165
1.791799648349592	0.025986810873987777
1.792011717370679	0.02592633254387133
1.792011717370679	0.0259209635087018
1.792011717370679	0.025915595585395614
1.7935499685905048	0.02562339203264761
1.7937091733708441	0.025579647908317345
1.794983320465203	0.025321368995325225
1.7958332546441487	0.025143689202432217
1.796258372639851	0.02491044040013736
1.796683591271462	0.024699809153953606
1.7971089105628042	0.024455478453194693
1.7973216079633205	0.024258740509365165
1.7979598512200015	0.0240835287244665
1.7981726493338719	0.023939312314547274
1.798385472633531	0.02378610479789167
1.7988111948021397	0.023624090206669696
1.799077322332807	0.023478977671762543
1.7990240936770523	0.023313018801869517
1.7996629415000065	0.023135052644303333
1.7998759411836722	0.023006043445553643
1.8000889660769837	0.022887232013164182
1.8009413178063665	0.022501820512542597
1.8011611301674741	0.022404165848861884
1.8012610537459661	0.02231386603797683
1.8021139604651133	0.021888187157772302
1.8022206021972027	0.021818034403491483
1.8022206021972027	0.021750358729294213
1.8033407214593165	0.021290185443351668
1.8032873666639004	0.02124723716308857
1.8035007953175668	0.021207669498958887
1.8043547625662975	0.02071281096180277
1.8041412328530249	0.020691372958523177
1.8045816655777414	0.020674506149036573
1.8050489086872852	0.020426320265856824
1.804995503352346	0.020418918256685164
1.8051023156023556	0.020412575812332464
1.8054227902781523	0.020260946762382152
1.8056364716705644	0.02015422481623611
1.8056364716705644	0.020150051115938563
1.8056364716705644	0.020145878279964717
1.805850178353306	0.020016948094269953
1.8060639103293707	0.01989708308508787
1.805850178353306	0.01988472429689091
1.8060639103293707	0.01987237318517824
1.8064914501734433	0.019643222148438097
1.8067052580474394	0.019622891182176846
1.8067587139697745	0.01959750706322027
1.807186418290994	0.019397621288502892
1.8072398884496659	0.019364505768267544
1.8073468335132041	0.019328444220387476
1.8076677066767453	0.01915112440518618
1.8075607426263693	0.019109522657387978
1.807774677056816	0.019066036799122076
1.8080421307018668	0.018983292942450374
1.8082026218815404	0.01890873892126034
1.8082026218815404	0.0188578970495406
1.8084701388394613	0.018802323575379306
1.808630668011353	0.018667487972420772
1.8088714884872117	0.018609584734634105
1.8089517691046026	0.01854609859604656
1.809276272902502	0.018433192006164834
1.809272927205573	0.018364542084715826
1.8094870642821739	0.01829241811423927
1.8097547712686448	0.018198891794751818
1.8099154144711616	0.018122726046306367
1.810132974870683	0.01804028092900328
1.8101296275895484	0.01800301470742407
1.8102367436560278	0.017967627866020346
1.8101296275895484	0.01788409413283519
1.8106652713126021	0.017793576792131817
1.8107724190762855	0.01774022126141778
1.810986733625727	0.017648604417175823
1.8112010735404354	0.017550189585365583
1.8112010735404354	0.01751387908017749
1.8114690341083015	0.017416215524279376
1.8116298294776625	0.01731192415958665
1.8116298294776625	0.01729042473118314
1.8118442455061865	0.017186886623905016
1.8122731536980707	0.017083968521041205
1.8122865587149741	0.017073578063557998
1.8122865587149741	0.017073136056636625
1.8124876458674386	0.01696057742344615
1.8127557967789703	0.0168563959560595
1.812809431721722	0.01683982128712554
1.812702163423096	0.016737248160851127
1.813238568396974	0.01664219190468006
1.8133458684378523	0.016609479905322612
1.8135604875687168	0.01651685959763715
1.8137751321008972	0.016431560630345572
1.8137751321008972	0.01638398577134995
1.8140434734913036	0.01629937301199612
1.814204497381232	0.016221915258991467
1.8144259285684445	0.01615810155398326
1.8144192181354	0.016084750191991296
1.8146339643029115	0.01601494469027592
1.8149561312107776	0.015937188137897223
1.8150635328899967	0.015872953428843557
1.8150635328899967	0.0158106147971915
1.8150635328899967	0.01572570584928782
1.8150635328899967	0.015663945510306046
1.8152850689260578	0.01560576047511217
1.8153320648945828	0.015514619768274403
1.8152783553155876	0.015457689714126066
1.815385776062711	0.015401766004295995
1.815385776062711	0.01530953751797377
1.8152783553155876	0.015254149801593012
1.815385776062711	0.015198962470045716
1.8154932031665552	0.015106383987762649
1.8152783553155876	0.015053290011171352
1.8154932031665552	0.014907469911181713
1.8152783553155876	0.014855075052217389
1.8154932031665552	0.014802864343968259
1.8157617987392856	0.014659470098778769
1.8158155226221713	0.014512955544926301
1.8158155226221713	0.014466440783475618
1.8158155226221713	0.014420075104203692
1.8159229751566586	0.014275953191462274
1.8159229751566586	0.014231671715909817
1.8159229751566586	0.014131808217871042
1.8159229751566586	0.01408797385446854
1.8159229751566586	0.01404427545748911
1.8161513329054568	0.013942658443131266
1.816137899301814	0.013902469744919361
1.8161916343125817	0.013862935217190212
1.8162453709132345	0.013757821123056603
1.816137899301814	0.01371940827013194
1.8162453709132345	0.013681102668730363
1.8163528488843854	0.01357525846067175
1.816137899301814	0.013538757266589275
1.8163528488843854	0.013502354217022672
1.8163528488843854	0.013396505557049049
1.816137899301814	0.013360484994289126
1.8163528488843854	0.013324561283722188
1.8165812606910914	0.013217197575412887
1.8165946975741882	0.013184560131167334
1.8166215716385525	0.013152514021306875
1.8166753209599835	0.013041977663894479
1.8166753209599835	0.013010951767594597
1.8166753209599835	0.012979999679597874
1.816782824373819	0.012868914055653921
1.816782824373819	0.012839629400945721
1.816782824373819	0.012810411386747954
1.816782824373819	0.0126994619777739
1.816782824373819	0.01267056293024039
1.816782824373819	0.012641729645725013
1.817024730315168	0.012529321518621928
1.816997850286704	0.01250372265085447
1.817051610741286	0.012478499132432338
1.8171053727865059	0.012363380790034042
1.816997850286704	0.012339079249300958
1.8171053727865059	0.012314825475832509
1.8172129016490495	0.012199321983561873
1.816997850286704	0.012176603798079675
1.8172129016490495	0.012153927919534886
1.8172129016490495	0.012038686793218541
1.816997850286704	0.012016267750594781
1.8172129016490495	0.011993890457829691
1.817481751644874	0.011877091552910547
1.817481751644874	0.011858042936139184
1.8175355264168955	0.011839637879420594
1.817643080734171	0.011718878887867911
1.817643080734171	0.01170190155494499
1.817643080734171	0.011684948817363988
1.817643080734171	0.011564569956330595
1.817643080734171	0.011547816173299157
1.817643080734171	0.011531086661749228
1.8178851012192738	0.011409634160963123
1.8178582084629729	0.011395759718723465
1.8179119943734168	0.011382196814602709
1.8179657818752522	0.011258522785716082
1.8178582084629729	0.011245705475217919
1.8179657818752522	0.011232902756638385
1.8180733616532858	0.011109125153932939
1.8178582084629729	0.011097627078566796
1.8180733616532858	0.01108614090384407
1.8183154394306027	0.010960291159408202
1.8183154394306027	0.010951498511706525
1.8183154394306027	0.010942712917709214
1.8183961391856809	0.010815130968744693
1.8183961391856809	0.010807294100154543
1.8183961391856809	0.010799462910322188
1.8185037444305	0.01067161702957988
1.8185037444305	0.010664988507498339
1.8185037444305	0.010658364102628357
1.8187727854017885	0.010528371960745525
1.8187189740234289	0.010524556730943886
1.8187727854017885	0.010520742883690138
1.8189342290899253	0.01038812535415424
1.8187189740234289	0.010385974096922716
1.8189342290899253	0.010383823285190982
1.8189342290899253	0.010251339187199759
1.8187189740234289	0.010249216256756833
1.8189342290899253	0.010247093765947556
1.8191495096330041	0.010221658134540231
1.8191764214923614	0.010181514113191034
1.8192033337498434	0.010180986954626058
1.8192571594592042	0.010115306616468858
1.8192571594592042	0.01011425918238069
1.8192571594592042	0.010113211856753712
1.8193648156556805	0.00998314655305709
1.8193648156556805	0.009981079162119509
1.8193648156556805	0.009979012199314007
1.8193648156556805	0.009851692964985838
1.8193648156556805	0.00984965279652318
1.8192571594592042	0.009720963594353763
1.8192571594592042	0.009719956994255053
1.8192571594592042	0.009718950498389198
1.8192571594592042	0.009592962313675728
1.8192571594592042	0.009591968968034822
1.8192571594592042	0.009590975725254278
1.8192033337498434	0.009466156350801867
1.8192033337498434	0.009465666230634842
1.8192033337498434	0.009465176135844305
1.8191528735936517	0.00934105681935082
1.8191562375605197	0.009341026590929193
1.8191495096330041	0.009340059333085142
1.8189342290899253	0.009219937489410827
1.8187189740234289	0.009218028149994706
1.8189342290899253	0.009216119205980073
1.8187189740234289	0.009096649297263395
1.8189342290899253	0.008978728094544303
1.8187189740234289	0.008976868706725542
1.8189342290899253	0.008975009703963888
1.8187189740234289	0.008858665333182733
1.8189342290899253	0.008856830808934136
1.8188265983722929	0.008744734663754722
1.8187189740234289	0.00874201840855027
1.8188265983722929	0.008739302997058364
1.8188265983722929	0.008629587926984681
1.8187189740234289	0.008626907438208263
1.8188265983722929	0.008624227782034763
1.8187727854017885	0.00851639833615573
1.8187189740234289	0.008513312197400766
1.8187727854017885	0.008510227176988563
1.8187458795135936	0.008404475807637295
1.8187189740234289	0.008401212727682345
1.8187458795135936	0.008397950914634578
1.8185037444305	0.008295742114816334
1.8185037444305	0.008290589333411383
1.8185037444305	0.008285439752582804
1.8185037444305	0.008186507510184344
1.8185037444305	0.008181422578289627
1.8185037444305	0.008176340804827532
1.8185037444305	0.00807871125774363
1.8185037444305	0.008073693281947285
1.8185037444305	0.00806867842299474
1.8185037444305	0.007972334417918834
1.8185037444305	0.007967382516573042
1.8185037444305	0.007962433691029851
1.8185037444305	0.007867358300522416
1.8185037444305	0.007862471603588501
1.8185037444305	0.007857587941956401
1.8185037444305	0.007763764461470828
1.8185037444305	0.0077589421103663936
1.8185037444305	0.007754122754596283
1.8183961391856809	0.007662328129143394
1.8183961391856809	0.007656775846992
1.8183961391856809	0.007651227588139605
1.8183961391856809	0.007561434035262068
1.8183961391856809	0.007555954863067238
1.8183961391856809	0.007550479661194411
1.8183961391856809	0.00746186846947412
1.8183961391856809	0.0074564614445567804
1.8183961391856809	0.007451058337682029
1.8183423389510183	0.007363995216889461
1.8183423389510183	0.007358278110675762
1.8183423389510183	0.007352565442990674
1.8183423389510183	0.007267029436746404
1.8183423389510183	0.0072613876108184525
1.8183423389510183	0.007255750164974561
1.8183154394306027	0.007171526117470506
1.8183154394306027	0.007165772921527337
1.8183154394306027	0.007160024340956549
1.8183154394306027	0.007077094683946222
1.8183154394306027	0.007071417243502143
1.8183154394306027	0.007065744357657293
1.8183019898196215	0.006983997083805204
1.8183019898196215	0.006978303998648232
1.8182952650514372	0.006972570426442708
1.8182919026766717	0.006892101858328041
1.8178582084629729	0.00688641682716387
1.8180733616532858	0.006879289304646638
1.8180733616532858	0.006802780542643617
1.8178582084629729	0.006795739584665846
1.8180733616532858	0.006788705914162503
1.8180733616532858	0.006713204585159763
1.8178582084629729	0.006706256339352921
1.8180733616532858	0.0066993152850623175
1.8180733616532858	0.0066248081236347746
1.8178582084629729	0.006617951369206653
1.8180733616532858	0.006611101711600116
1.8180733616532858	0.0065375756269958575
1.8178582084629729	0.006530809159229091
1.8180733616532858	0.006524049694836153
1.8180733616532858	0.006451491768676398
1.8178582084629729	0.006444814398716799
1.8180733616532858	0.006366541423923123
1.8178582084629729	0.0063599519785708025
1.8180733616532858	0.0063533693533720246
1.8178582084629729	0.006276206988641953
1.8179657818752522	0.006200623840234076
1.8178582084629729	0.006193564715111249
1.8179657818752522	0.00618651362647778
1.817643080734171	0.00611201063790465
1.817643080734171	0.006103156067393162
1.8175355264168955	0.006040906615214556
1.8175355264168955	0.0060315304281419145
1.8175355264168955	0.0060221687939980995
1.8174313392410697	0.005961960737367432
1.816997850286704	0.005952109945619058
1.8172129016490495	0.005941025629790914
1.8172129016490495	0.005884694006830492
1.816997850286704	0.005873735236323959
1.8171053727865059	0.005862189784596392
1.817024730315168	0.005808259482735184
1.816997850286704	0.005796392529984656
1.816782824373819	0.005783202189831657
1.816782824373819	0.005733114581747264
1.816782824373819	0.005720068237649935
1.8166753209599835	0.005706460620113454
1.8166215716385525	0.005658502384171426
1.8165946975741882	0.0056447489493017915
1.8165745422868138	0.005630773834038753
1.8163528488843854	0.005585439577536545
1.816137899301814	0.005570421431499308
1.8163528488843854	0.00555544366629643
1.8162453709132345	0.0055124638312998514
1.816137899301814	0.00549707262505358
1.816164766608465	0.005481298664663785
1.8159229751566586	0.005441568423145624
1.8159229751566586	0.00542468964273322
1.8159229751566586	0.005407863217304903
1.8158155226221713	0.005370472404494881
1.8157617987392856	0.005353259767000115
1.8157617987392856	0.005335826014595441
1.8154932031665552	0.005301403138056199
1.8152783553155876	0.005282770447774991
1.8154932031665552	0.005264203245278445
1.815385776062711	0.005232138428496511
1.8152783553155876	0.005213209300232372
1.8153320648945828	0.005194079712000006
1.8150635328899967	0.005164848265556755
1.8150635328899967	0.005144564102624598
1.8150635328899967	0.005124359602684402
1.8150635328899967	0.0050968398643234675
1.8149561312107776	0.005076822794134493
1.8149024327543974	0.005056098902178238
1.8148621599547368	0.005030703659954682
1.8144192181354	0.005009973472756302
1.8146339643029115	0.004988230908670941
1.8146339643029115	0.004965554183967175
1.8144192181354	0.004944004393204537
1.8145265880422998	0.004922038398452068
1.814446060016485	0.004901058091140515
1.814204497381232	0.004878903964850342
1.814204497381232	0.004855718475570195
1.814204497381232	0.004837650193113664
1.8140971465332119	0.0048146607496850555
1.8140971465332119	0.004791284370433755
1.8140434734913036	0.004774691794696064
1.8139965108822955	0.004751263460310583
1.8137751321008972	0.004726726237353709
1.8137751321008972	0.004713040785356053
1.8135604875687168	0.004688700957956213
1.8136678066594545	0.004664003825240833
1.813614146320271	0.0046517040851652815
1.8135604875687168	0.00462696225052156
1.8133458684378523	0.004601160679988638
1.8133458684378523	0.004591641097996127
1.8133458684378523	0.004566036490645277
1.813238568396974	0.004540104489747042
1.813238568396974	0.004531649680861297
1.8131580975329997	0.0045059129737992
1.8129167063680474	0.004478930773643891
1.8129167063680474	0.004473368454250359
1.812702163423096	0.004446581136407583
1.812809431721722	0.004419496542063173
1.812809431721722	0.004414922311093864
1.812702163423096	0.004388030553991092
1.8124876458674386	0.0043599479066972775
1.8124876458674386	0.004358142306944545
1.8124876458674386	0.004330250939335252
1.8123803966096563	0.004302092546419915
1.8123803966096563	0.004301201634211446
1.8123267743606124	0.004273232140683016
1.8120586869119881	0.0042458841836588235
1.8120586869119881	0.004244125821495741
1.8118442455061865	0.004216964139951106
1.81195146303674	0.004190410203064125
1.81195146303674	0.004187807389780561
1.8118442455061865	0.004161437050969865
1.8116298294776625	0.00413651763328561
1.8116298294776625	0.004131380551822171
1.8116298294776625	0.004106641117746274
1.8115226309789412	0.004082472565405126
1.8115226309789412	0.004079514320968659
1.8115226309789412	0.00407655822013757
1.8114690341083015	0.0040525667127498475
1.8112010735404354	0.0040299681739641505
1.8112010735404354	0.004021630362023327
1.810986733625727	0.003999204335221101
1.811093900412235	0.003977315212505581
1.8107724190762855	0.003914795687754895
1.8106652713126021	0.0038945782833900416
1.8105648260423373	0.003875242729485031
1.8101564060119366	0.0038101085445857454
1.8099154144711616	0.0037926894287122594
1.8099154144711616	0.003776229702247025
1.809808317418504	0.003758673541425708
1.8097279987878125	0.003742748998488738
1.8094870642821739	0.0037280499160382823
1.8094870642821739	0.003708028885852943
1.809272927205573	0.003693466161410606
1.8092996929542364	0.003679627394696439
1.8090588154702352	0.0036576878295930732
1.8090588154702352	0.0036448322585868015
1.8089517691046026	0.0036323980033792494
1.8088581087307034	0.003608824263624598
1.808416632281812	0.0035968387451426535
1.808630668011353	0.0035856819891052064
1.8085236469802364	0.003560152604564317
1.808416632281812	0.0035494771887185543
1.8082026218815404	0.0035399333442214438
1.8082026218815404	0.003512182835320604
1.808095626178944	0.0035027392679884183
1.8080421307018668	0.0034938637598239427
1.8079953234577766	0.0034796016005947212
1.807774677056816	0.0034645006302594728
1.8075607426263693	0.0034566167711976496
1.807774677056816	0.003448750852739781
1.807574112786524	0.0034182178792480627
1.8073468335132041	0.0034111015947203443
1.8073468335132041	0.003404749271301723
1.8072398884496659	0.003372116899244836
1.807186418290994	0.0033661857416355024
1.807159683804912	0.003360526004991915
1.8069190912267348	0.003326680737516199
1.8067052580474394	0.0033218613203219866
1.8068121714737375	0.003317392399140921
1.8067052580474394	0.003299918458899207
1.8064914501734433	0.0032815169517633794
1.8064914501734433	0.003278120543071981
1.8064914501734433	0.0032747276497035777
1.8062910282712608	0.003237678705439605
1.806281007759864	0.00323495572472271
1.8060639103293707	0.0032329463783045734
1.805957041179486	0.003194012629569343
1.805850178353306	0.003192359281306162
1.805957041179486	0.003190706788881951
1.8056364716705644	0.0031509762584302193
1.8056364716705644	0.0031503237287166075
1.8056364716705644	0.00314967133413414
1.8054227902781523	0.0031177882374110503
1.804995503352346	0.0031088416813956667
1.8052091341730772	0.00310819787725192
1.8050489086872852	0.0030690179896387657
1.804995503352346	0.003067905851034669
1.805022205822302	0.003066714721175372
1.8043547625662975	0.002990739617265731
1.8041412328530249	0.0029876441665400134
1.8043547625662975	0.002984551919642252
1.8038209856622818	0.0029140051391607306
1.8037676166574608	0.0029094822655167953
1.8037676166574608	0.0029048160042160357
1.8032873666639004	0.0028711715103656842
1.8030739632676611	0.0028398275595766798
1.8030739632676611	0.0028333652140241816
1.8030739632676611	0.002826917574262498
1.8028872560125855	0.002796056734005355
1.802647232235509	0.0027666785685983076
1.802433904593619	0.0027592395152875515
1.8024872341372118	0.002751393051088746
1.802033983307167	0.0026959022771512295
1.8015808464509198	0.0026870530720997637
1.80179407312884	0.002677608963368964
1.8013676450065248	0.002627072581724368
1.8013676450065248	0.0026167551502060643
1.8012610537459661	0.0026062083395463785
1.8008347517726144	0.002559668839071946
1.8007281920446314	0.0025482963426469067
1.800515091504479	0.0025361863486890956
1.8000889660769837	0.002494511081981044
1.7998759411836722	0.0024816285350336346
1.7999291950434793	0.002468429061950909
1.7996629415000065	0.002448951565557485
1.7994765874542413	0.0024306972926380717
1.7990240936770523	0.0024167048717326145
1.799130552563465	0.0024019844676529266
1.7988111948021397	0.002384882787882584
1.7987047548128947	0.0023688839026539256
1.7986049730431295	0.002353479722934037
1.798385472633531	0.002338417854025174
1.798385472633531	0.0023374494372483297
1.7981726493338719	0.0023224901594343554
1.7979598512200015	0.0023085826794841235
1.7979598512200015	0.0023057156840205566
1.7978534616068058	0.002291908652582257
1.7975343305377058	0.002279128163018516
1.7975343305377058	0.0022744127555532523
1.7973216079633205	0.002261729829271161
1.7973349023866731	0.0022495543702401436
1.7971089105628042	0.002243534802870005
1.7971089105628042	0.002231948387145138
1.7969494040309764	0.0022207667375297906
1.796683591271462	0.0022130760564014525
1.7964709693746792	0.002202559093667299
1.7965772771776403	0.0021923191229250927
1.7964975457356718	0.002183539526527061
1.796258372639851	0.002173556785200449
1.796258372639851	0.002164123861462952
1.7960989415994715	0.0021539510520402747
1.7956207333773195	0.0021449363660998484
1.7958332546441487	0.0021365124518835828
1.7957269908667923	0.002124818529962506
1.7956207333773195	0.0021166928078179183
1.7953019986324819	0.0020959715030240272
1.7952488816758763	0.002088821148020732
1.794983320465203	0.002082341995185262
1.7947708997807013	0.0020613164897161466
1.7945585042343426	0.002039658239347097
1.7944523158870371	0.002034174000393414
1.7944523158870371	0.002028914600398297
1.7939214683943765	0.002007388911174116
1.7937091733708441	0.0019846524346646107
1.7937091733708441	0.0019772674800079605
1.793072439027987	0.0019548721706775358
1.7930989651123144	0.0019315800369865883
1.7928602444797053	0.0019271346187122785
1.7927011150480008	0.0019037293582808055
1.792329867964795	0.0018796348794393584
1.7922238114912632	0.0018786619054959978
1.792276838943554	0.0018777866595752406
1.791905679722884	0.0018539245296658694
1.791799648349592	0.0018428229031979015
1.7915876044250314	0.0018298918333241084
1.7913755855940274	0.001829512884485397
1.7915876044250314	0.0018291340141224838
1.7911635918536104	0.0018054226808797466
1.7907396796326613	0.0017834956252269776
1.7905277611461914	0.0017816496862506951
1.7907396796326613	0.0017798056578429925
1.7903158677384334	0.00175818972373297
1.7903158677384334	0.0017556426053125915
1.7901569641387347	0.0017378258166001119
1.7901106199122603	0.001735038671460385
1.789892156147183	0.0017318075959620797
1.7897862439189287	0.0017155645866180217
1.7896803379577557	0.0017121924618416365
1.7896836474241833	0.0017086555466505476
1.7893626576730184	0.0016936762107701852
1.7893626576730184	0.0016896470808456326
1.7892832464132227	0.0016854966249178031
1.7890450337786659	0.0016718939605970637
1.7888333158388128	0.0016673985672962387
1.7886216229539387	0.0016505627652152444
1.7885157859061926	0.0016454430121763117
1.7885157859061926	0.0016401692835443236
1.7879866945995437	0.0016237765579408875
1.7877751019049397	0.001608713377105134
1.7877751019049397	0.0016023953978394209
1.7876693149478817	0.0015959369560315853
1.7871404740502193	0.001581295775246948
1.7873519916332405	0.0015744331790838782
1.7871933510991775	0.0015675192014488202
1.7869289814984668	0.0015604739830040533
1.7869289814984668	0.0015530583107412775
1.7868232446083905	0.0015474395679714755
1.7862946540012008	0.0015399263627655336
1.7865060714769192	0.0015319736325462997
1.7864003596114473	0.0015276962489907866
1.786083261544904	0.0015196493043576273
1.786083261544904	0.0015111752048105067
1.785977574698114	0.0015082048291164933
1.7858851038372103	0.0014996392451437197
1.7856605516787338	0.0014888079132885361
1.7854492342629391	0.001479892669398396
1.785237941854725	0.0014704216086671494
1.7850794889580093	0.0014604061076897343
1.7848154320492016	0.0014510597576305533
1.7846042146459742	0.0014411761362697316
1.7843930222384918	0.0014307670615244167
1.7842346443345585	0.001422199376472761
1.7839707123989306	0.0014142686920329208
1.7839707123989306	0.001411342637563273
1.7837595949609364	0.0014034724941219463
1.7835485025068574	0.0013962244604589467
1.7835485025068574	0.0013921819240665177
1.783442965647862	0.0013849921989433555
1.7831263925386185	0.0013784104498429344
1.7831263925386185	0.0013732813408399956
1.782915375018546	0.0013667552439879031
1.7829219689380373	0.0013605331068186647
1.782704382470564	0.0013546373562951033
1.7825988955601835	0.0013487584250608693
1.7825197844736747	0.0013431483919952806
1.7822824722790513	0.0013362464867888934
1.782071554629611	0.0013309985801589343
1.7821242817018303	0.0013259772348108878
1.7818606619404427	0.0013181052959731644
1.7817552249550372	0.001313472588914615
1.781702508801968	0.001309059487552865
1.7812281336050313	0.0013047963245489554
1.7814389514311062	0.001300210394152366
1.7812281336050313	0.0012961773720480262
1.7812808357225167	0.001292357588776079
1.7812808357225167	0.0012914211196178229
1.781017340727415	0.0012876153528330171
1.781017340727415	0.001282558437650243
1.7809119536433564	0.0012791098908258554
1.7809119536433564	0.0012758027250906418
1.780859262439853	0.0012738884883360384
1.7803851117557954	0.001270660612432687
1.7805958298057492	0.0012677690819488023
1.7805958298057492	0.0012651461281850552
1.7803851117557954	0.0012622671465274662
1.7804904676635065	0.0012595251394070094
1.7803851117557954	0.001253929124435656
1.7801744186424924	0.0012479702122533051
1.7801744186424924	0.0012456461799180288
1.7800690814361628	0.001243455234574403
1.7799703334661168	0.0012374179491545885
1.7797531072140353	0.0012310274805217966
1.77954248889298	0.001229244070728585
1.7796477949377172	0.0012275903608549154
1.77954248889298	0.0012211241856106368
1.7793318954967738	0.0012143147672279953
1.7793318954967738	0.001213057937142967
1.7792266081445671	0.0012119279023178435
1.7791344868220331	0.001205044971023734
1.7789107834671094	0.0011978289495884818
1.7787002648277532	0.0011970849352914692
1.7789107834671094	0.0011963413831282818
1.7787265782951798	0.0011897009617834263
1.7787002648277532	0.0011891774803096185
1.778706843158116	0.0011886773089269307
1.7784897711014493	0.0011815669472154706
1.7784897711014493	0.0011813222587511837
1.7784897711014493	0.0011810776209589683
1.7782924558565298	0.0011735341161181359
1.7782924558565298	0.0011735189255834676
1.7782793022852499	0.0011727900111097034
1.7768067178071882	0.0011718188293812941
1.7742851237786275	0.0011703635645134525
1.7715574350778065	0.0011684260222809574
1.7675783545018018	0.001165767138052918
1.765905627100864	0.0011645605553358299
1.7648609764204695	0.0011638334389533387
1.7616264849506074	0.0011617901522607795
1.7610011393823808	0.0011613090162342636
1.7581898302693268	0.0011594464954054198
1.7574097078677078	0.0011589663299653246
1.7561102730032325	0.001158066555670073
1.7532289606867286	0.0011561194403817592
1.7515439009435119	0.0011550723500435825
1.7488511733522323	0.0011535184238579243
1.7453103399208523	0.0011508636687957573
1.7449230931238295	0.0011506551271885496
1.7445101245780437	0.0011504168401946055
1.7405917947435683	0.001147798937876671
1.7383273118513902	0.001146373502964928
1.732986602003495	0.0011428176556204659
1.7322689144881793	0.0011422260876446351
1.7317564625262472	0.0011418639034891892
1.7299128903658314	0.00114068944361756
1.7252104509060402	0.0011375634529634878
1.7215391991204603	0.0011352686681611235
1.7156408300836055	0.0011312785717792887
1.7121925655908186	0.0011289380103711084
1.707437256314521	0.0011257859320466723
1.6992791936442178	0.0011203199604504328
1.699276051352869	0.0011203163350036792
1.699272909067331	0.0011203127095686565
1.6992666245136874	0.0011203127095686565
1.682961553987265	0.0011095824009830367
1.6769968788799894	0.0011055680906059554
1.6737253231764786	0.0011035092465997533
1.6692743939257177	0.0011004281672622996
1.6668067719350677	0.0010989477542435989
1.661095928139571	0.0010950286147511884
1.6550128686020216	0.0010910104667551134
1.6509535941438689	0.0010882459811441777
1.6485618304712277	0.0010867256876230852
1.6429134978273006	0.0010831305073174217
1.6398054646475044	0.0010808895619581675
1.6361223110880385	0.0010783740399087512
1.6351544358747447	0.0010777600254730552
1.6334137031209244	0.0010766445311539443
1.6237766563325655	0.0010701973941575932
1.6193627280560896	0.0010675409193489657
1.61229318608883	0.0010624677597377082
1.6115241579324018	0.001061972768824268
1.6105708341634415	0.0010613680930937298
1.604008252866555	0.0010570902575013522
1.5993641129595375	0.0010539204838037677
1.5912456596167535	0.0010484776616774148
1.5888052417581982	0.001046735127441032
1.5838711918307669	0.001044522159013869
1.5753185980639886	0.0010478264147939145
1.5734553378058425	0.0010484776616774148
1.565931643621308	0.001051413285242207
1.563431748645842	0.001052284677087115
1.55844392502046	0.0010543571282341077
1.5516345935849278	0.0010569807964230132
1.5481494798933586	0.0010582950777845122
1.541111521908133	0.0010610384150969057
1.539926456076364	0.0010614780085211237
1.5393798100120992	0.0010618078231051603
1.537559057546082	0.0010624677597377082
1.5341055588001757	0.0010640092074068962
1.5306598169293824	0.0010653322281036683
1.5283066644222212	0.0010662151557104594
1.523791534161654	0.0010679832067926173
1.5219892192452984	0.0010688683314814163
1.5167745519929874	0.0010708071000601384
1.5133677371539591	0.0010724161720682417
1.5065770463450878	0.0010750847784830667
1.5053294571893232	0.0010755301913845908
1.502837377389884	0.0010766445311539443
1.4960884046439236	0.0010793166738937644
1.4939707234041064	0.0010802042002583509
1.4897553686162264	0.0010819814430369603
1.4826976989847611	0.001085038963428715
1.4791704712714262	0.0010864725119370566
1.4715097371958732	0.0010898812580732253
1.4685521515004363	0.0010910104667551134
1.462438439092938	0.0010936687145410421
1.460406196182087	0.001094575126902631
1.4563501786105642	0.0010963334391496109
1.4541542892100774	0.001097298873784896
1.4519617107785665	0.0010982651585849216
1.4493864389312812	0.0010994030536931295
1.4459170658421712	0.0011009410824327059
1.4398975852969136	0.0011036235261708664
1.4384498332380244	0.0011044238146119371
1.4355586946047894	0.0011055680906059554
1.4295823368745375	0.0011082618080528537
1.4275957516673046	0.0011091803148998904
1.4236308592497486	0.0011109620887442462
1.4214843041423673	0.0011119404054138473
1.4168235715185333	0.0011140726619176334
1.413432143643254	0.0011156312129569892
1.4084643940342956	0.0011203199604504328
1.4061326747898213	0.0011224101686138084
1.4012320381656411	0.0011271857677603713
1.4007760703728276	0.0011277111547845773
1.3955224481425235	0.0011328611933210597
1.3932121543486495	0.0011352686681611235
1.3884387054273712	0.0011402170460978163
1.3849922828660517	0.0011435279416240676
1.38220858850063	0.001146373502964928
1.3797570342767018	0.0011488691770959842
1.3782881893717895	0.0011504168401946055
1.3760878534034924	0.001152682560443027
1.374541574842953	0.001154175598875878
1.3709673868555703	0.001158066555670073
1.369953688790422	0.0011589663299653246
1.3693458297621153	0.001159746699821877
1.3659468000869173	0.0011631143044136222
1.364169724514251	0.001165043038490959
1.3638367803199238	0.0011652692712764367
1.363362727351426	0.001165767138052918
1.3578877926243895	0.0011718188293812941
1.3538761368450494	0.0011758301448726008
1.3517947618781454	0.0011781459160564538
1.3486786974998621	0.0011813222587511837
1.345729071405432	0.0011845071650311001
1.3436602212903945	0.0011866864066619263
1.3397698759358647	0.0011910260908158242
1.3385812072300998	0.0011923835646756057
1.3340738762205169	0.0011970849352914692
1.3337581427931786	0.0011974568846553
1.3335213917613955	0.0011978289495884818
1.3322692836165324	0.001199054480083204
1.327812670647864	0.0012039847383196866
1.3234590665916006	0.00120879443703793
1.3196272103305884	0.001213057937142967
1.3161179323927883	0.001217336474902537
1.3134726685036273	0.0012199866366005769
1.3052597472354672	0.001229244070728585
1.3043332244676165	0.0012305176710098486
1.3035616245760422	0.0012312187135383535
1.2997104665102868	0.0012356252813841805
1.2937253662104944	0.0012424898665318303
1.2911251091138478	0.0012456461799180288
1.2810794296319015	0.0012573097826035695
1.2742749531920357	0.0012652771468941158
1.2625660327782122	0.0012791098908258554
1.2582402059840687	0.0012846852399391367
1.2551169658896288	0.0012897338458798902
1.2418192228366833	0.001313472588914615
1.2388467000659957	0.001318310056025947
1.2362470078516754	0.0013230283263379855
1.2215578905805329	0.0013487584250608693
1.2195355959071494	0.0013523947479577288
1.2176607487246849	0.0013557600546304316
1.2116232260998083	0.0013667552439879031
1.2098679275696782	0.0013695179461133264
1.2084726708461744	0.0013721441332124123
1.2013427516780262	0.0013849921989433555
1.2003479255634337	0.0013870015709712027
1.1993539232595287	0.0013882948492880917
1.190832364334336	0.0014034724941219463
1.1905505316783802	0.0014039812633007574
1.1903039828205788	0.0014044902169121657
1.1869630066535795	0.0014103929739412162
1.181322330332633	0.0014207273833689138
1.1809029822527581	0.0014213159976984697
1.1804837830338737	0.001422199376472761
1.171229646714654	0.0014386412766956343
1.1635618319818886	0.0014522623690651066
1.16149808057148	0.001455876186886059
1.1590264099993441	0.0014604061076897343
1.151762176159935	0.0014731268721548492
1.1460683524570543	0.001483268011822636
1.1419980624681938	0.00149033115206077
1.136747627961364	0.0014996392451437197
1.1322497225660513	0.0015075802312256928
1.1288378772844376	0.0015132109371172524
1.1223770282762375	0.0015245355183157703
1.1159531576249362	0.0015399263627655336
1.1139079308238855	0.00154487777469109
1.111866452345638	0.001549845107170154
1.1055640687881125	0.0015656434522144467
1.1034766643317313	0.0015711757519296379
1.0995657729773771	0.001581295775246948
1.0973557570195167	0.001586873112879623
1.0951501829701387	0.00159308864683159
1.0919147421740576	0.0016023953978394209
1.0895911451051885	0.0016093798749547545
1.0868865305691449	0.0016167296012926493
1.084573633546072	0.0016237765579408875
1.0816254262231255	0.0016315299015844502
1.078685233041543	0.0016399888306469052
1.076899464705995	0.0016454430121763117
1.0738132514135068	0.0016542417178321326
1.070545819877437	0.0016637764982621649
1.0694061512735176	0.0016673985672962387
1.0659904773733568	0.0016770851606511057
1.062467824117247	0.0016875378104835388
1.0618393037035125	0.0016896470808456326
1.0583264542365936	0.0017005301840472824
1.0544507823249207	0.0017114612319811737
1.0543259972339392	0.0017121924618416365
1.0504494353196003	0.0017235330928443149
1.0495950903411868	0.0017260783115316937
1.0467419655410244	0.001735038671460385
1.0464942345613464	0.0017355777698242903
1.0427235936029242	0.0017471185224113754
1.0390280204938431	0.00175818972373297
1.030760798690582	0.0017834956252269776
1.0272291872218995	0.0017946114920210845
1.0237096758249131	0.0018054226808797466
1.0152639059331232	0.0018314084137620807
1.0117853902013572	0.0018428229031979015
1.0080205046735993	0.0018539245296658694
0.9999999999999996	0.0018790510346207263
0.9963968831992628	0.0018917417037615837
0.993159302454433	0.0019037293582808055
0.9849655780689898	0.0019335312591731906
0.9820556595358283	0.001944776511974373
0.9791543378775811	0.0019548721706775358
0.9701571899807796	0.0019881493558963005
0.9675772558930725	0.001998056310846727
0.965061287610867	0.002007388911174116
0.9555714374472057	0.0020433578767947674
0.9532558969376743	0.0020525832165054284
0.9509459674454266	0.0020613164897161466
0.941204973271403	0.00209879502533245
0.9389242455748902	0.0021077249192447346
0.9366490445372597	0.0021166928078179183
0.927054500579676	0.0021542856559087623
0.9246370633080784	0.002163647689957638
0.9221304339201414	0.002173556785200449
0.9175582381228217	0.0021920921095612326
0.9131167720649195	0.0022096411059159484
0.910419118992432	0.0022204218078129036
0.907507891964082	0.002231948387145138
0.903335546223941	0.0022491176274513224
0.8993885892414138	0.0022650111882975507
0.896194388508939	0.0022776830318905223
0.8928133920219644	0.002291908652582257
0.8926020911058299	0.0022923833779201837
0.8917590364384727	0.0022957017805737023
0.889122837116576	0.0023066709533476493
0.8858668017108228	0.0023200863547674466
0.8852379799281802	0.0023224901594343554
0.8820483640900507	0.0023357556728243237
0.8791823346516432	0.002347394751225167
0.8777268442765993	0.002353479722934037
0.8749266282170837	0.0023647173140673933
0.8725483064392281	0.0023745327396969824
0.8700477293009471	0.002384882787882584
0.8679137504105543	0.0023942859851367165
0.8659643364782001	0.0024017046548651575
0.862486833299446	0.0024167048717326145
0.860804257884894	0.0024234713828657707
0.8594300470450328	0.0024292503891332304
0.8547640030198972	0.002448951565557485
0.8537024839585018	0.0024527585310174234
0.85294506326638	0.0024558083639306455
0.8507271703667982	0.0024652359087930604
0.8502239086388129	0.0024677901006102793
0.8497209446236264	0.002469196033944446
0.8468096152084753	0.0024816285350336346
0.8466092019428546	0.002482142557241097
0.8465090130975702	0.0024825924140104926
0.8455578102110549	0.002486516046954909
0.8448576078834339	0.002489607854967541
0.8433092226211061	0.0024959322386190167
0.8430846930059863	0.002496966315598492
0.8428103491027966	0.0024981301643088086
0.8401215273012614	0.0025092787799103136
0.8396245395168405	0.0025121387343453134
0.8388299705122062	0.0025147415214360324
0.8337822394262586	0.0025353985684265726
0.8323895950369351	0.0025408523929628373
0.8305814055400725	0.0025482963426469067
0.8274907857864899	0.0025609282119770206
0.8252902437428276	0.002570293465946727
0.8223166266001136	0.0025822988941779333
0.8212468054401421	0.0025865475094497413
0.8182393372211875	0.0025989316133306095
0.8181304025689415	0.0025994026366310406
0.815049940168953	0.0026121525852047167
0.8145677838965644	0.002614046777808157
0.8140859128516932	0.0026167551502060643
0.8110026823511841	0.002628671337759225
0.808899834457661	0.0026373624144107096
0.8074651292891374	0.002643446150834291
0.8054131550230503	0.0026516711646231844
0.8038894894054956	0.00265799433575198
0.8027961354736087	0.0026625398101505684
0.801182596462203	0.0026693034951273498
0.8003282033091033	0.002672613937665298
0.7997615789726319	0.00267539164835399
0.7969271006860948	0.0026870530720997637
0.7968327912859485	0.0026876096440976234
0.7967384930465006	0.0026876096440976234
0.7965528759980964	0.0026881489331560156
0.793726834336626	0.002700163037366987
0.793304233821648	0.0027024008824500885
0.7927880276291696	0.0027049206751727215
0.7907265596483144	0.002714461114166616
0.789931519767396	0.002718117815367056
0.7888338101557005	0.002722907089162698
0.7865731447266102	0.002733926156624629
0.7847599903733626	0.0027420067416658845
0.7831827021888464	0.002749541694925436
0.7812386635187144	0.0027592395152875515
0.7798530195852449	0.0027655327947848913
0.7788384429185059	0.002770118739023608
0.7765374930479222	0.0027816168975164993
0.7735106446936404	0.002796056734005355
0.7732360623926999	0.002797794544017016
0.7729615775635144	0.0027982291652572594
0.7715449574089733	0.0028050470526283953
0.7698347734549702	0.0028133378476078324
0.7671290571515784	0.002826917574262498
0.7658590714897952	0.0028333652140241816
0.7632350711555723	0.0028457152086156646
0.7613405470699656	0.0028551608471646898
0.7580588670459067	0.0028711715103656842
0.7566471720376777	0.0028781671218130714
0.7555957152308238	0.0028836862940048447
0.7504269134762037	0.0029094822655167953
0.7501605254827048	0.00291129057196075
0.7498942320521299	0.0029124967339368034
0.7484977416341585	0.0029189884213217405
0.7468607405645643	0.0029274644090632046
0.7466177084084769	0.002928828915126303
0.7442357704387805	0.00294068130756697
0.7436194724015949	0.0029440329537112047
0.7427399318363961	0.002948304210596808
0.7403594125381512	0.0029604653345310585
0.7386200057638276	0.0029697536272945413
0.7371354542802788	0.002977143578869933
0.7350881921124178	0.0029876441665400134
0.733903820632145	0.0029937607695782508
0.7330466158498538	0.002998492282619589
0.730707973800267	0.003010626588956289
0.7276982669030382	0.003026176908103421
0.7275152809504893	0.0030271955485019274
0.727493756216691	0.0030273522928400114
0.7274722321197372	0.003027509045294118
0.7247652848707675	0.0030419650478132865
0.7243365379794574	0.0030444861720680103
0.7220256837320682	0.003056173578297149
0.7211290104709216	0.0030612414775606617
0.7198925777989355	0.003067905851034669
0.7179250658948148	0.003078009309070644
0.7165775092554225	0.0030854290022009905
0.7147987999143631	0.003095349755768404
0.7123497432148991	0.0031088416813956667
0.7115913986188267	0.0031120627029438794
0.7111704449578145	0.003114641922836049
0.7087338197943511	0.003127570121895843
0.7058041806350045	0.0031436430853344324
0.7052979571695855	0.0031463706592320785
0.7046357185867002	0.0031503237287166075
0.7004784084234548	0.003173242871913273
0.6990705176916792	0.003181139187265789
0.697005229014885	0.003192359281306162
0.6951928227826671	0.003202292223991436
0.6928109404400287	0.003215584240327518
0.6899471204776544	0.003231607507449649
0.6894573698995877	0.00323495572472271
0.6866074123370375	0.0032504022609365947
0.6847410005615429	0.0032611911567483674
0.6817491518684561	0.003278120543071981
0.6804594315106239	0.0032855972875478496
0.6795741643583081	0.003291045628634235
0.6774061157209937	0.0033033374520653976
0.6751251232978381	0.003316018556374037
0.6744463154456388	0.003320141792479912
0.6743665005825406	0.003321173402344119
0.6741071675039463	0.0033218613203219866
0.6712585947215719	0.0033383925597663937
0.6693571596379319	0.003349451839022496
0.6682292645548904	0.0033562657258541357
0.6664916837833066	0.0033661857416355024
0.6643064049694142	0.0033794580536683923
0.6621870651363394	0.003392080091274705
0.6617953374259075	0.0033938368765339083
0.6600842515533349	0.0034039560630962575
0.659293761677393	0.0034089828378177783
0.6591328520586248	0.003409644807940396
0.6589037455484751	0.0034111015947203443
0.6568016418450382	0.003423487281902632
0.6561412574267484	0.003427744147818415
0.6550937760508413	0.0034337837702117166
0.6543189421856318	0.0034387655665444345
0.6531584094123174	0.0034458949588608394
0.6528492817942663	0.0034473226100588585
0.6518456270910713	0.003453396729343953
0.6513829223950114	0.0034566167711976496
0.6501314125308193	0.003463603832372332
0.6493816610878524	0.0034680003612391976
0.6474631699519496	0.0034796016005947212
0.6471567377838586	0.0034817642485927263
0.6459324587112106	0.003488982787571644
0.644481635131361	0.003497664791900403
0.6441575550452106	0.003499657458748953
0.6437193531273772	0.0035027392679884183
0.6396185832007977	0.0035274003205729965
0.6382385894977093	0.003536086377462061
0.6361459463308495	0.0035494771887185543
0.634792226302009	0.003557572844022951
0.6326945031511925	0.0035700975387799277
0.63235530168002	0.0035727095046777044
0.6300022875460422	0.003587724800539189
0.6287360466869845	0.0035968387451426535
0.6267116442930661	0.0036115814349081403
0.6252484921332596	0.003621880997313033
0.6221483249303845	0.0036448322585868015
0.6211918681955543	0.0036516325106665426
0.6205305673375736	0.003656551692936508
0.6189170163616163	0.0036690686299261483
0.6184410888259617	0.0036717292412164937
0.6166504952079904	0.0036850612656481848
0.6158482424908005	0.003691172017801399
0.6157753622006454	0.00369270128848905
0.6155203490983056	0.003693466161410606
0.6112012489671317	0.0037257101777042083
0.6102977344531895	0.0037330720416204615
0.6090350575490253	0.003742748998488738
0.6065893201677229	0.0037610096386984904
0.6049404223700764	0.0037746658396590914
0.6025111280525941	0.0037926894287122594
0.6020121915053996	0.0037966189740630783
0.6009444325989509	0.0038044902830017646
0.5995236994349209	0.0038155375392244025
0.597469600389477	0.003831771780792712
0.5959865441318001	0.0038432962265099666
0.5942082189267021	0.003857450933088359
0.5929612862106957	0.003867200007838449
0.589567500960389	0.0038945782833900416
0.5889747174373904	0.0039002286088351016
0.5884869903262698	0.003903461046022951
0.5864013017412641	0.003920475344980194
0.5863319062407666	0.003921287396970522
0.5860544063526051	0.003922912005589443
0.5840464560450498	0.003939603101010537
0.5837009537043096	0.003942459889353101
0.5831830833822077	0.00394654460950227
0.5818387698196815	0.00395759450572669
0.5810818066165678	0.00396374669991446
0.5800511708866856	0.003972787222022459
0.5796394286127946	0.003975668073705323
0.5788853267184335	0.003981848363772976
0.5785086437541344	0.0039855611484285805
0.5774484008803533	0.003994134376895603
0.5768678025657138	0.003999204335221101
0.5759298351104167	0.004007288160299163
0.5752656551975576	0.004013309800617737
0.5737698055033816	0.004025797109443288
0.5734303824852371	0.0040299681739641505
0.5714995018402286	0.004045438723829582
0.5709248848751804	0.004050468942667813
0.5708573208741886	0.0040517274743743165
0.5707897648688095	0.0040525667127498475
0.5687667979781311	0.004069177336142591
0.5682958049472484	0.004073604261358549
0.5666168686148987	0.0040879456823697865
0.5646086911116261	0.004106641117746274
0.5632405314481319	0.004118139266803749
0.5623413592650539	0.004126249850025947
0.558329334326337	0.004161437050969865
0.5581971952915711	0.0041627300618649965
0.5580981115389149	0.0041640234745148955
0.5576029565336797	0.004167906124241694
0.5538868820006055	0.004201245491358778
0.553199017887209	0.0042078036815408025
0.5521851604058559	0.004216964139951106
0.549707429051139	0.0042392940794028595
0.5482131538653152	0.004252924920310741
0.5460116625279761	0.004273232140683016
0.545559512914557	0.0042776595687145
0.5446643941010565	0.004285529553877822
0.5433043749937331	0.004298975160782481
0.5414428956241736	0.004315478395231038
0.5398752375061772	0.004330250939335252
0.5383599016527365	0.004344399174776209
0.5373573410089233	0.004354533350406535
0.5337446060031319	0.004388030553991092
0.5334919946973234	0.004390757810321572
0.533302614679812	0.004392576922837471
0.5324512361842871	0.0044003165629049245
0.5292784840164697	0.00443095286461474
0.528621180716863	0.004436921883870379
0.5276523674660398	0.004446581136407583
0.5252847181538051	0.004469664079497803
0.5238568314665457	0.004484500009390809
0.5215370738547724	0.0045059129737992
0.5213210879687609	0.004508713496614888
0.5190432722480156	0.0045311804311854035
0.5173873660671692	0.00454692677832535
0.5155536655076475	0.004566036490645277
0.5142739433438739	0.004578346762618615
0.5134833267707054	0.004585938805279787
0.5099103920298615	0.004622173290100679
0.5095484383353727	0.004626004061660521
0.5094881377037045	0.00462696225052156
0.5057634017814961	0.004664486830125895
0.5048663545382209	0.004674157438931044
0.5034939712923805	0.004688700957956213
0.5019470731952821	0.004703776802100404
0.5002272929682692	0.004722812058247966
0.4990446719701856	0.0047365258834959735
0.4981595414018503	0.004746837378909943
0.4978059289058635	0.004751263460310583
0.4957921915236421	0.004774691794696064
0.49440058910982876	0.004791780556509786
0.4924734759660328	0.0048146607496850555
0.4914254912827487	0.004827641325597974
0.49067000066745653	0.004836147541172853
0.4871404881204954	0.004878903964850342
0.4870540174107876	0.004880419901750405
0.48696756205021174	0.0048819363096711515
0.4865643065704494	0.004885982368007411
0.4848828845787772	0.004907025174430891
0.48329306084853313	0.004926627842089936
0.4827205373265504	0.004933759517821646
0.4819080239742087	0.004944004393204537
0.47964628625563377	0.004972629564294848
0.47845569442328084	0.004988230908670941
0.47681640078713533	0.005009973472756302
0.47602702905540717	0.005019320701959319
0.47436798540005837	0.005040676766195811
0.4742136237259082	0.005043026251295714
0.47243508161042463	0.005066056775933587
0.47165296317262695	0.005076822794134493
0.4700369771785005	0.005098951510100632
0.4688702378500231	0.005113757547075032
0.46654544034618983	0.005144564102624598
0.46585576476473667	0.005154696206614528
0.46533229325848247	0.005161105709201013
0.4625047472487389	0.005199730437085519
0.46182104486329295	0.005209971189937889
0.46170491601203006	0.005210915430953096
0.46154784698604906	0.005213209300232372
0.4583362912235101	0.0052582101919441526
0.45763167013077166	0.005268566119366362
0.456576769057115	0.005282770447774991
0.4548778324181984	0.005306861490707572
0.45356080908582114	0.005326165141205594
0.45176615074644266	0.005353259767000115
0.45144547003496166	0.0053565869342585525
0.45093819104849214	0.0053638028924355005
0.44957936418480227	0.005385509143875184
0.4492602357371845	0.0053888563548220485
0.44803900715856004	0.005406463373337526
0.44756203926021426	0.005414587515282773
0.44687398191190797	0.00542468964273322
0.44634542690600676	0.005432559881739742
0.44555376635219013	0.005443822891657049
0.444658248359613	0.005457369331060167
0.4444215009087056	0.005460761204674714
0.44358075258417984	0.005473782927749322
0.44297744732103234	0.0054828598272635256
0.4420347902999165	0.00549707262505358
0.4416034098230973	0.005503622878064737
0.44130299968338754	0.005507898986697873
0.43964788913540437	0.005533338989552113
0.4396332554949256	0.005533589684343579
0.4396316295649393	0.0055336254988123884
0.4379730686386709	0.005560047915047711
0.43771397842618937	0.005564655979715026
0.4372997528482272	0.005570421431499308
0.4357498951321956	0.0055947016316693346
0.43466826418672727	0.005611528269305116
0.43382029514352605	0.005625492027710181
0.4325898378006159	0.0056447489493017915
0.43187368334613624	0.005655866156165283
0.431388396730338	0.0056646583623507375
0.4299580677953277	0.005686919556744042
0.4297577555178318	0.005690527760501447
0.42858954072565747	0.005709416041456666
0.42813327810292434	0.005717107302305334
0.42792432009451864	0.005720068237649935
0.4261617462293641	0.005749762064334159
0.4249027215577522	0.005770004521182817
0.42339680083111125	0.005796392529984656
0.4223708257909306	0.005812621799451956
0.4216965417572186	0.005824069628140908
0.41881184325904613	0.005873735236323959
0.4186631726229378	0.005877385890395241
0.4185145547622186	0.005878451091836398
0.4178711534244884	0.005889571132161994
0.41678457293527027	0.005909120087712692
0.41653185510179375	0.005912792734237938
0.4158422847110965	0.00592489799309298
0.4153565780215929	0.005933647555927278
0.41493895572182365	0.005941640883231732
0.414325567955473	0.005952109945619058
0.414031463986645	0.005958276832310941
0.4137865368263705	0.00596136267127334
0.41307706711161585	0.005973722017207639
0.4125640726721974	0.005983008339447182
0.4122224303616548	0.0059888971419923345
0.412173647417643	0.005990447789977258
0.4121248702466689	0.0059916885974362405
0.4112417838135246	0.006006442847957602
0.40986309521357595	0.0060315304281419145
0.40911193197579593	0.006045287155881823
0.40761373298706083	0.006072894812048742
0.4073786288690022	0.006076511933127476
0.40602490441417133	0.006101576244483521
0.4058087263460041	0.006106316940463757
0.40554466500790637	0.00611201063790465
0.4044901367953392	0.006131027999676434
0.403987806340573	0.006139287221858458
0.40329513732353095	0.006152652551973894
0.4029611705734612	0.006159027217678865
0.40219588116891863	0.006172994834468875
0.4014379838193502	0.006187795045250124
0.40115302794548946	0.006193564715111249
0.4004415228888118	0.006207691011005862
0.3999205546867107	0.0062163753667107725
0.3986446862692567	0.006241208648796322
0.3969263694021705	0.006275557091076454
0.3969028823132462	0.006276044507941152
0.3968970107581727	0.006276044507941152
0.3968911392899596	0.006276206988641953
0.39540259579147624	0.006307318058905833
0.3951920733127386	0.006312055195579596
0.39390798032866736	0.0063385833463098975
0.39348863857824584	0.0063481081589797025
0.39288371071238765	0.0063599519785708025
0.390935676914915	0.006401579634136767
0.3900806815212681	0.006420168166420283
0.38889948534761964	0.006444814398716799
0.38798580155041423	0.006464867270714807
0.386690799143727	0.0064927099726086865
0.3850581850002912	0.006529456706312659
0.3849670538098513	0.006530809159229091
0.3833757447395054	0.006567431469310929
0.38104619965317604	0.006617951369206653
0.37926905777900805	0.0066585090495940025
0.37674146700804606	0.006716681407209908
0.3742307210467896	0.006774660405416421
0.37356696673898193	0.00678993628076736
0.3734675051832282	0.006792573531565708
0.3733459770213051	0.006795739584665846
0.3707481500966358	0.006857240832165261
0.37022131015756105	0.006869300935199154
0.36951068278538013	0.00688641682716387
0.36795060334154056	0.006925033250680209
0.3670372657517353	0.0069480191632648085
0.3657797159702444	0.006978303998648232
0.36517416597794167	0.00699240965170771
0.36383687042770413	0.0070261613789694664
0.36357860524719204	0.007031984531304118
0.36241867872113426	0.007061172764834127
0.3622417938836599	0.0070653785213372015
0.36203285946712066	0.007071417243502143
0.36104874193520314	0.007096358612552707
0.3606643810717744	0.007105182435928256
0.35968398348832475	0.007130058306817382
0.3591310250463704	0.007146505570639148
0.35830318088996277	0.007165772921527337
0.35754071090148665	0.007185836307345905
0.3569699233895616	0.007199988651309021
0.35599956848726905	0.007226880101381384
0.35460930265386625	0.0072613876108184525
0.3544231211467344	0.00726665317868038
0.35427634271873487	0.007270228417001874
0.3533655812143137	0.007294171279426534
0.3528954167821002	0.007308158579532332
0.3528536546748228	0.007309672325748781
0.3516030869446427	0.007341533525018718
0.3513327153337895	0.007348378972290966
0.35102100642651396	0.007358278110675762
0.3489500027021264	0.00741296222276394
0.34827956085374967	0.0074314086795181115
0.34738421567103683	0.0074564614445567804
0.3463169377832715	0.007485861035235721
0.34524272404719525	0.0075149874271264365
0.3450078653195275	0.007521410426405016
0.34378510427593134	0.007555954863067238
0.3437444202950056	0.007557519935576427
0.3437037411286757	0.00755830259339246
0.3435004174960228	0.007563783468035097
0.34223236705406157	0.007599506158976387
0.34111026281878254	0.007631395785154286
0.34026354909560497	0.007656775846992
0.3392482589826136	0.007684975446779058
0.33673821212966526	0.0077589421103663936
0.3362901709543859	0.0077714059811423266
0.3359818672025673	0.007780666305482394
0.33403912416240705	0.007838083610757012
0.3334466556792774	0.007855757350998267
0.333357876086627	0.007858808572908006
0.3332493997951662	0.007862471603588501
0.33093057404987536	0.007932805222720852
0.33044137253520806	0.007946782680196872
0.3297967336747496	0.007967382516573042
0.328433477966311	0.008008742525884963
0.3275600764865299	0.008036157679281099
0.3263412150526937	0.008073693281947285
0.32595522416973827	0.008086244069758197
0.3249153276924289	0.008118967503206573
0.3247039040077499	0.008126537851248838
0.32349567048229655	0.008164072879874126
0.32296012192064133	0.008181422578289627
0.3218535900541297	0.008217083538653084
0.3210546757989536	0.008242437391176478
0.3196140589663302	0.008290589333411383
0.3190471754996779	0.008309498527623681
0.3186321000794108	0.00832327775199999
0.3163026632558498	0.008401212727682345
0.3162652315831025	0.0084029528793008
0.31622780434006853	0.0084029528793008
0.31617167178008343	0.008403823090270114
0.31360031638082997	0.0085018591843062
0.31332208435837955	0.008513312197400766
0.3114735021033032	0.00858391044700185
0.3109946598130161	0.008603711384619607
0.31040632590333894	0.008626907438208263
0.3067906780523529	0.008770127112478023
0.30583001901476853	0.008810178585239898
0.304617651579181	0.008858665333182733
0.3021782575540132	0.008960151534361084
0.3007422484007917	0.009021133370967499
0.2989767321708456	0.009096649297263395
0.2976351821315688	0.009155241280295615
0.2957741199442102	0.00923905264868025
0.293429419138408	0.009341026590929193
0.2931604092218898	0.009354578723249872
0.2920565881012743	0.009402896467192981
0.2908450333067167	0.009459786767620729
0.28875291193618047	0.009555782161020725
0.2880020745602488	0.009591968968034822
0.2860150142771723	0.009686797601092785
0.2844116788243243	0.009763335063877006
0.2836385597217514	0.009802845353504784
0.2826500260373251	0.00984965279652318
0.28125688494283363	0.00991874253757214
0.28013571364277257	0.009975912557659467
0.27892821749794616	0.01003808872090433
0.2774631034120408	0.01011425918238069
0.2766270147283069	0.010159396937542278
0.27592403512592256	0.010196285640190081
0.27494611782298983	0.010249216256756833
0.27434479725257055	0.01028217113877481
0.2738420007613057	0.010308291073656108
0.2724187150440189	0.010385974096922716
0.272081408439001	0.010406429040721171
0.27177567676093267	0.01042260613318659
0.27097276029737505	0.010470204157741681
0.26994848761466844	0.010524556730943886
0.26982072606131424	0.010531097971625053
0.2697249445794283	0.010536552111026823
0.26871333894532234	0.010593991398561394
0.26768968656592307	0.010653950118791835
0.2675946615645484	0.010658364102628357
0.26749967029533206	0.010664988507498339
0.2666778238492026	0.010711474766923674
0.2664865546900742	0.010722433960199817
0.2662678479794146	0.010735905521906512
0.265669785957303	0.010770425283317278
0.26538696245881865	0.010787168218383505
0.26503777726647815	0.010807294100154543
0.2642860427744848	0.010851871875566436
0.2636651268715112	0.010890429100288887
0.2631974772266876	0.01091752890511669
0.26263739239314104	0.010951498511706525
0.2621056403072654	0.01098301449255358
0.26167559430089987	0.01100948959025415
0.2610260556007613	0.011049464973664774
0.260254897121985	0.011097627078566796
0.2599393810600062	0.011115454172500382
0.25970107410563176	0.011132157055928519
0.25887254855337594	0.0111829954621897
0.2578558656454697	0.011245705475217919
0.2577948392528009	0.011249782126783042
0.2577414530071324	0.011253860256164577
0.2572081982339529	0.011286538556934332
0.2567368082863698	0.011318139638925591
0.25579661858159125	0.01137682035340813
0.255524305739139	0.011395759718723465
0.2546186882209401	0.011454917004959252
0.25386645925351164	0.011502463866178744
0.2532063362963963	0.011547816173299157
0.2525180429875826	0.011593347297043996
0.25195086428931	0.01162911862834895
0.25093909060008485	0.01170190155494499
0.25049401248913444	0.01173831171658772
0.25004972379096285	0.011774225513066658
0.24904558462183027	0.011858042936139184
0.2486038649277046	0.011894938927619197
0.24816292868970194	0.011931640821414836
0.24716636643301926	0.012016267750594781
0.24672797981418113	0.01205365605446037
0.24629037073975704	0.012091082435221355
0.2462320815368425	0.012096170118290943
0.24579535201238395	0.01213380703629072
0.24535939709323423	0.01217148228437883
0.24530132822257067	0.012176603798079675
0.2448662495287017	0.012214490983377367
0.24443194251214584	0.012252337454128646
0.24437409314088093	0.01225757232292937
0.24394065903748846	0.012295711439681445
0.24350799369448117	0.012333649919075667
0.24345036299291078	0.012339079249300958
0.24301856726346904	0.01237747197272971
0.24258753738851074	0.012415341303523186
0.24209996098154873	0.012459776173771243
0.2416133645538354	0.01250372265085447
0.24118482701662333	0.012542627657935223
0.24075704955500196	0.012580350894042386
0.24027315224339027	0.012626030064389653
0.23979022751641788	0.01267056293024039
0.23936492358616063	0.012709987056501261
0.23894037399620724	0.012746893573052736
0.23798084728696225	0.012839629400945721
0.2375587525638978	0.012879579573122963
0.23713740648912707	0.012916978542498653
0.236125729292689	0.013010951767594597
0.235734822068169	0.01304839439759369
0.23534804359719505	0.013085267240660501
0.235222738265284	0.013097468302827419
0.2348402740815361	0.013134819860465633
0.23445843177156175	0.013170913956157413
0.23431973400849015	0.013184560131167334
0.2339456597453597	0.013221475467399255
0.23357218266434415	0.013258494162562792
0.23343400917658977	0.013272231078035213
0.23306134890816715	0.013309391883395355
0.23268928356452062	0.01334372007421185
0.23252411190461608	0.013360484994289126
0.2321666420796086	0.013396505557049049
0.2318097218091171	0.013431232292835528
0.23164517449543479	0.013449325756393474
0.23128905590062554	0.013485585838470876
0.23093348478302522	0.013519143445875122
0.23076955945554628	0.013538757266589275
0.23041478698330706	0.01357525846067175
0.2300605599188215	0.013609039209931811
0.22984114467152184	0.013628783453065566
0.22951326293222288	0.013662343689399266
0.22919093469658722	0.013695277442171869
0.22896049355204065	0.01371940827013194
0.22863555927104595	0.013752123550757682
0.22832459664372884	0.013784916844193128
0.22719249567102676	0.013902469744919361
0.22689692176264006	0.013934178528199451
0.22660173239131756	0.013964513465984043
0.22542314287163226	0.01408797385446854
0.2251548507569482	0.01411681615926704
0.22489186832055938	0.014144985103556757
0.22367087847724781	0.014275953191462274
0.22343276566313147	0.01430258818410201
0.2231949063362487	0.014327789082463625
0.2219289516860135	0.014466440783475618
0.2217172917829241	0.014490054622743751
0.22020384841946963	0.014659470098778769
0.220021498679035	0.014680738326269156
0.21983929994153736	0.0147005150227121
0.2183289859694486	0.014872776200943036
0.21679055936500555	0.015053290011171352
0.2166623133240688	0.015068886486150325
0.21653414314919853	0.015081375299997538
0.21497655867480436	0.015263630587130083
0.2149002458812648	0.015272326483526435
0.21335441444027353	0.015457689714126066
0.21331654259819544	0.015462492612973056
0.2132786774786238	0.015467297004141206
0.21179463553117236	0.01564773314222908
0.21166621359593518	0.015663539996458514
0.2100721558525224	0.015863094171149932
0.21004729563759328	0.01586966632894003
0.21002243836465467	0.015872953428843557
0.20842534257556625	0.016076424084089457
0.20691384242547872	0.016275759841768194
0.2068403917505082	0.016289248889885494
0.20676696714919998	0.01629937301199612
0.20524320190937145	0.01650147317133753
0.20513392516695775	0.01651685959763715
0.20380301241508758	0.0166991606787966
0.20368244937235272	0.016719924911890595
0.20356195765067978	0.016737248160851127
0.2022651801806938	0.016916725491015184
0.20211562460135482	0.016938637266366744
0.20195422877882813	0.01696057742344615
0.20073895193562832	0.01713668119170582
0.20057272098170398	0.01716198769808501
0.20040662768282752	0.017186886623905016
0.19922424011990553	0.017386482649869705
0.19915351911479656	0.01740539769143741
0.19884661599742193	0.017474137382800355
0.1981426057524897	0.017648604417175823
0.19795472972479233	0.017685137009825602
0.19772095783423937	0.017742058441199873
0.19713682383767447	0.01788409413283519
0.19677552774488427	0.01797134951880123
0.19622901883505808	0.01810396881141765
0.19618257758336705	0.018122726046306367
0.1960201197409774	0.018156538056501536
0.19560298847781432	0.018262134932409756
0.19518674487093332	0.018364542084715826
0.19501357156738655	0.018408334144550707
0.19474833752955606	0.01847517468328295
0.1944230545398665	0.018555223391297476
0.19424193802786005	0.018609584734634105
0.1938515313843676	0.018706190187719178
0.19327882897078374	0.018849599367973938
0.1932673921971321	0.018855944325322765
0.19325595610022192	0.0188578970495406
0.19318449582446143	0.01887401474239361
0.19268216274340985	0.019006405276156026
0.19254823810090066	0.019042358963583805
0.19232049529365497	0.019109522657387978
0.19211575708786613	0.019161042924839868
0.19182040885277404	0.019234599801034962
0.19134426670677399	0.019364505768267544
0.19095403423375937	0.019468053922269007
0.19040679199061517	0.019616795996633837
0.1904180594856487	0.019622891182176846
0.19037299350570555	0.0196269556913086
0.1898105678592157	0.019782032472372094
0.18945148775940365	0.01988472429689091
0.18893649989110262	0.020029389062429886
0.1886906964390793	0.02010419741867001
0.18853444258718235	0.020150051115938563
0.18811097692721984	0.020263044988847845
0.18766625111075333	0.020389337033388407
0.18757743219583398	0.020418918256685164
0.18754413594129823	0.020425262671715193
0.18751084559707137	0.02043372495831165
0.18666945844145885	0.020691372958523177
0.18642660437515257	0.02075575362610036
0.18609594883357158	0.020850541134918226
0.18572191480420946	0.020967463091171992
0.1853020250466339	0.021088862097034446
0.18494873805749146	0.021195594082880683
0.18477781418250383	0.02124723716308857
0.1847573139354664	0.021260442782635953
0.18469172842772455	0.02127351892341029
0.18418967906067701	0.021428426095105337
0.18399359666000456	0.021490648704682782
0.18386299104161685	0.02153074432999029
0.18364008754385897	0.02160109176349182
0.18359934176124387	0.021611719634281858
0.1834283081743826	0.02167391336433057
0.18329810381915607	0.02170760608439911
0.18310297056077335	0.021777403772288914
0.18294593096179293	0.021818034403491483
0.1826052399300779	0.02192618609488331
0.18254041836971832	0.021949471704271993
0.18228136215143698	0.022031451433829282
0.18204421693025333	0.02210915785985522
0.18199036333088195	0.022125190232360387
0.18191499505537467	0.022150407452717444
0.18144062371147376	0.022302026804350235
0.18113086920309018	0.022404165848861884
0.18090592539452213	0.022483186863951902
0.18054232278718482	0.022597560624170884
0.18036079562705848	0.02266317809816921
0.1802434341462877	0.022703110202796122
0.17981198832678838	0.022843427465236668
0.17962588080122996	0.022906200526886356
0.17932850933423095	0.023006043445553643
0.17928606790285243	0.0230298796422055
0.17918000826413463	0.023058515679561832
0.17888337494115947	0.02315902250533945
0.17873524248469835	0.023211843654320455
0.17850271071012705	0.023291301353495258
0.17846046471937177	0.023313018801869517
0.1781966537073503	0.023397668217941356
0.17799115187237685	0.023468039099276115
0.17782797332999775	0.02352521899339875
0.17765837377430357	0.023584675127114277
0.17755459035054227	0.023624090206669696
0.1771557864463306	0.023766407639704033
0.17713482159780453	0.02377625417906304
0.17700908459753528	0.02381568114810002
0.17669513243964174	0.023939312314547274
0.17660105542128623	0.023966597183400024
0.1764861404182898	0.024003853946233857
0.1760636883725679	0.024157213166487463
0.17579821898698594	0.024258740509365165
0.17554873110809258	0.02435438869941687
0.17515443254781826	0.024489690863806757
0.1750093880104938	0.024546817941306236
0.17490327085489804	0.0245824309139869
0.17448202647282127	0.024743329765190388
0.17447170195122896	0.024745892187863515
0.1744304099737662	0.024761272297526005
0.17403862326538852	0.02491044040013736
0.17395110726966914	0.02494012341478348
0.17383277331826583	0.024987948586076364
0.1736271668469874	0.02507608277842296
0.1734423289566618	0.025143689202432217
0.173380760064117	0.025159316551582434
0.17317568822648902	0.025237599109178936
0.17316544100407585	0.025240212718454096
0.17316544100407585	0.025242826598394996
0.17312445817759278	0.02525590005906674
0.17290945741516012	0.025342354876666216
0.1728480776823832	0.025363358150716733
0.17278671973830223	0.025394895704658416
0.1727253835751826	0.025410679184107856
0.17264108190091676	0.025441616919661472
0.17252108690580775	0.02548974384998292
0.17251087841773077	0.025495023566192036
0.17238842366732993	0.025545235445147255
0.17231703187508643	0.025579647908317345
0.17219471472429795	0.02561675932961513
0.17213358871226037	0.025648611970119913
0.17207248439885237	0.025664553139740972
0.17186895996760723	0.025744407727810996
0.17185879006745125	0.025747073822257216
0.17185879006745125	0.025749740192804547
0.17181811648424616	0.025763076188058724
0.17160473804868193	0.0258512671472972
0.17154382146770278	0.025872692198405912
0.1714220531709246	0.0259209635087018
0.17133965496538067	0.025952858460747616
0.17121929805876143	0.02600161591095076
0.17108763585457668	0.026058221860082338
0.17101678276192395	0.02609332537682084
0.17083472380243037	0.026163674339807784
0.17057209186149896	0.026261393819141995
0.1705619987001512	0.026266833367983165
0.17030986367651862	0.02637039913509574
0.1699273320932694	0.026523767126089035
0.1697966633698936	0.02658150980707698
0.1697263449119771	0.02661731825476992
0.16928500950661038	0.026788761761997987
0.16927499250502434	0.026791536009893292
0.1692349304256306	0.026808187531638026
0.1688448216952729	0.026972479748521246
0.16864511488901468	0.027056403916139452
0.16826632248431708	0.02722503644744778
0.16800763906279823	0.027326720039436682
0.16799769764629677	0.027332380250366353
0.16795793786251847	0.02734653590749435
0.1677493533269931	0.027440147292094805
0.1675707727676515	0.027514127357047457
0.16737257288496837	0.027599736847079878
0.16724386869031296	0.027659821931997723
0.16717460742976234	0.02769708299406818
0.16673990724709298	0.027875481321166327
0.16673004084533527	0.02787836810989038
0.16673004084533527	0.027881255197570672
0.16669058107614657	0.027895695121399465
0.16648357045269707	0.027991186362174528
0.16630633740504006	0.028066652057133535
0.16622516865963582	0.02810082346408129
0.1661096330751696	0.028153980713367076
0.16591316140386161	0.02825328171612714
0.1657365355953085	0.028329454033798582
0.1654817413294953	0.028435262547620098
0.16547194937644413	0.028441152372071322
0.16543278735803105	0.028455882271100102
0.165227338770421	0.02855329111836457
0.16505144306655725	0.02863027227699549
0.16485622300453706	0.028719354622850662
0.16472945380304843	0.02878187713423766
0.16466123384551243	0.02882064973780103
0.16423306912880278	0.029006285015718447
0.1642233510626921	0.02900928891063044
0.1641747693570786	0.029030324887164387
0.1638060177586918	0.029205210831213465
0.16372606933845366	0.029240768443937536
0.16361227076471233	0.029296082083392558
0.16341875293140823	0.02939941135527917
0.16324478258978486	0.029478673698096838
0.16299381900846943	0.029588774466353926
0.1629745301057768	0.029594903218885818
0.1629359591481437	0.029613297094261245
0.16274324124480868	0.029711591013396377
0.16268547033506095	0.029736215429381718
0.1625699900311726	0.029791695008816656
0.16248824108209034	0.02982719447430481
0.16237770498993423	0.02988439109122589
0.16224324079882313	0.02994634865829561
0.16218564738019833	0.0299897953689529
0.16207052186955978	0.03003330511289309
0.16201298976303372	0.03007064941779217
0.16195547807936578	0.030089338979767035
0.1617639198724957	0.030182961173632877
0.16175434791189122	0.0301860869252915
0.16174477651768274	0.0301892130006534
0.16170649660413802	0.030207976252471094
0.1615152328883558	0.030308244060055806
0.16145789789938358	0.030333362971028417
0.1613432889728692	0.03038995666313683
0.16126215687516485	0.03042616901082065
0.161152454852945	0.030484514221087982
0.1610190052855385	0.030547715988481376
0.16096184644839806	0.030592035173866435
0.16079049165029408	0.030674512892557414
0.1605433011613495	0.030789080035908935
0.16052430225615855	0.030795457408937302
0.16048631119057682	0.03081459745482697
0.1602964906895141	0.030916878789484313
0.16012584420772388	0.031000232303466296
0.15993645006092658	0.03109004774287667
0.15980400746119922	0.031161159671278287
0.15970888209154363	0.03120636885198448
0.15933189284791852	0.03140005365874451
0.15932246479620849	0.031410623220321184
0.159313037302379	0.03141387610883217
0.15925177218854525	0.031441539265807034
0.15891758589071425	0.03162276318855668
0.15933189284791852	0.03162276318855668
0.15993645006092658	0.03162276318855668