2.4426999645761924	0.00025966559729348725
2.444068004821581	0.0002651083601908536
2.4444444444444446	0.0002665305381710622
2.4457440039687093	0.0002706652070033241
2.447600079972613	0.00027633852900531725
2.449556885524787	0.0002821307675939471
2.451609291133074	0.00028804441533962976
2.453752211233705	0.00029408201705870605
2.455980633997799	0.00030024617090855494
2.4582896492770425	0.000306539529505653
2.4606744746393385	0.000312964801067075
2.462962962962963	0.00031907177590538105
2.4631617336287666	0.00031952475057592136
2.466152441366072	0.00032622220097116666
2.4692120294601745	0.0003330600343624589
2.47233493372808	0.00034004119327037097
2.475510545962729	0.00034716868189265597
2.4787326148843447	0.0003544455673970436
2.4814814814814814	0.0003606718975287459
2.4820967868149495	0.00036187498124112767
2.486008376025765	0.00036946012051993025
2.4899793110314388	0.00037720424934170013
2.494013473531077	0.00038511070023255687
2.4981149242074734	0.00039318287557057704
2.5	0.0003968678065083801
2.502678258382175	0.00040142424904993177
2.5076451670831204	0.00040983836717572617
2.5126972361633193	0.00041842885079015847
2.517840076535473	0.0004271993966306776
2.518518518518518	0.0004283382811907171
2.52382820656609	0.0004361537789208006
2.5300373916623293	0.00044529585099426503
2.5363637750966315	0.0004546295469532399
2.537037037037037	0.00045560427923381714
2.5437354776643275	0.0004641588833612782
2.5513602381944223	0.00047388796097176504
2.5555555555555554	0.00047918418489774356
2.559702128809777	0.00048382096649259574
2.5688885785329223	0.0004939621743878316
2.574074074074074	0.0004996140829966986
2.5790092409169474	0.0005043159487171359
2.590639403971891	0.0005148867450137498
2.5925925925925926	0.0005165665212658679
2.604973912824814	0.0005256791122018419
2.611111111111111	0.0005299735949997974
2.6222647989981187	0.0005366976945540476
2.6296296296296298	0.0005409140621664846
2.6438219146649713	0.0005479472336900282
2.648148148148148	0.0005499788478346826
2.6666666666666665	0.0005575040772834426
2.6721530983613198	0.0005594325706169377
2.685185185185185	0.0005637547051511036
2.703703703703704	0.000569063297827795
2.712217073073481	0.0005711586478126434
2.7222222222222223	0.0005734733684413861
2.7407407407407405	0.0005771292140783214
2.759259259259259	0.0005802378313350116
2.7777777777777777	0.0005829517922830063
2.7790896135178915	0.0005831305113526219
2.7962962962962963	0.0005853412771848598
2.814814814814815	0.000587562785982098
2.833333333333333	0.0005896190588230755
2.851851851851852	0.0005915009972459148
2.8703703703703702	0.0005931996316614134
2.888888888888889	0.0005947062096776062
2.8980824579197684	0.000595353313081437
2.9074074074074074	0.0005959673599384656
2.9259259259259256	0.000596989748104811
2.9444444444444446	0.0005978104978706846
2.962962962962963	0.0005984232838923877
2.9814814814814814	0.0005988224109217523
3.	0.0005990028995811619
3.018518518518518	0.0005992036673021622
3.037037037037037	0.0005996403067215453
3.0555555555555554	0.0006002746648152199
3.074074074074074	0.0006010696687132456
3.0925925925925926	0.0006019887291232009
3.1111111111111107	0.0006029952531106771
3.1296296296296298	0.0006040522612843506
3.148148148148148	0.000605122107869213
3.1666666666666665	0.0006061663047538396
3.185185185185185	0.0006071454523883751
3.1997566230134655	0.0006078323128297224
3.203703703703704	0.0006080063948234627
3.2222222222222223	0.0006086838707406087
3.2407407407407405	0.0006091866977935879
3.259259259259259	0.0006094762138661755
3.2777777777777777	0.000609514142690638
3.296296296296296	0.000609263168010197
3.314814814814815	0.0006086876119817884
3.331888267465123	0.0006078323128297224
3.333333333333333	0.0006077551411479909
3.351851851851852	0.000606387666998104
3.3703703703703702	0.0006046607772542645
3.388888888888889	0.0006025871995909296
3.4074074074074074	0.0006001789998808246
3.4259259259259256	0.0005974473087406831
3.4386043927702383	0.000595353313081437
3.4444444444444446	0.0005943386923907927
3.462962962962963	0.0005907718646297712
3.481481481481482	0.0005868990100145905
3.4981827439374573	0.0005831305113526219
3.5	0.0005827025718035064
3.518518518518519	0.0005779683673066962
3.5370370370370368	0.0005729447280841066
3.5431756968706125	0.0005711586478126435
3.5555555555555554	0.0005674316810187046
3.5740740740740744	0.0005615324724490986
3.580263111425376	0.0005594325706169377
3.5925925925925926	0.000555131907200969
3.611111111111111	0.0005483416359908879
3.612117385502644	0.0005479472336900282
3.6296296296296298	0.00054093855699474
3.639698902647851	0.0005366976945540476
3.6481481481481484	0.0005330792209756436
3.6645353834682566	0.0005256791122018419
3.666666666666667	0.0005247047084092957
3.685185185185185	0.0005157240126123491
3.6868078084299176	0.0005148867450137498
3.703703703703704	0.0005061260287155423
3.7069867636201086	0.0005043159487171359
3.7222222222222223	0.000495914539913992
3.7255398821535635	0.0004939621743878316
3.7407407407407405	0.00048504345969952096
3.742688206439678	0.00048382096649259574
3.758382154916802	0.0004738879609717651
3.759259259259259	0.00047332192349970376
3.7724798019667025	0.0004641588833612782
3.7777777777777777	0.0004604454779473392
3.7854523832375397	0.00045462954695324
3.7962962962962963	0.000446330683995564
3.7975381034440963	0.0004452958509942651
3.8081710258724795	0.00043615377892080063
3.814814814814815	0.0004303589797245474
3.81810310174897	0.00042719939663067764
3.8269403213419073	0.0004184288507901585
3.833333333333333	0.00041192542731243066
3.835172486902175	0.0004098383671757261
3.84223676359419	0.00040142424904993177
3.8489029072815617	0.00039318287557057704
3.8518518518518516	0.00038945628900970304
3.8549451940705746	0.00038511070023255687
3.86071360185537	0.00037720424934170013
3.8665934494503125	0.00036946012051993025
3.8703703703703702	0.00036462834449654027
3.8723066572355274	0.00036187498124112767
3.8776406213897707	0.0003544455673970436
3.883084266609586	0.00034716868189265597
3.888644298981052	0.000340041193270371
3.888888888888889	0.0003397317278970087
3.8936148868962523	0.0003330600343624589
3.8986729678348633	0.0003262222009711666
3.903902499163065	0.00031952475057592136
3.9074074074074074	0.0003152530190974007
3.909140657089071	0.000312964801067075
3.914232542067384	0.000306539529505653
3.919583622981112	0.00030024617090855494
3.925206136251379	0.00029408201705870605
3.9259259259259256	0.0002933199399363185
3.930569735453493	0.00028804441533962976
3.9361314666891065	0.0002821307675939471
3.9419802348837782	0.00027633852900531725
3.9444444444444438	0.00027400842623954047
3.947766560278521	0.0002706652070033241
3.9536007469156935	0.0002651083601908536
3.9597413883299386	0.00025966559729348725
3.962962962962963	0.00025695086901892527
3.965906239518923	0.00025433457613046484
3.9720887110450604	0.0002491130026067791
3.9786018109499026	0.00024399862972595502
3.981481481481482	0.00024184191488587145
3.985127375121406	0.0002389892566231048
3.9917526893034054	0.00023408272761782942
3.9987388488625633	0.00022927693128656486
4.	0.00022844021121468583
4.005015948802363	0.00022456979955397718
4.011396699798423	0.0002199593068030075
4.018122125700946	0.00021544346900318823
4.018518518518518	0.00021518516314864884
4.02354657089273	0.00021102034285685965
4.029154580236293	0.00020668802496290822
4.035058000628295	0.00020244465099768022
4.037037037037036	0.00020107908928794504
4.04028147147903	0.00019828839491270716
4.045290517970292	0.00019421746814890246
4.0505591173756095	0.00019023011886689457
4.055555555555555	0.00018669234666233162
4.055977519616255	0.00018632463119315598
4.06049794778584	0.00018249932448161505
4.065249904070722	0.00017875255259042352
4.070243899373055	0.00017508270317357236
4.074074074074074	0.00017242642126405128
4.075184121891958	0.00017148819698705408
4.079503215185164	0.00016796748720926532
4.084040261224111	0.00016451905877536605
4.088804893882834	0.000161141427725302
4.092592592592593	0.00015860850930819596
4.093552268428731	0.00015783314056521164
4.097702029765719	0.00015459277364194784
4.102058201661503	0.0001514189325304352
4.106629645566572	0.00014831025143361028
4.111111111111111	0.00014545650837541883
4.111361705589124	0.00014526539259467812
4.115371791625996	0.0001422830457214352
4.11957836635007	0.00013936192742241435
4.123989592947581	0.00013650078065460138
4.12861388237806	0.00013369837418249453
4.12962962962963	0.00013310162886300664
4.132721277598235	0.00013095350204826676
4.136832780090302	0.000128264983052806
4.141160076068666	0.00012563166024741215
4.145719691840768	0.00012305240043592616
4.148148148148148	0.00012174569821444219
4.150107097764934	0.00012052609368708414
4.154286564593258	0.00011805165285688055
4.158704228097781	0.00011562801312073754
4.163375267122852	0.00011325413151528127
4.166666666666666	0.00011167912741042471
4.168029650873177	0.00011092898648952228
4.17235388398897	0.00010865157746525373
4.176937220451348	0.00010642092440647246
4.181796960097457	0.00010423606739764012
4.185185185185185	0.00010280438877288673
4.186652717459384	0.00010209606623060476
4.191201294880249	0.00010000000000000002
4.196036839555155	0.00009794696670695387
4.201179433118638	0.00009593608287093147
4.203703703703704	0.00009500076427322478
4.206166447130466	0.0000939664831495469
4.211044489397969	0.0000920373199661823
4.216324627477216	0.00009014776314524916
4.22214175154802	0.00008829699955494083
4.222222222222221	0.00008827285879117906
4.227969393950325	0.00008648423275731727
4.234542406143704	0.00008470868266557403
4.2407407407407405	0.00008323485899908575
4.241836186222838	0.00008296958520834916
4.2493986329833815	0.00008126619200091945
4.257912503416677	0.00007959777002314978
4.2592592592592595	0.00007935036344599324
4.266775708761491	0.00007796360130405237
4.2765892570972435	0.00007636298261282242
4.277777777777778	0.00007617981044358508
4.286773921686085	0.00007479522515621829
4.296296296296296	0.00007347870546889823
4.297884814506958	0.0000732596542821523
4.309375753268086	0.00007175560918936922
4.314814814814815	0.00007109435076600119
4.321481398936845	0.00007028244264308353
4.333333333333333	0.00006893910122626288
4.334205160215697	0.00006883952069645496
4.346980246297101	0.00006742622241778336
4.351851851851851	0.00006691500168166313
4.360131019172213	0.00006604193962330305
4.37037037037037	0.00006501794146916565
4.373753331720897	0.00006468607661546321
4.387864431081615	0.00006335804992658255
4.388888888888889	0.0000632641546043623
4.4027144065152255	0.000062057288067765
4.407407407407407	0.00006166287513893119
4.418807662449368	0.00006078323128297223
4.425925925925926	0.00006024918124619785
4.436795166633189	0.0000595353313081437
4.444444444444445	0.00005904105384089353
4.458194268194678	0.000058313051135262185
4.462962962962963	0.000058061201299579495
4.481481481481481	0.00005732768595026155
4.490127862713825	0.00005711586478126435
4.5	0.000056866567995658395
4.518518518518518	0.000056534287837909145
4.537037037037036	0.00005618590731286339
4.549639648710111	0.000055943257061693766
4.555555555555555	0.00005582496461532962
4.574074074074074	0.00005545290871180304
4.592592592592593	0.00005509438296963906
4.608707515879615	0.00005479472336900281
4.611111111111111	0.000054747938582692655
4.62962962962963	0.00005431577726938943
4.648148148148148	0.00005377573356826621
4.6510475750641405	0.00005366976945540476
4.666666666666666	0.00005306474083549179
4.676955969348383	0.000052567911220184194
4.685185185185185	0.000052146557106824396
4.695482235112253	0.00005148867450137498
4.703703703703704	0.00005093112477505298
4.709633660819012	0.00005043159487171358
4.721741569237572	0.000049396217438783165
4.722222222222221	0.00004935536002942442
4.734405036874142	0.00004838209664925957
4.7407407407407405	0.00004791374387868166
4.7485579987286	0.00004738879609717651
4.7592592592592595	0.000046712040221439165
4.764476578921905	0.00004641588833612782
4.777777777777778	0.000045693430834136336
4.782553959561808	0.000045462954695323996
4.796296296296296	0.000044819174633516976
4.803310787417228	0.00004452958509942651
4.814814814814815	0.00004406241998954479
4.827374508214811	0.000043615377892080056
4.833333333333333	0.00004340424829207257
4.851851851851851	0.00004282613518085479
4.855673065652488	0.00004271993966306776
4.87037037037037	0.00004230467818804131
4.888443662691111	0.00004184288507901585
4.888888888888888	0.000041831278608116734
4.907407407407407	0.00004139485269318516
4.925925925925926	0.00004102078554802826
4.928115222690829	0.00004098383671757261
4.944444444444445	0.00004070036149699721
4.962962962962963	0.00004045146474938889
4.981481481481481	0.00004028019848466351
5.	0.000040191630359116415
5.018518518518518	0.00004014819509345965
5.0212051637315325	0.00004014242490499318
5.037037037037036	0.00004010691726222723
5.0555555555555545	0.000040069125545183785
5.074074074074074	0.00004003497017215708
5.092592592592593	0.00004000434360529196
5.11111111111111	0.00003997713957340344
5.12962962962963	0.00003995325287623951
5.148148148148148	0.00003993257919884112
5.166666666666666	0.00003991501493568988
5.185185185185185	0.00003990045702436843
5.203703703703703	0.00003988880278849274
5.222222222222221	0.00003987994978970644
5.2407407407407405	0.00003987379568855625
5.2592592592592595	0.00003987023811409449
5.277777777777778	0.00003986917454207968
5.296296296296296	0.000039870502181669176
5.314814814814815	0.000039874117870519055
5.333333333333333	0.000039879917978225826
5.351851851851851	0.000039887798318062345
5.37037037037037	0.00003989765406697605
5.388888888888889	0.000039909379693832324
5.4074074074074066	0.00003992286889589824
5.425925925925926	0.000039938014543573014
5.444444444444445	0.00003995470863338128
5.462962962962962	0.00003997284224925288
5.481481481481482	0.00003999230553211949
5.5	0.00004001298765786299
5.518518518518518	0.00004003477682365414
5.537037037037037	0.00004005756024272119
5.555555555555555	0.00004008122414758884
5.5740740740740735	0.00004010565380182624
5.592592592592592	0.00004013073352033986
5.601052696217316	0.00004014242490499317
5.611111111111111	0.0000401557814013006
5.62962962962963	0.00004018075480794511
5.648148148148148	0.00004020601513990305
5.666666666666666	0.000040231447920592884
5.685185185185185	0.00004025696055124
5.703703703703703	0.00004028293587806543
5.722222222222222	0.00004030985479283693
5.7407407407407405	0.0000403377289047038
5.759259259259259	0.00004036656792888784
5.777777777777778	0.000040396382337205384
5.796296296296296	0.000040427183370075523
5.814814814814815	0.000040458983049826896
5.833333333333333	0.00004049179419533943
5.851851851851851	0.00004052563043806198
5.87037037037037	0.00004056050623945093
5.888888888888888	0.00004059643690987968
5.907407407407407	0.00004063343862907379
5.925925925925926	0.00004067152846813154
5.944444444444445	0.000040710724413195196
5.962962962962964	0.00004075104539084419
5.981481481481481	0.0000407925112952873
6.	0.00004083514301743742
6.018518518518518	0.000040878962475959714
6.037037037037037	0.00004092399265039125
6.055555555555555	0.00004097025761643786
6.060867331857388	0.00004098383671757261
6.0740740740740735	0.000041016615986299655
6.092592592592593	0.000041063777173321395
6.111111111111111	0.000041112241062620944
6.12962962962963	0.00004116203779236038
6.148148148148148	0.00004121319887027879
6.166666666666666	0.00004126575722863617
6.185185185185185	0.0000413197472825946
6.203703703703703	0.00004137520499225101
6.222222222222222	0.00004143216792855315
6.2407407407407405	0.000041490675343348706
6.259259259259259	0.000041550768243837856
6.277777777777778	0.00004161248947172176
6.296296296296296	0.000041675883787362755
6.314814814814815	0.000041740997959299
6.333333333333333	0.000041807880859483954
6.342807487645155	0.000041842885079015846
6.351851851851851	0.00004187562824782027
6.37037037037037	0.00004194418595702085
6.388888888888888	0.00004201388768822481
6.407407407407407	0.000042082237297844956
6.425925925925926	0.000042148233727379014
6.444444444444444	0.000042211733190180436
6.462962962962963	0.00004227259253374442
6.481481481481481	0.00004233066950089332
6.5	0.00004238582299804174
6.518518518518519	0.00004243791337003195
6.537037037037036	0.00004248680268098886
6.555555555555555	0.00004253235500060117
6.5740740740740735	0.00004257443669519458
6.592592592592593	0.00004261291672292189
6.611111111111111	0.00004264766693235465
6.62962962962963	0.00004267856236372283
6.648148148148148	0.000042705481552011075
6.659879340250875	0.00004271993966306776
6.666666666666666	0.00004272800839636818
6.685185185185185	0.00004274595942105264
6.703703703703703	0.00004275974478174769
6.722222222222223	0.00004276926502882206
6.7407407407407405	0.000042774425648201406
6.7592592592592595	0.00004277513734578014
6.777777777777778	0.00004277131632705284
6.796296296296296	0.00004276288457097928
6.814814814814815	0.00004274977009708459
6.833333333333333	0.000042731907224786494
6.843095253206876	0.000042719939663067756
6.851851851851851	0.00004270882804127494
6.87037037037037	0.00004268024112490018
6.888888888888888	0.00004264655273663803
6.907407407407407	0.00004260772105353034
6.925925925925926	0.00004256371188872515
6.944444444444445	0.00004251449889496451
6.962962962962962	0.00004245981748503308
6.981481481481481	0.00004239790278086605
7.	0.00004232798996429298
7.018518518518518	0.00004225003153401002
7.037037037037036	0.000042164008675109294
7.055555555555555	0.00004206992247271725
7.074074074074073	0.00004196779438142214
7.092592592592593	0.0000418576666311918
7.094887841086201	0.000041842885079015846
7.111111111111111	0.000041735344850756816
7.12962962962963	0.00004160420483496998
7.148148148148147	0.00004146496012820933
7.166666666666666	0.000041317739569804416
7.185185185185185	0.000041162694554788395
7.203703703703703	0.00004099999898021683
7.2054385946164174	0.00004098383671757261
7.222222222222221	0.000040823399889920174
7.2407407407407405	0.00004063853156455591
7.259259259259258	0.00004044631376935974
7.277777777777778	0.00004024701419380183
7.287092509778556	0.00004014242490499317
7.296296296296296	0.000040036630985517424
7.314814814814815	0.00003981501650573503
7.333333333333333	0.00003958691482745504
7.351851851851851	0.00003935268622406647
7.354459197587405	0.0000393182875570577
7.37037037037037	0.00003910393061622705
7.388888888888889	0.000038848046867140693
7.4074074074074066	0.000038586926072132275
7.412603118497584	0.000038511070023255685
7.425925925925926	0.000038312843297166616
7.444444444444445	0.00003803089510530585
7.462962962962963	0.0000377448180148697
7.464486140396066	0.000037720424934170016
7.481481481481481	0.000037443631675720086
7.5	0.00003713803400367559
7.51154479828493	0.000036946012051993025
7.518518518518518	0.00003682819281730572
7.537037037037036	0.000036514580634408524
7.555555555555555	0.00003620569543403964
7.556635671250819	0.00003618749812411277
7.574074074074074	0.0000358892339078855
7.592592592592593	0.00003557716700722544
7.600471512784788	0.000035444556739704355
7.611111111111111	0.000035262821785893074
7.62962962962963	0.000034948310994353796
7.643411218813201	0.000034716868189265594
7.648148148148149	0.00003463616381350906
7.666666666666666	0.00003431991973609961
7.685185185185185	0.0000340098154676409
7.685522492405115	0.0000340041193270371
7.703703703703704	0.00003369277008150183
7.722222222222221	0.00003338196607744201
7.726743869654266	0.000033306003436245885
7.7407407407407405	0.0000330676193041774
7.759259259259259	0.00003275673664101395
7.76731628048762	0.000032622220097116666
7.777777777777777	0.00003244520149133175
7.796296296296296	0.000032134828515235016
7.807297658416647	0.000031952475057592136
7.814814814814815	0.00003182622440150872
7.833333333333332	0.000031516915778004035
7.8467412841529605	0.0000312964801067075
7.851851851851851	0.00003121136678203772
7.87037037037037	0.000030903642843614995
7.885696365526073	0.0000306539529505653
7.8888888888888875	0.00003060127613277664
7.907407407407407	0.00003029562250655157
7.924208528050139	0.000030024617090855492
7.925925925925926	0.000029996566899020537
7.944444444444444	0.000029693434395164637
7.962320233260045	0.000029408201705870607
7.962962962962964	0.000029397818767812223
7.981481481481481	0.00002909747301399174
8.	0.000028804709803445323
8.000016872006363	0.000028804441533962977
8.018518518518519	0.000028506368646865077
8.037037037037036	0.000028215558018217158
8.037194179156701	0.000028213076759394707
8.055555555555555	0.000027919295546945263
8.0738498176692	0.00002763385290053173
8.074074074074073	0.00002763030729450744
8.092592592592592	0.00002733594304022397
8.109953795903724	0.00002706652070033241
8.11111111111111	0.000027048321462191433
8.12962962962963	0.00002675601132708519
8.145501943051832	0.000026510836019085362
8.148148148148149	0.000026469416983635267
8.166666666666666	0.000026179211397145744
8.180486870601648	0.000025966559729348725
8.185185185185185	0.000025893308440133055
8.203703703703702	0.00002560526483168206
8.214904042283743	0.00002543345761304648
8.222222222222221	0.000025319721534201398
8.24074074074074	0.00002503390346220891
8.248751872388077	0.00002491130026067791
8.25925925925926	0.000024748392613777014
8.277777777777779	0.000024464868851659508
8.282031809687586	0.0000243998629725955
8.296296296296296	0.000024179067989097445
8.314745815126965	0.00002389892566231048
8.314814814814815	0.00002389786455077337
8.333333333333332	0.00002361150300267681
8.346715739976075	0.000023408272761782944
8.351851851851851	0.000023329289867021892
8.37037037037037	0.000023045460808909152
8.378117632574769	0.000022927693128656486
8.38888888888889	0.000022761924051982353
8.407407407407408	0.00002248071081502009
8.408965669546825	0.000022456979955397716
8.425925925925926	0.00002219559952053856
8.439102006920722	0.00002199593068030075
8.444444444444443	0.000021914769268234454
8.462962962962962	0.000021635885895304585
8.469106514549267	0.000021544346900318823
8.481481481481481	0.000021360017192174105
8.499165678954743	0.000021102034285685967
8.5	0.00002108986564751965
8.518518518518519	0.00002081979769002469
8.529073214529534	0.00002066880249629082
8.537037037037036	0.000020554878255556557
8.555555555555555	0.0000202936040879479
8.559057662488197	0.000020244465099768016
8.574074074074073	0.0000200337432053145
8.588981293262751	0.000019828839491270716
8.592592592592592	0.000019779192615877063
8.61111111111111	0.00001952598920585737
8.61884079291648	0.000019421746814890246
8.62962962962963	0.000019276202873822223
8.648148148148149	0.000019031168074754914
8.648764471595062	0.00001902301188668946
8.666666666666666	0.000018785995279850815
8.67850330342439	0.0000186324631193156
8.685185185185185	0.000018545750453848342
8.703703703703702	0.000018308151533580227
8.708276166685609	0.000018249932448161504
8.722222222222221	0.000018072256487858248
8.738002254431889	0.000017875255259042355
8.74074074074074	0.00001784104578792153
8.75925925925926	0.000017610596424207798
8.767606319264539	0.000017508270317357232
8.777777777777779	0.000017383488127634503
8.796296296296296	0.000017160396955501206
8.797257899230576	0.00001714881969870541
8.814814814814813	0.000016937270132683363
8.826712172804799	0.000016796748720926532
8.833333333333332	0.00001671848088681091
8.851851851851851	0.000016502041638656114
8.85617252425942	0.000016451905877536607
8.87037037037037	0.000016287011418674378
8.885550766616479	0.0000161141427725302
8.88888888888889	0.000016076095810465847
8.907407407407407	0.00001586609105385513
8.914803880492311	0.000015783314056521164
8.925925925925924	0.000015658725823877924
8.944079118692636	0.000015459277364194785
8.944444444444443	0.000015455259855508832
8.962962962962962	0.000015251492753551585
8.973109805165599	0.00001514189325304352
8.981481481481481	0.000015051381599776838
9.	0.000014854099642979152
9.002172645686022	0.000014831025143361029
9.018518518518519	0.00001465725403912346
9.031048435241797	0.000014526539259467812
9.037037037037036	0.000014464006068920884
9.055555555555555	0.000014272596824260092
9.059872096732938	0.000014228304572143519
9.074074074074073	0.000014082438602328896
9.08857845843198	0.000013936192742241436
9.092592592592592	0.000013895682345237428
9.11111111111111	0.000013709994404999428
9.117150521252695	0.000013650078065460139
9.12962962962963	0.000013526163480408902
9.145659390718864	0.000013369837418249452
9.148148148148149	0.000013345546301613158
9.166666666666666	0.000013165441600194273
9.173968948037965	0.000013095350204826676
9.185185185185185	0.000012987604655600874
9.202260061675776	0.0000128264983052806
9.203703703703702	0.000012812866897960479
9.222222222222221	0.000012638408256522094
9.230335967170038	0.000012563166024741215
9.24074074074074	0.000012466605254508055
9.258456397887562	0.000012305240043592618
9.25925925925926	0.000012297921638447415
9.277777777777779	0.000012129474957101637
9.28637964496365	0.000012052609368708414
9.296296296296294	0.000011963923616538618
9.314397933075341	0.000011805165285688058
9.314814814814813	0.000011801506075886187
9.333333333333332	0.000011639351662766486
9.34224672596472	0.000011562801312073753
9.351851851851851	0.000011480232869583434
9.370233341933579	0.000011325413151528127
9.37037037037037	0.000011324257890375218
9.38888888888889	0.000011168589437747716
9.398083300797738	0.000011092898648952227
9.407407407407407	0.000011016051769112562
9.425925925925926	0.000010866610280122137
9.426106685992014	0.000010865157746525373
9.444444444444443	0.00001071759963167447
9.454039189233395	0.000010642092440647246
9.462962962962962	0.000010571763761701118
9.481481481481481	0.000010428885697773753
9.482170034475514	0.000010423606739764011
9.5	0.000010286673565146034
9.510273060982911	0.000010209606623060476
9.518518518518519	0.000010147637195793357
9.537037037037036	0.000010011336472558414
9.538591349834885	0.00001
9.555555555555555	9.876003033895277e-6
9.566958696566259	9.794696670695386e-6
9.574074074074074	9.743846247767927e-6
9.592592592592592	9.614089351838194e-6
9.595553422840982	9.593608287093147e-6
9.61111111111111	9.485701290347549e-6
9.624292934572672	9.39664831495469e-6
9.62962962962963	9.3604922572444e-6
9.648148148148147	9.237207930241808e-6
9.653267489481168	9.20373199661823e-6
9.666666666666668	9.115824285702994e-6
9.682506082980813	9.014776314524917e-6
9.685185185185185	8.997625291555151e-6
9.703703703703702	8.880713743778083e-6
9.711985486829795	8.829699955494083e-6
9.722222222222221	8.766392079275487e-6
9.74074074074074	8.6550216029206e-6
9.741852134616341	8.64842327573171e-6
9.75925925925926	8.544607527241128e-6
9.772016829702613	8.470868266557402e-6
9.777777777777777	8.437410444910195e-6
9.796296296296296	8.332128111528846e-6
9.80262734872552	8.296958520834915e-6
9.814814814814817	8.228890747283206e-6
9.833333333333332	8.12881181277114e-6
9.833744876356501	8.126619200091945e-6
9.851851851851851	8.029565777820241e-6
9.865340423874791	7.959777002314978e-6
9.87037037037037	7.933587648294209e-6
9.88888888888889	7.839300619180188e-6
9.897572132598908	7.796360130405221e-6
9.907407407407407	7.74737985879054e-6
9.925925925925924	7.657969394492895e-6
9.93052245213546	7.636298261282242e-6
9.944444444444445	7.57014843416256e-6
9.962962962962962	7.485458124962161e-6
9.964287133999308	7.479522515621829e-6
9.981481481481481	7.401785828136199e-6
9.998980614642557	7.32596542821523e-6
10.	7.3215090604916556e-6
10.018518518518517	7.2413573741650355e-6
10.034046749222737	7.175560918936922e-6
10.037037037037036	7.16277622045305e-6
10.055555555555555	7.0838576169828145e-6
10.06885623415943	7.028244264308339e-6
10.074074074074073	7.006234300022403e-6
10.092592592592592	6.92869620291242e-6
10.103455982716817	6.883952069645496e-6
10.11111111111111	6.8521474027593e-6
10.12962962962963	6.776121639832978e-6
10.137900649289877	6.742622241778349e-6
10.148148148148147	6.700759678224831e-6
10.166666666666666	6.626362943355276e-6
10.17224264968393	6.604193962330305e-6
10.185185185185185	6.552295560097153e-6
10.203703703703702	6.479629987152098e-6
10.206532944845305	6.468607661546321e-6
10.222222222222221	6.4069602446310955e-6
10.24074074074074	6.336114075482845e-6
10.24082184998483	6.335804992658241e-6
10.25925925925926	6.2649403803326335e-6
10.275099061622065	6.205728806776501e-6
10.277777777777777	6.195629234723747e-6
10.296296296296296	6.1264049410696316e-6
10.309482793622335	6.0783231282972365e-6
10.314814814814815	6.05871181933627e-6
10.333333333333332	5.991506256617167e-6
10.344017114070391	5.95353313081437e-6
10.351851851851851	5.9253685951985544e-6
10.37037037037037	5.859407064089958e-6
10.378329784106217	5.831305113526219e-6
10.38888888888889	5.793491819797158e-6
10.407407407407407	5.727902893917964e-6
10.412027614676838	5.711586478126422e-6
10.425925925925924	5.661739018944599e-6
10.444444444444445	5.596230426623694e-6
10.444980847557007	5.594325706169378e-6
10.462962962962962	5.52939688218159e-6
10.476952074635326	5.479472336900293e-6
10.481481481481483	5.463021594942748e-6
10.5	5.395721749013536e-6
10.507935232261204	5.366976945540476e-6
10.518518518518517	5.327912329326118e-6
10.537037037037036	5.259919745594623e-6
10.537883275282509	5.2567911220184196e-6
10.555555555555555	5.19012943536699e-6
10.566530304298883	5.148867450137486e-6
10.574074074074074	5.119901004966772e-6
10.592592592592592	5.0487269695160975e-6
10.594028872346582	5.0431594871713585e-6
10.61111111111111	4.975436620526271e-6
10.620160543732219	4.939621743878326e-6
10.62962962962963	4.902209079653173e-6
10.646124535889161	4.838209664925956e-6
10.648148148148147	4.830456316229793e-6
10.666666666666664	4.760113229664156e-6
10.672341148104367	4.738879609717651e-6
10.685185185185183	4.691378413680426e-6
10.698899254111964	4.641588833612773e-6
10.703703703703702	4.62434064417726e-6
10.722222222222221	4.558695949422887e-6
10.72575838382109	4.5462954695323996e-6
10.74074074074074	4.494300730915726e-6
10.752878804751811	4.45295850994266e-6
10.75925925925926	4.4314418267405545e-6
10.777777777777777	4.369898883095145e-6
10.78031540512117	4.361537789208005e-6
10.796296296296296	4.309365781251629e-6
10.807961820952674	4.271993966306777e-6
10.814814814814815	4.25023128065896e-6
10.833333333333332	4.192283981709944e-6
10.835909420182023	4.184288507901576e-6
10.851851851851851	4.135205606696335e-6
10.86404026886601	4.098383671757261e-6
10.87037037037037	4.079406218578666e-6
10.888888888888888	4.02462314226772e-6
10.892430251059288	4.014242490499326e-6
10.907407407407407	3.970648167995956e-6
10.920998134140056	3.93182875570577e-6
10.925925925925926	3.917846843835719e-6
10.944444444444445	3.8658585070616e-6
10.94975920666586	3.851107002325569e-6
10.962962962962962	3.814680648492532e-6
10.978710439726296	3.7720424934169934e-6
10.981481481481481	3.7645705119077625e-6
11.	3.7149813833696544e-6
11.007721915089808	3.6946012051993024e-6
11.018518518518517	3.6660394651497076e-6
11.03672824469628	3.618749812411284e-6
11.037037037037036	3.617945525452148e-6
11.055555555555555	3.5698776886786964e-6
11.065527828925681	3.5444556739704356e-6
11.074074074074074	3.5226054466584e-6
11.092592592592592	3.476002008666043e-6
11.094317169876502	3.4716868189265596e-6
11.11111111111111	3.429544408303015e-6
11.122936410166215	3.4004119327037024e-6
11.12962962962963	3.383874718125721e-6
11.148148148148147	3.3387236265053376e-6
11.151508098770636	3.3306003436245885e-6
11.166666666666666	3.293846137395486e-6
11.179951232134066	3.2622220097116733e-6
11.185185185185185	3.249726078944234e-6
11.203703703703702	3.2060115587978704e-6
11.20831200191966	3.1952475057592136e-6
11.222222222222221	3.1626616935325386e-6
11.236575779324976	3.129648010670751e-6
11.24074074074074	3.120040136807074e-6
11.25925925925926	3.0777447133142756e-6
11.264732176319765	3.0653952950565237e-6
11.277777777777779	3.0358717193854347e-6
11.292813381562294	3.002461709085549e-6
11.296296296296296	2.994699167634139e-6
11.314814814814815	2.9538038435679467e-6
11.320771725741913	2.9408201705870667e-6
11.333333333333332	2.91335855357649e-6
11.348667143636455	2.880444153396298e-6
11.351851851851851	2.8735869977704024e-6
11.37037037037037	2.834071429556911e-6
11.37643348914424	2.821307675939471e-6
11.388888888888888	2.7950061220183725e-6
11.404139869812933	2.763385290053167e-6
11.407407407407407	2.7565889053919356e-6
11.425925925925926	2.718431577292447e-6
11.431719963649462	2.7066520700332412e-6
11.444444444444445	2.680699846780178e-6
11.459233982433313	2.651083601908541e-6
11.462962962962964	2.643591538124648e-6
11.481481481481481	2.6067699342659224e-6
11.486633221232296	2.5966559729348724e-6
11.5	2.5703265695930255e-6
11.51395143364357	2.5433457613046483e-6
11.518518518518517	2.5344828439403804e-6
11.537037037037036	2.4989736180732856e-6
11.541174818056513	2.491130026067786e-6
11.555555555555555	2.4637744871652272e-6
11.568293609054443	2.43998629725955e-6
11.574074074074073	2.4291520124388198e-6
11.592592592592592	2.3949311554711966e-6
11.595345695153625	2.3898925662310525e-6
11.61111111111111	2.3609330955171077e-6
11.622261221860871	2.3408272761782944e-6
11.629629629629632	2.3274894236450427e-6
11.648148148148147	2.294532429174198e-6
11.649146068833987	2.2927693128656486e-6
11.666666666666666	2.2616931405608874e-6
11.67585419560813	2.2456979955397717e-6
11.685185185185185	2.2293866014431577e-6
11.70254941558929	2.1995930680300747e-6
11.703703703703702	2.197604035803229e-6
11.722222222222221	2.165946572133986e-6
11.729071533375475	2.1544346900318865e-6
11.74074074074074	2.1347361687165454e-6
11.755549304021065	2.1102034285685966e-6
11.759259259259258	2.1040290611724033e-6
11.777777777777777	2.073586498634125e-6
11.781911170632334	2.066880249629082e-6
11.796296296296296	2.0434318011624883e-6
11.80816626973185	2.024446509976802e-6
11.814814814814813	2.0137601212023534e-6
11.833333333333332	1.9845071392892876e-6
11.834369808379169	1.9828839491270713e-6
11.851851851851851	1.955368176577543e-6
11.860396407752921	1.9421746814890283e-6
11.87037037037037	1.926692255662003e-6
11.886388332022321	1.9023011886689456e-6
11.888888888888888	1.8984721213752728e-6
11.907407407407407	1.870440916149937e-6
11.912234265012584	1.8632463119315598e-6
11.925925925925926	1.8427213266045742e-6
11.93798432205908	1.8249932448161505e-6
11.944444444444445	1.8154379569638562e-6
11.962962962962962	1.788546513919907e-6
11.96367259991158	1.7875255259042354e-6
11.981481481481481	1.7617439370229872e-6
11.989172837776287	1.7508270317357268e-6
12.	1.7353580210610321e-6
12.014619180019526	1.7148819698705409e-6
12.018518518518515	1.7093822435829723e-6
12.037037037037035	1.683657329324122e-6
12.039943421514714	1.6796748720926532e-6
12.055555555555555	1.6581293815080078e-6
12.065122469179157	1.6451905877536605e-6
12.074074074074073	1.632991882425907e-6
12.090233484291872	1.61141427725302e-6
12.092592592592592	1.60823866839003e-6
12.11111111111111	1.58364943195828e-6
12.115183447072027	1.5783314056521166e-6
12.12962962962963	1.5593099636809028e-6
12.140006112326596	1.5459277364194786e-6
12.148148148148145	1.5353345113644193e-6
12.164744346443532	1.514189325304352e-6
12.166666666666666	1.5117170425402173e-6
12.185185185185187	1.4882332318894648e-6
12.189304273759168	1.483102514336103e-6
12.203703703703702	1.4649937483740715e-6
12.213728349527056	1.4526539259467812e-6
12.222222222222221	1.442090794531165e-6
12.238048593576003	1.4228304572143519e-6
12.24074074074074	1.4195181368139255e-6
12.25925925925926	1.397111355730876e-6
12.262195510597595	1.3936192742241435e-6
12.277777777777777	1.3748785001921072e-6
12.286169420987122	1.3650078065460137e-6
12.296296296296296	1.3529524474109257e-6
12.310016057200272	1.3369837418249452e-6
12.314814814814815	1.3313262546818734e-6
12.333333333333332	1.309971744891301e-6
12.333717440716063	1.3095350204826676e-6
12.351851851851851	1.2886437074302356e-6
12.357176941376315	1.28264983052806e-6
12.37037037037037	1.2675934704374808e-6
12.38048358740835	1.2563166024741214e-6
12.388888888888886	1.246817406930591e-6
12.403637291281942	1.2305240043592616e-6
12.407407407407405	1.2263029541926343e-6
12.425925925925926	1.2060107212147946e-6
12.426621287132894	1.2052609368708414e-6
12.444444444444446	1.1859254172672363e-6
12.449549011572524	1.1805165285688055e-6
12.462962962962962	1.1665515274256756e-6
12.472904933098519	1.1562801312073753e-6
12.481481481481481	1.1472904560279977e-6
12.495523514180377	1.1325413151528126e-6
12.5	1.127761963004298e-6
12.51740611650455	1.1092898648952228e-6
12.518518518518517	1.1080893910988203e-6
12.537037037037036	1.0883581682804123e-6
12.538789798214543	1.0865157746525372e-6
12.555555555555555	1.0685867689393857e-6
12.55970878682618	1.0642092440647247e-6
12.574074074074073	1.048795671178704e-6
12.580156989898835	1.042360673976401e-6
12.592592592592592	1.02895924626507e-6
12.600118247227316	1.0209606623060475e-6
12.61111111111111	1.0090493615694679e-6
12.619576540047156	1.e-6
12.62962962962963	9.890348760048343e-7
12.638516007489432	9.794696670695385e-7
12.648148148148147	9.68881028577237e-7
12.6569209631529	9.593608287093148e-7
12.666666666666666	9.485486918671308e-7
12.674775911817342	9.39664831495469e-7
12.685185185185185	9.279934534315388e-7
12.692065460784434	9.20373199661823e-7
12.703703703703702	9.071643790302121e-7
12.708774190727064	9.014776314524918e-7
12.722222222222221	8.860026070367952e-7
12.72488802156271	8.829699955494083e-7
12.740390418688198	8.648423275731709e-7
12.740740740740739	8.644188954565441e-7
12.755239958394847	8.470868266557403e-7
12.75925925925926	8.421283742747281e-7
12.769446300239053	8.296958520834915e-7
12.777777777777777	8.191794139664056e-7
12.782995646613294	8.126619200091945e-7
12.7958710025308	7.959777002314979e-7
12.796296296296298	7.953998375059422e-7
12.808013666061562	7.796360130405221e-7
12.814814814814815	7.700835971455233e-7
12.819454258107015	7.636298261282241e-7
12.83015426270313	7.479522515621827e-7
12.833333333333332	7.430052802761936e-7
12.840083290829954	7.32596542821523e-7
12.849246425891925	7.175560918936921e-7
12.851851851851851	7.129298589264251e-7
12.857591928422517	7.028244264308338e-7
12.865121208585368	6.883952069645496e-7
12.87037037037037	6.772887106956324e-7
12.871812296729129	6.742622241778349e-7
12.877611060857287	6.604193962330305e-7
12.882527772290562	6.468607661546321e-7
12.886530671928654	6.335804992658242e-7
12.888888888888888	6.235127852493653e-7
12.889582444636186	6.205728806776501e-7
12.891645873914381	6.078323128297237e-7
12.892706714435626	5.95353313081437e-7
12.892732037980537	5.831305113526218e-7
12.891688423006983	5.711586478126423e-7
12.889541855427943	5.594325706169378e-7
12.888888888888888	5.571244612062562e-7
12.886238500637626	5.479472336900293e-7
12.881749186521683	5.366976945540476e-7
12.876042178000375	5.25679112201842e-7
12.87037037037037	5.16866550524675e-7
12.86907088833565	5.148867450137487e-7
12.860757782680684	5.043159487171359e-7