#  mHNL (GeV) Ualpha4^2
1.947483375295560593e-01 9.999991516795355816e-04
2.069138424254787223e-01 9.999991516795355816e-04
2.335721826643441523e-01 9.999991516795355816e-04
2.636651268715112240e-01 9.999991516795355816e-04
3.359818672025672859e-01 9.999991516795355816e-04
4.281332781029243417e-01 9.999991516795355816e-04
5.455595129145569544e-01 9.999991516795355816e-04
6.951928227826671414e-01 9.999991516795355816e-04
8.858668017108227710e-01 9.999991516795355816e-04
1.128837877284437630e+00 9.999991516795355816e-04
1.274274953192035653e+00 9.999991516795355816e-04
1.313472668503627316e+00 9.999991516795355816e-04
1.353876136845049372e+00 9.999991516795355816e-04
1.364169724514251003e+00 9.999991516795355816e-04
1.366917089569859911e+00 9.999991516795355816e-04
1.368414303050863978e+00 9.844840130627313321e-04
1.371373076074777320e+00 9.560513809558746729e-04
1.372103619217581949e+00 9.483601970256713655e-04
1.372672088482945973e+00 9.438534071113231999e-04
1.374541574842953029e+00 9.269988581401165332e-04
1.374866962713901852e+00 9.235494659873346194e-04
1.376983862231281552e+00 9.049933770404330413e-04
1.377472840197569548e+00 8.993878262716687886e-04
1.378940816182984808e+00 8.893851870306993283e-04
1.381554415114119694e+00 8.682725947640690606e-04
1.383354137362231340e+00 8.529443396956282999e-04
1.384992282866051694e+00 8.427597630543160216e-04
1.386140138801952526e+00 8.330417856578966728e-04
1.387371040144283585e+00 8.256558935265766305e-04
1.389753882994874790e+00 8.088991482513782638e-04
1.391070306344440510e+00 7.999028886557520797e-04
1.391934886764390589e+00 7.948659544736838599e-04
1.393047279791817417e+00 7.877369576961980964e-04
1.395522448142523464e+00 7.723893918441721886e-04
1.396018009308720664e+00 7.680822766585444989e-04
1.396348481181066026e+00 7.671284063803007801e-04
1.396679031284249195e+00 7.649073132908414032e-04
1.398663975788322134e+00 7.529616834118578288e-04
1.399657505657707635e+00 7.470590101506166796e-04
1.400817515858466811e+00 7.412026095648601180e-04
1.401314957345497270e+00 7.381387566353901381e-04
1.401895529011651709e+00 7.352398279474012298e-04
1.403140421241639180e+00 7.275146637843887430e-04
1.403970963485658974e+00 7.236076364183557583e-04
1.404635751227421459e+00 7.206165144929636271e-04
1.405134548600324385e+00 7.179350775867261638e-04
1.405300853749726464e+00 7.164497041534291120e-04
1.406132674789821291e+00 7.127497017698426925e-04
1.406632003732235958e+00 7.093625782091265769e-04
1.406964988198678768e+00 7.084816310757081383e-04
1.407298051490752488e+00 7.064303399988775467e-04
1.408136262525795823e+00 7.026456386116802528e-04
1.408839495101751549e+00 6.991526633006181837e-04
1.409506588119209036e+00 6.957581026739031137e-04
1.410299171353151415e+00 6.919499615505238536e-04
1.410466087763132981e+00 6.899465351813937599e-04
1.411468001169216446e+00 6.862412627954997488e-04
1.412303472646843527e+00 6.822732199714416201e-04
1.412470626276546515e+00 6.808616292206423311e-04
1.412972205876149800e+00 6.783281215034098329e-04
1.413808567717659281e+00 6.718963492194504009e-04
1.414645424615707858e+00 6.682880131209274766e-04
1.414980306056391246e+00 6.660771369719157425e-04
1.415566539343602770e+00 6.630491199969339123e-04
1.415838801638370503e+00 6.614375269873144260e-04
1.416320624753723889e+00 6.586692878625882231e-04
1.416823571518533331e+00 6.556749473067566628e-04
1.416991260125985530e+00 6.545894744334401424e-04
1.416991260125985530e+00 6.543183871134839336e-04
1.417200898795193176e+00 6.537088510463945129e-04
1.418207596220912858e+00 6.479129556396542693e-04
1.418501350982738662e+00 6.457026165976523365e-04
1.419340985617558504e+00 6.417031190425443550e-04
1.419340985617558504e+00 6.411717277974176600e-04
1.420183743436765011e+00 6.372002946766378928e-04
1.421568421768475865e+00 6.297874305808452092e-04
1.421694607540987754e+00 6.288099275103206393e-04
1.421694607540987754e+00 6.280290175495732317e-04
1.422199462650002300e+00 6.264701058260769163e-04
1.423209710765937830e+00 6.205300409287955055e-04
1.423715103900207390e+00 6.182210289651350480e-04
1.424304956057046212e+00 6.155380386430724668e-04
1.424979372052778359e+00 6.123591801733645461e-04
1.425590837380622311e+00 6.093544719630760364e-04
1.426075979204459054e+00 6.065529122655310230e-04
1.426582390173541715e+00 6.042959096409387726e-04
1.426751233789100626e+00 6.030456502260508151e-04
1.427257884546478728e+00 6.003041772581075696e-04
1.427595751667304569e+00 5.995586681766031665e-04
1.428102702319725914e+00 5.970803180491522774e-04
1.428292855222930591e+00 5.963388126318048058e-04
1.428620400131517698e+00 5.948431633359365289e-04
1.429370866687861730e+00 5.910515698792219268e-04
1.429963062054988798e+00 5.884864911007145006e-04
1.431063504455239110e+00 5.835105195405255931e-04
1.432037678634012767e+00 5.793560338716162873e-04
1.433012515966677114e+00 5.750524513249265918e-04
1.433351745350602169e+00 5.730906740934347751e-04
1.433701659760397762e+00 5.721271080465151681e-04
1.434539680712761722e+00 5.676567423471578534e-04
1.435218942905223338e+00 5.655444736045033439e-04
1.435898526731957059e+00 5.620414775172274686e-04
1.436238439305765668e+00 5.611110152812843642e-04
1.436748459045589232e+00 5.580976380928669763e-04
1.437258659897495461e+00 5.564817589298718011e-04
1.438449833238024445e+00 5.523480914693333329e-04
1.438790349768968468e+00 5.507488591651524268e-04
1.438960638261493896e+00 5.500648921169616406e-04
1.440163874691401391e+00 5.457669114907046830e-04
1.440664632080630891e+00 5.434968456563216361e-04
1.441943951523042555e+00 5.389012858806335607e-04
1.442626719677236657e+00 5.363403234028191234e-04
1.442968224980154313e+00 5.351198209494643573e-04
1.443907781466031048e+00 5.316951453445988756e-04
1.444249590027850028e+00 5.292780350187016938e-04
1.445788730149699886e+00 5.246940225779287044e-04
1.448020184107929209e+00 5.171353636105100295e-04
1.448357609583001526e+00 5.154312128803054029e-04
1.448743334978484398e+00 5.146312039109774989e-04
1.449386438931281162e+00 5.124773765647117106e-04
1.451618076999748430e+00 5.046568444416519401e-04
1.452477313977658557e+00 5.019466473833091458e-04
1.454552317321321286e+00 4.957349316986023368e-04
1.454713711104326679e+00 4.951321038095569949e-04
1.456608736448146368e+00 4.888148612719977982e-04
1.457729684294071015e+00 4.856865295130972536e-04
1.460406196182086891e+00 4.781015170312434841e-04
1.460924798085384779e+00 4.766185308968623837e-04
1.461140936560689108e+00 4.760266252319379451e-04
1.461616553771693860e+00 4.746483690770266308e-04
1.464040279148092649e+00 4.676229769135117854e-04
1.465600510253020738e+00 4.635729514034090033e-04
1.467379465406116523e+00 4.590348170152937809e-04
1.469464888570642058e+00 4.536476596422485408e-04
1.470291187108984987e+00 4.514450870645319875e-04
1.470639241273227205e+00 4.505110687112673178e-04
1.471509737195873191e+00 4.485094677853381190e-04
1.474037090265379213e+00 4.422829768089279654e-04
1.475171450275587048e+00 4.396345084796597440e-04
1.477464646612204557e+00 4.342276445967561548e-04
1.477442789842127180e+00 4.338455988135089553e-04
1.477967441575890550e+00 4.329479929620207537e-04
1.479214236252726078e+00 4.302885813109447177e-04
1.480067912252862605e+00 4.281329149087041491e-04
1.480965897728886427e+00 4.263852509402598820e-04
1.482697698984761114e+00 4.225829649656131799e-04
1.482741568327970549e+00 4.224954530586705489e-04
1.484497406813490628e+00 4.187061742420278418e-04
1.485156382166259004e+00 4.169322227731906945e-04
1.487795210098600274e+00 4.119538461318944262e-04
1.488147407896529550e+00 4.112718546559797220e-04
1.490791550287562384e+00 4.060245599749369178e-04
1.493970723404106415e+00 3.998492269006442964e-04
1.495562851452566511e+00 3.968790599331966902e-04
1.496271008441947936e+00 3.954022603633637286e-04
1.498940672135852026e+00 3.908327048669230498e-04
1.499373139955252565e+00 3.899534165443616779e-04
1.499639336013377511e+00 3.895901519983097062e-04
1.502126112661303470e+00 3.850578583475538510e-04
1.503282088860101284e+00 3.832279894033661840e-04
1.505329457189323206e+00 3.798302239609026125e-04
1.507201228611466659e+00 3.766185539893554253e-04
1.508271857058128607e+00 3.749840836492669563e-04
1.511220008303781448e+00 3.701997737935523291e-04
1.511935579040467159e+00 3.692808532480427379e-04
1.514644395073274641e+00 3.651738561932244952e-04
1.515384005002823331e+00 3.640034553912464724e-04
1.516774551992987385e+00 3.620111300094797720e-04
1.519469559133599601e+00 3.578367304558824065e-04
1.521178873166497025e+00 3.556202811310720489e-04
1.522529689771897843e+00 3.537104664710238899e-04
1.523791534161653916e+00 3.519566652203785675e-04
1.527764143174015210e+00 3.467472644116404833e-04
1.527944962188347189e+00 3.463166439955267148e-04
1.528125802603571559e+00 3.461732227299182431e-04
1.528306664422221184e+00 3.460656957603717890e-04
1.535195298524543395e+00 3.372564059812986799e-04
1.537058728271062380e+00 3.350633232879679296e-04
1.538833357997309248e+00 3.328155651671687925e-04
1.539926456076363914e+00 3.317488743354565566e-04
1.541567559255212494e+00 3.296598741971885926e-04
1.542480038833584866e+00 3.284331993494712205e-04
1.545769439736963902e+00 3.250496659612473003e-04
1.546318354809772533e+00 3.245115447529711228e-04
1.548515965034581443e+00 3.221010024636892849e-04
1.550533184626759597e+00 3.198408229521101042e-04
1.550992009981072783e+00 3.193774642822614826e-04
1.551634593584927835e+00 3.188157168298078764e-04
1.555863913976662571e+00 3.144548360637384045e-04
1.558628375150195700e+00 3.114732378739579893e-04
1.560658767969044014e+00 3.095439651385886921e-04
1.563431748645842001e+00 3.069901775143329720e-04
1.565746329213185906e+00 3.048991715029761773e-04
1.567507701895116012e+00 3.033245631881499225e-04
1.570853380107063213e+00 3.003260180487295683e-04
1.575318598063988551e+00 2.964309291480454831e-04
1.575878006278903287e+00 2.957563673810313502e-04
1.576437613144142436e+00 2.953890718229651782e-04
1.581015180422789657e+00 2.916806945387626559e-04
1.581108738433547378e+00 2.913788015848005580e-04
1.585887545468193993e+00 2.876611865367112442e-04
1.586356832692849883e+00 2.870660292618938442e-04
1.587295823790030980e+00 2.865017704299716505e-04
1.598701762970802243e+00 2.801354759979144651e-04
1.599080215083459988e+00 2.799614738590327535e-04
1.599364112959537509e+00 2.797875797990875758e-04
1.600476531692540894e+00 2.794545847015550747e-04
1.606763175296847868e+00 2.772495078980315489e-04
1.609618074348923678e+00 2.764467779235886265e-04
1.611524157932401780e+00 2.758748227253156175e-04
1.615056364978414205e+00 2.749052133607071246e-04
1.623104196295907409e+00 2.728066509680584324e-04
1.623584496469638871e+00 2.726936726407771833e-04
1.623776656332565516e+00 2.726372010238822721e-04
1.624353272390965053e+00 2.724678563311121182e-04
1.629937795024596792e+00 2.710607349211487820e-04
1.632061081143950432e+00 2.704439058714873997e-04
1.635154435874744738e+00 2.697726022157170638e-04
1.636122311088038517e+00 2.695492048303237131e-04
1.637284517603808665e+00 2.692144555686558664e-04
1.640873187299475511e+00 2.683794000614861766e-04
1.642330293224268711e+00 2.679905944028480825e-04
1.646027421870650542e+00 2.671040095746130710e-04
1.648561830471227729e+00 2.664409963056666060e-04
1.649537641745250749e+00 2.662203578069930821e-04
1.652077455074401735e+00 2.656695605841874214e-04
1.653838077831760289e+00 2.651199029345651910e-04
1.654817012204695015e+00 2.650169688003345229e-04
1.656972707963643598e+00 2.644618146722916099e-04
1.658395042574816181e+00 2.641607370568637217e-04
1.661095928139570965e+00 2.635050296637694118e-04
1.666708142965339645e+00 2.621713431840424981e-04
1.667201346182023425e+00 2.620627692922077078e-04
1.667398668331163014e+00 2.620084992089800240e-04
1.667990774914395624e+00 2.618457563821204276e-04
1.673725323176478597e+00 2.604934912934063354e-04
1.681269412074051228e+00 2.587191887387640661e-04
1.684904637583814369e+00 2.578899805661323302e-04
1.686450740132587889e+00 2.575430395335593118e-04
1.690347212351507089e+00 2.566378603640551625e-04
1.693851710752048989e+00 2.558418152252732794e-04
1.696158621991590065e+00 2.553124907120602849e-04
1.699272909067331083e+00 2.545732757331119786e-04
1.702695154061059313e+00 2.537310789969089361e-04
1.705720505186874902e+00 2.531012604015723633e-04
1.710774707219357316e+00 2.519506505542364288e-04
1.711800005077663167e+00 2.517485287970393486e-04
1.712192565590818560e+00 2.516377566827709424e-04
1.713206040959421639e+00 2.514293766751368904e-04
1.718689183104643359e+00 2.501827153601324022e-04
1.720775338886839423e+00 2.496909546070425054e-04
1.725210450906040194e+00 2.486845772157653578e-04
1.725618850743362520e+00 2.486330775970309629e-04
1.729810527255140506e+00 2.476566086676464649e-04
1.731756462526247153e+00 2.472466120195964171e-04
1.736630883241901291e+00 2.461990910668632030e-04
1.738327311851390222e+00 2.458169615485646131e-04
1.738944605762384077e+00 2.456642758634312038e-04
1.740385810823683377e+00 2.453591889498369575e-04
1.744923093123829538e+00 2.443702707053219754e-04
1.748023474910699981e+00 2.436375059758616576e-04
1.751543900943511867e+00 2.428314877017178979e-04
1.755071416926561767e+00 2.421284093972888120e-04
1.757149743996161195e+00 2.416274572666669775e-04
1.760636456987178411e+00 2.409528155559251001e-04
1.764860976420469463e+00 2.400313648054000330e-04
1.766323660489460545e+00 2.396339917834303666e-04
1.769985676433754929e+00 2.389401712981987830e-04
1.771557435077806497e+00 2.385940147353050032e-04
1.775545473153313569e+00 2.376569727118627061e-04
1.778279302285249885e+00 2.371898326390183974e-04
1.778489771101449346e+00 2.357939144858226086e-04
1.779173966804776796e+00 2.330990800764823497e-04
1.779226608144567123e+00 2.326890861694401349e-04
1.779331895496773841e+00 2.322076635483640494e-04
1.780490467663506493e+00 2.275892447392660091e-04
1.780385111755795391e+00 2.266015401604312164e-04
1.781017340727415021e+00 2.253846046639194347e-04
1.781755224955037242e+00 2.221866374117345089e-04
1.782071554629611088e+00 2.206732548070114615e-04
1.782598895560183472e+00 2.188073430883581325e-04
1.783020880656886131e+00 2.169122794044595157e-04
1.783548502506857369e+00 2.149000635769887993e-04
1.783970712398930569e+00 2.125100292158026659e-04
1.784287435407230671e+00 2.117631262821992549e-04
1.784604214645974185e+00 2.092779089418066499e-04
1.785026674451132278e+00 2.089530853765047787e-04
1.785554889844704007e+00 2.067362058797702165e-04
1.785660551678733832e+00 2.062657544975719684e-04
1.786294654001200799e+00 2.038028395248218916e-04
1.786770378509640711e+00 2.018077173511852358e-04
1.787193351099177541e+00 2.002671642237924005e-04
1.787616423816752009e+00 1.984710073241891654e-04
1.788013145447153063e+00 1.970069217825899861e-04
1.788621622953938672e+00 1.944832992469053734e-04
1.788833315838812776e+00 1.932786650083982173e-04
1.789045033778665861e+00 1.922406858843347228e-04
1.790130481576693189e+00 1.888371418412291322e-04
1.790209930438144026e+00 1.882221632825646759e-04
1.790315867738433431e+00 1.876771972212471721e-04
1.791481591873020474e+00 1.834118719811233167e-04
1.791375585594027431e+00 1.832979483236239098e-04
1.791587604425031399e+00 1.832220385335869134e-04
1.791799648349591934e+00 1.824646675094429495e-04
1.792754156622518247e+00 1.788355958433996762e-04
1.792860244479705267e+00 1.781332460012273607e-04
1.793921468394376495e+00 1.738326258523671761e-04
1.794983320465203036e+00 1.703399556858142415e-04
1.795726990866792327e+00 1.679925846469768817e-04
1.796470969374679205e+00 1.648560831536297695e-04
1.797108910562804196e+00 1.631577284723520851e-04
1.797348196908361784e+00 1.622899128364475483e-04
1.797853461606805814e+00 1.605431649691819215e-04
1.798385472633531101e+00 1.584948427071946524e-04
1.798385472633531101e+00 1.583635938955351417e-04
1.799024093677052294e+00 1.563430801294911267e-04
1.799556451110858379e+00 1.545722768989858740e-04
1.799662941500006497e+00 1.539652175841317496e-04
1.799875941183672223e+00 1.522528767205294726e-04
1.800515091504478971e+00 1.508092452365894845e-04
1.800941317806366460e+00 1.495650446464209414e-04
1.801367645006524798e+00 1.482696800554083618e-04
1.801794073128839990e+00 1.472292731939381979e-04
1.802220602197202703e+00 1.452906242792291274e-04
1.802433904593619074e+00 1.443906906539841630e-04
1.802887256012585482e+00 1.436821981421638474e-04
1.803500795317566796e+00 1.411383625990400299e-04
1.803820985662281773e+00 1.406131822753204242e-04
1.803927728409138842e+00 1.402060601236166759e-04
1.804781897812966829e+00 1.371047684319561487e-04
1.804995503352345931e+00 1.369345000016239670e-04
1.805022205822301995e+00 1.368281896282774886e-04
1.805422790278152334e+00 1.356080256915263599e-04
1.805529627813254212e+00 1.351314080345482923e-04
1.805529627813254212e+00 1.351034239268455290e-04
1.806063910329370747e+00 1.335178722881623717e-04
1.805850178353306079e+00 1.333520583723095832e-04
1.806063910329370747e+00 1.331864503783623528e-04
1.807146316710181777e+00 1.302977615763648272e-04
1.807239888449665877e+00 1.298633395668802835e-04
1.807346833513204132e+00 1.293801139614736515e-04
1.808202621881540351e+00 1.271487281265901051e-04
1.808416632281812042e+00 1.264658916353462884e-04
1.808630668011353082e+00 1.256825588573792177e-04
1.808951769104602647e+00 1.248006455993653336e-04
1.809058815470235171e+00 1.240276273954425343e-04
1.809272927205572978e+00 1.231573267749389901e-04
1.809915414471161554e+00 1.220906762042446895e-04
1.810236743656027825e+00 1.210583335052304498e-04
1.810665271312602131e+00 1.199353196519102296e-04
1.811093900412235058e+00 1.186260120248802495e-04
1.811201073540435358e+00 1.181111921994525420e-04
1.811629829477662490e+00 1.167976057672351879e-04
1.812326774360612403e+00 1.152716036824927493e-04
1.812326774360612403e+00 1.152477323041103800e-04
1.812702163423095980e+00 1.137419798650716443e-04
1.813345868437852282e+00 1.124769861016357568e-04
1.813573902107767699e+00 1.119627619972359223e-04
1.814016637565854184e+00 1.107662943828562567e-04
1.814204497381231906e+00 1.097160304182287044e-04
1.814633964302911462e+00 1.088108554763134964e-04
1.815063532889996667e+00 1.078684579419496108e-04
1.815385776062711010e+00 1.070893645243429251e-04
1.815922975156658570e+00 1.057011493419754281e-04
1.816137899301814018e+00 1.050464338777685487e-04
1.816352848884385418e+00 1.044822950194124845e-04
1.817212901649049472e+00 1.026803155191326574e-04
1.816997850286703908e+00 1.022982388083721272e-04
1.817481751644874022e+00 1.019703677444619449e-04
1.818315439430602698e+00 9.978197272216044096e-05
1.818315439430602698e+00 9.962194124049628379e-05
1.818301989819621545e+00 9.945959150688376800e-05
1.818073361653285813e+00 9.721679712851784164e-05
1.817858208462972858e+00 9.701566021205689123e-05
1.818073361653285813e+00 9.467343879955264876e-05
1.817858208462972858e+00 9.447756397016773648e-05
1.818073361653285813e+00 9.428209439646250561e-05
1.817858208462972858e+00 9.200586868374300491e-05
1.817965781875252151e+00 8.980319441283009382e-05
1.817858208462972858e+00 8.959883718978081636e-05
1.817965781875252151e+00 8.939494500447199175e-05
1.817858208462972858e+00 8.725477777244626228e-05
1.817965781875252151e+00 8.705621975677714866e-05
1.817911994373416773e+00 8.517466718182341409e-05
1.817858208462972858e+00 8.497204297409480841e-05
1.817911994373416773e+00 8.476990079430850355e-05
1.817885101219273825e+00 8.295064650462953190e-05
1.817858208462972858e+00 8.274902843740260976e-05
1.817871654791393565e+00 8.254576338904219589e-05
1.817643080734171024e+00 8.081816737953690473e-05
1.817643080734171024e+00 8.058417177778829591e-05
1.817643080734171024e+00 8.035085367150161318e-05
1.817643080734171024e+00 7.870382536038238359e-05
1.817643080734171024e+00 7.847595148533353926e-05
1.817643080734171024e+00 7.824873738130212319e-05
1.817643080734171024e+00 7.664479815866198631e-05
1.817643080734171024e+00 7.642288585543180956e-05
1.817643080734171024e+00 7.620161606247639408e-05
1.817643080734171024e+00 7.463963864377909743e-05
1.817643080734171024e+00 7.442353194741305460e-05
1.817643080734171024e+00 7.420805095214985300e-05
1.817535526416895530e+00 7.270199326283442894e-05
1.817535526416895530e+00 7.247648457041266034e-05
1.817535526416895530e+00 7.225167536597018993e-05
1.817535526416895530e+00 7.079998429361349099e-05
1.817535526416895530e+00 7.058037529577182749e-05
1.817535526416895530e+00 7.036144748610288649e-05
1.817481751644874022e+00 6.895487538172019972e-05
1.817481751644874022e+00 6.873387149527459433e-05
1.817481751644874022e+00 6.851357593753747480e-05
1.817454864855497121e+00 6.715437443799608598e-05
1.817454864855497121e+00 6.693567540454728102e-05
1.817441421609964136e+00 6.671596138822949733e-05
1.817212901649049472e+00 6.542798281017811186e-05
1.816997850286703908e+00 6.518452321096071327e-05
1.817212901649049472e+00 6.494196953263383742e-05
1.817212901649049472e+00 6.371627444348842702e-05
1.816997850286703908e+00 6.347918416539377075e-05
1.817212901649049472e+00 6.324297610774372096e-05
1.817212901649049472e+00 6.204934730658380319e-05
1.816997850286703908e+00 6.181845971723553504e-05
1.817212901649049472e+00 6.158843126793032399e-05
1.817212901649049472e+00 6.042602984560606247e-05
1.816997850286703908e+00 6.020118267201690545e-05
1.817212901649049472e+00 5.997717216189214247e-05
1.817212901649049472e+00 5.884518115655745709e-05
1.816997850286703908e+00 5.862621637108006043e-05
1.817212901649049472e+00 5.840806636051431992e-05
1.817105372786505857e+00 5.731755996853151185e-05
1.816997850286703908e+00 5.709245389270943685e-05
1.817105372786505857e+00 5.686823188706410066e-05
1.817105372786505857e+00 5.581803418854506128e-05
1.816997850286703908e+00 5.559881727416179020e-05
1.817105372786505857e+00 5.538046130116153719e-05
1.817105372786505857e+00 5.435773857756926304e-05
1.816997850286703908e+00 5.414425675405006364e-05
1.817105372786505857e+00 5.393161334820911821e-05
1.817051610741285961e+00 5.294112882997519816e-05
1.816997850286703908e+00 5.272775003454771271e-05
1.817051610741285961e+00 5.251523126064496671e-05
1.817051610741285961e+00 5.155609800267346005e-05
1.816997850286703908e+00 5.134830156289442411e-05
1.817051610741285961e+00 5.114134264500043691e-05
1.817024730315168091e+00 5.020990163012289807e-05
1.816997850286703908e+00 5.000494183169944701e-05
1.817024730315168091e+00 4.980081869133755985e-05
1.817011290251229871e+00 4.889759027412148837e-05
1.816997850286703908e+00 4.869672669754990284e-05
1.817004570256540275e+00 4.849606048291579271e-05
1.816782824373819105e+00 4.763930717572665012e-05
1.816782824373819105e+00 4.742273671744569612e-05
1.816782824373819105e+00 4.720715079832328169e-05
1.816782824373819105e+00 4.639298110584676432e-05
1.816782824373819105e+00 4.618207650259433173e-05
1.816782824373819105e+00 4.597213068126564019e-05
1.816782824373819105e+00 4.517926106583047526e-05
1.816782824373819105e+00 4.497387408911123592e-05
1.816782824373819105e+00 4.476942081093443596e-05
1.816782824373819105e+00 4.399729402595393312e-05
1.816782824373819105e+00 4.379728032518420894e-05
1.816782824373819105e+00 4.359817589579994461e-05
1.816782824373819105e+00 4.284624927321526512e-05
1.816782824373819105e+00 4.265146827427058524e-05
1.816782824373819105e+00 4.245757275861076617e-05
1.816782824373819105e+00 4.172531782749102128e-05
1.816782824373819105e+00 4.153563263390737913e-05
1.816782824373819105e+00 4.134680975784552775e-05
1.816782824373819105e+00 4.063371187296674510e-05
1.816782824373819105e+00 4.044898916972666802e-05
1.816782824373819105e+00 4.026510622430145122e-05
1.816782824373819105e+00 3.957066420444233732e-05
1.816782824373819105e+00 3.939077416427809420e-05
1.816782824373819105e+00 3.921170191242247325e-05
1.816621571638552535e+00 3.854740113076766944e-05
1.816621571638552535e+00 3.836024388027109276e-05
1.816581260691091382e+00 3.817103061536945618e-05
1.816352848884385418e+00 3.755837664632345947e-05
1.816137899301814018e+00 3.735667403785961126e-05
1.816245370913234458e+00 3.658336100655262596e-05
1.816164766608465042e+00 3.617087625302450014e-05
1.815922975156658570e+00 3.542761280473729783e-05
1.815815522622171274e+00 3.472298682108720437e-05
1.815761798739285560e+00 3.427641693902529907e-05
1.815278355315587566e+00 3.359816636166191971e-05
1.815493203166555158e+00 3.336240836446097011e-05
1.815385776062711010e+00 3.295721827093582714e-05
1.815278355315587566e+00 3.271918064337163597e-05
1.815332064894582764e+00 3.247949869091619040e-05
1.815281712117719159e+00 3.210144095812020028e-05
1.815063532889996667e+00 3.186319070064368137e-05
1.815063532889996667e+00 3.161340640496180458e-05
1.815063532889996667e+00 3.127476640062762522e-05
1.814956131210777590e+00 3.102959492450680436e-05
1.814956131210777590e+00 3.077996992882354836e-05
1.814875584121994345e+00 3.046760554490010305e-05
1.814419218135399969e+00 3.021780744511345199e-05
1.814633964302911462e+00 2.995609470417874307e-05
1.814633964302911462e+00 2.968435025330422690e-05
1.814419218135399969e+00 2.942725771997706767e-05
1.814526588042299826e+00 2.916635057824391674e-05
1.814472902294659518e+00 2.891673868824938534e-05
1.814204497381231906e+00 2.865739013298213009e-05
1.814204497381231906e+00 2.838566646158343393e-05
1.814204497381231906e+00 2.817481156128327907e-05
1.814204497381231906e+00 2.790766360388477658e-05
1.814097146533211857e+00 2.763732414359573996e-05
1.814043473491303571e+00 2.744623535822913983e-05
1.814003219752003071e+00 2.717755120802929769e-05
1.813775132100897247e+00 2.689756686995183440e-05
1.813775132100897247e+00 2.674203746216280956e-05
1.813560487568716795e+00 2.646653980601363339e-05
1.813667806659454484e+00 2.618845589780219660e-05
1.813667806659454484e+00 2.604781404003579136e-05
1.813560487568716795e+00 2.577412968304356423e-05
1.813345868437852282e+00 2.548747990478475683e-05
1.813345868437852282e+00 2.538212424499164339e-05
1.813345868437852282e+00 2.509983419772183986e-05
1.813238568396974060e+00 2.481554360138935470e-05
1.813238568396974060e+00 2.472320417657351309e-05
1.813184920757509255e+00 2.444317944002575825e-05
1.812916706368047359e+00 2.415131580628249508e-05
1.812916706368047359e+00 2.409136671428807635e-05
1.812702163423095980e+00 2.380370389823239111e-05
1.812809431721722042e+00 2.351460531447900024e-05
1.812809431721722042e+00 2.346595471762280918e-05
1.812702163423095980e+00 2.318095813455786058e-05
1.812487645867438601e+00 2.288519921756924499e-05
1.812487645867438601e+00 2.286624809492959060e-05
1.812487645867438601e+00 2.257450446928250035e-05
1.812380396609656330e+00 2.228186784772929368e-05
1.812380396609656330e+00 2.227264018356058141e-05
1.812326774360612403e+00 2.198391667313951092e-05
1.812273153698070738e+00 2.172141785133628960e-05
1.812058686911988126e+00 2.170343045040988659e-05
1.812058686911988126e+00 2.168545794476303953e-05
1.811844245506186502e+00 2.140877966775154263e-05
1.812058686911988126e+00 2.113563144618848226e-05
1.811951463036739929e+00 2.111375581872800428e-05
1.811844245506186502e+00 2.084868923390423412e-05
1.811850946415973551e+00 2.059094800897870607e-05
1.811629829477662490e+00 2.054861230629199389e-05
1.811629829477662490e+00 2.030325172745195135e-05
1.811629829477662490e+00 2.006082087509426532e-05
1.811629829477662490e+00 2.001102532748224338e-05
1.811522630978941173e+00 1.977208380265575287e-05
1.811442236267641448e+00 1.954307730071492075e-05
1.811418788482262121e+00 1.947955819736345813e-05
1.810986733625727041e+00 1.925481214275937019e-05
1.811201073540435358e+00 1.904066766149030415e-05
1.811201073540435358e+00 1.896196069980276419e-05
1.810986733625727041e+00 1.875107319761383037e-05
1.811013524727840940e+00 1.854925290857420815e-05
1.810990082491816811e+00 1.845835537875461729e-05
1.810772419076285500e+00 1.826051292816634902e-05
1.810772419076285500e+00 1.807239231398691232e-05
1.810772419076285500e+00 1.796789258404794603e-05
1.810665271312602131e+00 1.778278655763357351e-05
1.810611699808355457e+00 1.760505591517588266e-05
1.810564826042337261e+00 1.749080163849015394e-05
1.810129627589548429e+00 1.731755832918476916e-05
1.810343866061197682e+00 1.715335668671030548e-05
1.810343866061197682e+00 1.702593782483914612e-05
1.810129627589548429e+00 1.686450126996436597e-05
1.810183184830475245e+00 1.670978575253552522e-05
1.810129627589548429e+00 1.664243709498837838e-05
1.810132974870682920e+00 1.657375078468178848e-05
1.809915414471161554e+00 1.642329696128810496e-05
1.809915414471161554e+00 1.628105679145681029e-05
1.809915414471161554e+00 1.613336441429143297e-05
1.809808317418504009e+00 1.599363531485124826e-05
1.809754771268644813e+00 1.586004277640200262e-05
1.809326459098862694e+00 1.528283499892182313e-05
1.809058815470235171e+00 1.516774000545332337e-05
1.809058815470235171e+00 1.506130812559243924e-05
1.808630668011353082e+00 1.447414631345484718e-05
1.808416632281812042e+00 1.438449310266572454e-05
1.808470138839461283e+00 1.429983696532998034e-05
1.808202621881540351e+00 1.408380539765590985e-05
1.808202621881540351e+00 1.400817006568845242e-05
1.808095626178944038e+00 1.393582686792835975e-05
1.808002010132742088e+00 1.371002381420524054e-05
1.807560742626369343e+00 1.364169228548519746e-05
1.807774677056815937e+00 1.357967653158060072e-05
1.807667706676745256e+00 1.334270762470680482e-05
1.807560742626369343e+00 1.328480219323496362e-05
1.807567427694084516e+00 1.322971656429738490e-05
1.807346833513204132e+00 1.298556867144942487e-05
1.807239888449665877e+00 1.293724895855937836e-05
1.807239888449665877e+00 1.289177877893740105e-05
1.806919091226734775e+00 1.263537193738213841e-05
1.806705258047439422e+00 1.259878831323337265e-05
1.806919091226734775e+00 1.256231061090174803e-05
1.806491450173443258e+00 1.229461936056776949e-05
1.806491450173443258e+00 1.226918237950804011e-05
1.806491450173443258e+00 1.224379802634889861e-05
1.806491450173443258e+00 1.210762729886134658e-05
1.806331110872747336e+00 1.196925201156189074e-05
1.806331110872747336e+00 1.194819950292486459e-05
1.806304389039595781e+00 1.192780159760799785e-05
1.805957041179486078e+00 1.164766956467735913e-05
1.805850178353306079e+00 1.163561408950367523e-05
1.805957041179486078e+00 1.162357109188877413e-05
1.805850178353306079e+00 1.148240155141774879e-05
1.805636471670564402e+00 1.133590102164831771e-05
1.805636471670564402e+00 1.133120644719015743e-05
1.805636471670564402e+00 1.132651381691175900e-05
1.805529627813254212e+00 1.118200221215835432e-05
1.805422790278152334e+00 1.105248874069729179e-05
1.805209134173077157e+00 1.103933438778133181e-05
1.804995503352345931e+00 1.103476263145133163e-05
1.805209134173077157e+00 1.103019276843801164e-05
1.805048908687285181e+00 1.075386677018962613e-05
1.804995503352345931e+00 1.074607429491053886e-05
1.805048908687285181e+00 1.073828746622093522e-05
1.804781897812966829e+00 1.047795095677099211e-05
1.804675104522849294e+00 1.046493854091623385e-05
1.804675104522849294e+00 1.044977781203364062e-05
1.804141232853024857e+00 1.019115778094159623e-05
1.804167922685202985e+00 9.948720743568733178e-06
1.804141232853024857e+00 9.924539595714908694e-06
1.803927728409138842e+00 9.895804737080080092e-06
1.803820985662281773e+00 9.664896599983035567e-06
1.803500795317566796e+00 9.447199640311385738e-06
1.803287366663900437e+00 9.412046310812756394e-06
1.803394077833368359e+00 9.375081917847582436e-06
1.802913927293870566e+00 8.969567152392524299e-06
1.802887256012585482e+00 8.926017665860570848e-06
1.802647232235508934e+00 8.878081593879832818e-06
1.802220602197202703e+00 8.517846801547138225e-06
1.802220602197202703e+00 8.465087053356744023e-06
1.802113960465113296e+00 8.410911939691085307e-06
1.801580846450919760e+00 8.243625841935564171e-06
1.801687456635502560e+00 8.086363204826950773e-06
1.801580846450919760e+00 8.027958436042297060e-06
1.801367645006524798e+00 7.965025066859350556e-06
1.801261053745966123e+00 7.817933259776692562e-06
1.800941317806366460e+00 7.679917530803366497e-06
1.800728192044631415e+00 7.613402702724282291e-06
1.800834751772614428e+00 7.545900961415824174e-06
1.800515091504478971e+00 7.289370573724959318e-06
1.800408550691563692e+00 7.220254212280777509e-06
1.800308674405026066e+00 7.148923940033224324e-06
1.799902567916622509e+00 6.921192180949651749e-06
1.799662941500006497e+00 6.847407516129962407e-06
1.799662941500006497e+00 6.771253330895234816e-06
1.799237017749679257e+00 6.572290645976940274e-06
1.799024093677052294e+00 6.493814249947601064e-06
1.799037400693346278e+00 6.413783749877790120e-06
1.798651537180161686e+00 6.240008101722339563e-06
1.798172649333871886e+00 6.158480185893183540e-06
1.798279057835291628e+00 6.073613203432048955e-06
1.797959851220001459e+00 5.997363770446456701e-06
1.797959851220001459e+00 5.925752285237769458e-06
1.797773673528239469e+00 5.840462437056152601e-06
1.797534330537705838e+00 5.751633325686769858e-06
1.797321607963320522e+00 5.687665911938605989e-06
1.797108910562804196e+00 5.629071325422312928e-06
1.797002571301815843e+00 5.538866806261672724e-06
1.796909529610157374e+00 5.483934319782432923e-06
1.796683591271462044e+00 5.445594585037337374e-06
1.796470969374679205e+00 5.393960540669417709e-06
1.796524122489825626e+00 5.344476160272903167e-06
1.796258372639851109e+00 5.298736985883648058e-06
1.796258372639851109e+00 5.252845271781416191e-06
1.796152083707239777e+00 5.208429624051664635e-06
1.796072371135201795e+00 5.158243027362782862e-06
1.795620733377319533e+00 5.115421820614954529e-06
1.795833254644148669e+00 5.075320625207924663e-06
1.795673861336093857e+00 5.019394651881153062e-06
1.795408237260536222e+00 4.981593602879782799e-06
1.795408237260536222e+00 4.946637810410580520e-06
1.795301998632481855e+00 4.884536666397036753e-06
1.795222323786908492e+00 4.851266561096513232e-06
1.794983320465203036e+00 4.821217699203229078e-06
1.794877106980498294e+00 4.752809760068702296e-06
1.794770899780701257e+00 4.724349098490911324e-06
1.794797450991460819e+00 4.696788370015345301e-06
1.794558504234342600e+00 4.625593189752830162e-06
1.794452315887037130e+00 4.600752014617623239e-06
1.794399224069690213e+00 4.577466080507363836e-06
1.794133788544154395e+00 4.500849509351941433e-06
1.793921468394376495e+00 4.480388442668102868e-06
1.793709173370844123e+00 4.379469934950341055e-06
1.793709173370844123e+00 4.363173788418649630e-06
1.793709173370844123e+00 4.346938280365070135e-06
1.793072439027987075e+00 4.249025670775697150e-06
1.793098965112314369e+00 4.148375333994414296e-06
1.792860244479705267e+00 4.137863863876545805e-06
1.792860244479705267e+00 4.129302820899426239e-06
1.792701115048000782e+00 4.029610240704802788e-06
1.792329867964794987e+00 3.928254507859523697e-06
1.792276838943553940e+00 3.920533105554288311e-06
1.791905679722884059e+00 3.821525203689500712e-06
1.791799648349591934e+00 3.773548962832276262e-06
1.791587604425031399e+00 3.723089398421812516e-06
1.791375585594027431e+00 3.721547543004946729e-06
1.791587604425031399e+00 3.720006326121801468e-06
1.791163591853610404e+00 3.628691889592229972e-06
1.791163591853610404e+00 3.624185469580247299e-06
1.791163591853610404e+00 3.619684646026146891e-06
1.790739679632661341e+00 3.536687793522769288e-06
1.790527761146191388e+00 3.529370555161853656e-06
1.790739679632661341e+00 3.522068455818107771e-06
1.790541005316837131e+00 3.445499701107446933e-06
1.790315867738433431e+00 3.437036161696815117e-06
1.790156964138734708e+00 3.357879569485189334e-06
1.790130481576693189e+00 3.347117394498077284e-06
1.790110619912260281e+00 3.336087414819077048e-06
1.789680337957755718e+00 3.259551056635011290e-06
1.789468544835171482e+00 3.188771906712417618e-06
1.789362657673018386e+00 3.174275604517200284e-06
1.789309716441564335e+00 3.158863704440086126e-06
1.788833315838812776e+00 3.091231104640217897e-06
1.788939171676681594e+00 3.073993311664722770e-06
1.788621622953938672e+00 3.029121643863456691e-06
1.788621622953938672e+00 3.010359191463018168e-06
1.788515785906192646e+00 2.991093405967374884e-06
1.788198312337269114e+00 2.952319422234386328e-06
1.787986694599543736e+00 2.931603026387323799e-06
1.788198312337269114e+00 2.911031997282647780e-06
1.788039596686066712e+00 2.875975001254820889e-06
1.787775101904939712e+00 2.854907257810167468e-06
1.787775101904939712e+00 2.832526856383050318e-06
1.787669314947881727e+00 2.802765499435355004e-06
1.787570145360698026e+00 2.780217982221549390e-06
1.787246229712636136e+00 2.731702451340842809e-06
1.787140474050219252e+00 2.707482706319854111e-06
1.786928981498466795e+00 2.681810893995151389e-06
1.786823244608390482e+00 2.636650310118356392e-06
1.786506071476919200e+00 2.594398620688720969e-06
1.786294654001200799e+00 2.567671011016955883e-06
1.786307866860411764e+00 2.540232109419127311e-06
1.786083261544904044e+00 2.500496328813846036e-06
1.785898313667061643e+00 2.471790745273960931e-06
1.785660551678733832e+00 2.464506476049579868e-06
1.785449234262939111e+00 2.435079051632534257e-06
1.785475647572250857e+00 2.405131127340112954e-06
1.785455837553634684e+00 2.400994020232111888e-06
1.785237941854725063e+00 2.371373202740285891e-06
1.785053081509242467e+00 2.340269195829179633e-06
1.785053081509242467e+00 2.340026862321743211e-06
1.785026674451132278e+00 2.334097523614909746e-06
1.784604214645974185e+00 2.309334008234620689e-06
1.784657016653314443e+00 2.280578290079291649e-06
1.784630615454362301e+00 2.277156470468183747e-06
1.784393022238491833e+00 2.248917865575225244e-06
1.784234644334558473e+00 2.222755099111707965e-06
1.783759594960936390e+00 2.190082312939110302e-06
1.783785983274317255e+00 2.155991218961017214e-06
1.783548502506857369e+00 2.132785999377480094e-06
1.783442965647862088e+00 2.111251158415695899e-06
1.782915375018546023e+00 2.076988655753351749e-06
1.782941750842833128e+00 2.041273051070276646e-06
1.782704382470563953e+00 2.022651066439510440e-06
1.782598895560183472e+00 2.005548457739079468e-06
1.782519784473674651e+00 1.986223697906717454e-06
1.782071554629611088e+00 1.969735041756876367e-06
1.782177010334112577e+00 1.954698543061272678e-06
1.782097917970715706e+00 1.932658923830770663e-06
1.781860661940442681e+00 1.918203391133951302e-06
1.781860661940442681e+00 1.904743377130509635e-06
1.781676151310321199e+00 1.880538692494302590e-06
1.781228133605031294e+00 1.868019896968432582e-06
1.781438951431106199e+00 1.856449336746479499e-06
1.781241308988218641e+00 1.829776676113176654e-06
1.781017340727415021e+00 1.819149289172676609e-06
1.781017340727415021e+00 1.809379773299655683e-06
1.780385111755795391e+00 1.771557220385099020e-06
1.780391696317382033e+00 1.732393637691861833e-06
1.780174418642492373e+00 1.725210241830061162e-06
1.780174418642492373e+00 1.718790679801681879e-06
1.779542488892980057e+00 1.680075779809327416e-06
1.779331895496773841e+00 1.639514189469192352e-06
1.779331895496773841e+00 1.636122112808531753e-06
1.779331895496773841e+00 1.632737054192695974e-06
1.778910783467109402e+00 1.595299528630237597e-06
1.778700264827753230e+00 1.593318349202591880e-06
1.778910783467109402e+00 1.591339630173043632e-06
1.778489771101449346e+00 1.552277255295869372e-06
1.778489771101449346e+00 1.551634405544378198e-06
1.778489771101449346e+00 1.550991822018396324e-06
1.778384533579770999e+00 1.531203180889947601e-06
1.778279302285249885e+00 1.517941617087661545e-06
1.777043300901160583e+00 1.514722637867752575e-06
1.775335352769201291e+00 1.511040985421382728e-06
1.771557435077806497e+00 1.502225931866607596e-06
1.769252666368474891e+00 1.497954043932410842e-06
1.764860976420469463e+00 1.487134883653567797e-06
1.761730730799522027e+00 1.480680932213057308e-06
1.757773721903128417e+00 1.471509558865550527e-06
1.754240774560474447e+00 1.463606999093132259e-06
1.751543900943511867e+00 1.457556998008550903e-06
1.746679300356296372e+00 1.447029610442234124e-06
1.740385810823683377e+00 1.433012342301781075e-06
1.739253334915265459e+00 1.430343715288366820e-06
1.738327311851390222e+00 1.428863292697929977e-06
1.731769271977518621e+00 1.414106469831556812e-06
1.731653990326952997e+00 1.413850227459870387e-06
1.725210450906040194e+00 1.400009380366749042e-06
1.724189874130189759e+00 1.398415534062930151e-06
1.722965978903310047e+00 1.395522279020998635e-06
1.718689183104643359e+00 1.386016940778446555e-06
1.716859521949080092e+00 1.382290214432610597e-06
1.714220116221017776e+00 1.377146668702576352e-06
1.712192565590818560e+00 1.372306450616621640e-06
1.709459175784701301e+00 1.366633851674588099e-06
1.705821442748607364e+00 1.359013020164090863e-06
1.702115908183192472e+00 1.351084861583374146e-06
1.699272909067331083e+00 1.345291001516758207e-06
1.694653758574231839e+00 1.336127804198938885e-06
1.688447807711126236e+00 1.323458906203340551e-06
1.686450740132587889e+00 1.318807382963732562e-06
1.680125692692053585e+00 1.305896955127489185e-06
1.679628666104373336e+00 1.304815548183375067e-06
1.673725323176478597e+00 1.292979012475523705e-06
1.671547832525319466e+00 1.288834948908331011e-06
1.665623609405864958e+00 1.276614472356934989e-06
1.661095928139570965e+00 1.267590847134265825e-06
1.654425368941009333e+00 1.255116813783659171e-06
1.651100141331797388e+00 1.248376364438605100e-06
1.648561830471227729e+00 1.243216045880754902e-06
1.637865930411621429e+00 1.222280802966097994e-06
1.636921239411526896e+00 1.220194131406636350e-06
1.636122311088038517e+00 1.218741891589245984e-06
1.630661332046983603e+00 1.208061409856931383e-06
1.629744906044422459e+00 1.206686087491317710e-06
1.623776656332565516e+00 1.194749539499584476e-06
1.622816084395529712e+00 1.192771626173995842e-06
1.621568190349236716e+00 1.190303838569210386e-06
1.611524157932401780e+00 1.170259615294206708e-06
1.609249031456232215e+00 1.164909403455796024e-06
1.606573028831620453e+00 1.159163446463696558e-06
1.602964518372756109e+00 1.150076446113500626e-06
1.599364112959537509e+00 1.140588129991042485e-06
1.597188849985622161e+00 1.134227809009030065e-06
1.595630157993959131e+00 1.128837740482064446e-06
1.589739802629036136e+00 1.105240966713851600e-06
1.588423346797547930e+00 1.099305407036539549e-06
1.588141390980974510e+00 1.097258225711849916e-06
1.580126655384936241e+00 1.082025395789833533e-06
1.575318598063988551e+00 1.086404138964429453e-06
1.564727491903952439e+00 1.096122550525862230e-06
1.562876758627473661e+00 1.097940195539868429e-06
1.561028214367087719e+00 1.099305407036539549e-06
1.551634593584927835e+00 1.107991254531696193e-06
1.546181107770136842e+00 1.112935980296226732e-06
1.545586511350539816e+00 1.113512378692493076e-06
1.545014999659301447e+00 1.113973712337433555e-06
1.539926456076363914e+00 1.119061014633616897e-06
1.537195165561067389e+00 1.121845692336186259e-06
1.534105558800175739e+00 1.124113344494278115e-06
1.529392284947929337e+00 1.128837740482064446e-06
1.528577997287159151e+00 1.129539337664658090e-06
1.528306664422221184e+00 1.129539337664658090e-06
1.527764143174015210e+00 1.130241370905144842e-06
1.520189036076616373e+00 1.137756929269678637e-06
1.516774551992987385e+00 1.140588129991042485e-06
1.511577751328828434e+00 1.145322462461702862e-06
1.509789882668729932e+00 1.147221693220459620e-06
1.505329457189323206e+00 1.151387247551340424e-06
1.497156676235563033e+00 1.159163446463696558e-06
1.494855029620598907e+00 1.161566672507680462e-06
1.493970723404106415e+00 1.162529357438474193e-06
1.492247830641146189e+00 1.163854352101580631e-06
1.482697698984761114e+00 1.173171695881695200e-06
1.478136900156362454e+00 1.177538166905348743e-06
1.471509737195873191e+00 1.184156684045499459e-06
1.465166946012153693e+00 1.190303838569210386e-06
1.461703046260162342e+00 1.194007437934043668e-06
1.460406196182086891e+00 1.194997009169998715e-06
1.457815946773504567e+00 1.197722560951757854e-06
1.453423062094153062e+00 1.201947009797613487e-06
1.449386438931281162e+00 1.206061458669098360e-06
1.449214916635806372e+00 1.206186358561562992e-06
1.445254120694795086e+00 1.210127333074516676e-06
1.441005672909052127e+00 1.214709966241174776e-06
1.438449833238024445e+00 1.216976280131134558e-06
1.433351745350602169e+00 1.222280802966097994e-06
1.429117143755171737e+00 1.226845935604380165e-06
1.427595751667304569e+00 1.228117051215885469e-06
1.424726428639891962e+00 1.230918143261692947e-06
1.421021746162657307e+00 1.235003867591901098e-06
1.416823571518533331e+00 1.239103153460212297e-06
1.412972205876149800e+00 1.243216045880754902e-06
1.407131509990345641e+00 1.255116813783659171e-06
1.406132674789821291e+00 1.257133018254989234e-06
1.403970963485658974e+00 1.261893657327344257e-06
1.400320250954175227e+00 1.270284639710057353e-06
1.395522448142523464e+00 1.280255140762731096e-06
1.391893704085914063e+00 1.288834948908331011e-06
1.387781583443433497e+00 1.297942599140227938e-06
1.384992282866051694e+00 1.303735036747111163e-06
1.381554415114119694e+00 1.311996590200236485e-06
1.379757034276701821e+00 1.315670038140899173e-06
1.376413607316689491e+00 1.323458906203340551e-06
1.375355188952265273e+00 1.326202756452616657e-06
1.374541574842953029e+00 1.327714298129607048e-06
1.370647991066327842e+00 1.336664066151859811e-06
1.369183779577491711e+00 1.340562745634947318e-06
1.369021748570099950e+00 1.341118147361546308e-06
1.364169724514251003e+00 1.351994591117667173e-06
1.363040062172019562e+00 1.355078223326344689e-06
1.361266768220236623e+00 1.359013020164090863e-06
1.356923912478144256e+00 1.369750873140634346e-06
1.353876136845049372e+00 1.376861478003686840e-06
1.350835206795722554e+00 1.384582396921664951e-06
1.346187035527375730e+00 1.395522279020998635e-06
1.344773821979670769e+00 1.399574514940647235e-06
1.343660221290394530e+00 1.401895359117780222e-06
1.338739635437474762e+00 1.414728966095745240e-06
1.338106035090713686e+00 1.415901467243593964e-06
1.333521391761395503e+00 1.427680057925193632e-06
1.331471309063940289e+00 1.433012342301781075e-06
1.326752369552571365e+00 1.445531917753806827e-06
1.323459066591600619e+00 1.453939008029796087e-06
1.316580427151132326e+00 1.471509558865550527e-06
1.314872439358336864e+00 1.477005543338529311e-06
1.313472668503627316e+00 1.479914472736682333e-06
1.306805414630751061e+00 1.497954043932410842e-06
1.302925398300634585e+00 1.508461343949629069e-06
1.293725366210494387e+00 1.534377735241339905e-06
1.287539239550098635e+00 1.551634405544378198e-06
1.279639909871961745e+00 1.574619426213864685e-06
1.274274953192035653e+00 1.590351192352553356e-06
1.258984979371231994e+00 1.636122112808531753e-06
1.257049484868848710e+00 1.644956145987832031e-06
1.255116965889628844e+00 1.652126135724987431e-06
1.248450389543050765e+00 1.680075779809327416e-06
1.246973743486842645e+00 1.686350744415318791e-06
1.245646255397144131e+00 1.691948163141689091e-06
1.237985633846539368e+00 1.725210241830061162e-06
1.237088563736432612e+00 1.729324175615585251e-06
1.236247007851675406e+00 1.733088943030506944e-06
1.227790215979350563e+00 1.771557220385099020e-06
1.227354372639781088e+00 1.773760027326775373e-06
1.218823174776340279e+00 1.813084115986324264e-06
1.217660748724684883e+00 1.818772564987113413e-06
1.217624722232651946e+00 1.818960917326997779e-06
1.217588696806521931e+00 1.819149289172676609e-06
1.208043684886044522e+00 1.865700030056991646e-06
1.199353923259528720e+00 1.909483151228660850e-06
1.198644425609858954e+00 1.914234719807251702e-06
1.197616399470570192e+00 1.918203391133951302e-06
1.181322330332633008e+00 2.005133132502252410e-06
1.179785448327751451e+00 2.013456002649319927e-06
1.178250565782489101e+00 2.022651066439510440e-06
1.170606054024515119e+00 2.065834445507256792e-06
1.163561831981888561e+00 2.105574420214840345e-06
1.161291906858145762e+00 2.118258927593799625e-06
1.158889249291185752e+00 2.132785999377480094e-06
1.152188220922831574e+00 2.172913656693652612e-06
1.146068352457054296e+00 2.209216063538178362e-06
1.142952983426494429e+00 2.227594073831715265e-06
1.139441458173079402e+00 2.248917865575225244e-06
1.133791769956843831e+00 2.283650499634076954e-06
1.128837877284437630e+00 2.312923934196594353e-06
1.124437805038475346e+00 2.339178892639908474e-06
1.119657284493518423e+00 2.371373202740285891e-06
1.115953157624936187e+00 2.402019856219266408e-06
1.111866452345638079e+00 2.432810632255340889e-06
1.107598071886934044e+00 2.467059912113105066e-06
1.103737884457058893e+00 2.500496328813846036e-06
1.103476664331731305e+00 2.501532296718295319e-06
1.099500709023256695e+00 2.535435922590028726e-06
1.095928114222447292e+00 2.567671011016955883e-06
1.095150182970138664e+00 2.572994413738879685e-06
1.091462543883925607e+00 2.605707014246693818e-06
1.088173603947629076e+00 2.636650310118356392e-06
1.086886530569144860e+00 2.646498013164374240e-06
1.083483143689698336e+00 2.677925710367995265e-06
1.080202268208892979e+00 2.707482706319854111e-06
1.078685233041543068e+00 2.722101414711340807e-06
1.075498435227522975e+00 2.751576053244763195e-06
1.072447967184122053e+00 2.780217982221549390e-06
1.070545819877436911e+00 2.798415282602454644e-06
1.067635744500264883e+00 2.827837595220686765e-06
1.064733579610008585e+00 2.854907257810167468e-06
1.062467824117246940e+00 2.877464491582902264e-06
1.059642408829043481e+00 2.904407618060261299e-06
1.056887045704439032e+00 2.931603026387323799e-06
1.054450782324920732e+00 2.955837374516337289e-06
1.051833394209910510e+00 2.984286838046025932e-06
1.049222503051097322e+00 3.010359191463018168e-06
1.046494234561346381e+00 3.036659327144112097e-06
1.043896596418456335e+00 3.064458329456998819e-06
1.041305406207813089e+00 3.091231104640217897e-06
1.030760798690582014e+00 3.202007803161380993e-06
1.028072931287642655e+00 3.229898666439076272e-06
1.025346566387707048e+00 3.259551056635011290e-06
1.015263905933123212e+00 3.369025209290772988e-06
1.012324377652472407e+00 3.402332245249667611e-06
1.009273907352044031e+00 3.437036161696815117e-06
9.999999999999995559e-01 3.539618934820406710e-06
9.969202990329005809e-01 3.585270697227679183e-06
9.945707692660046284e-01 3.624185469580247299e-06
9.849655780689897666e-01 3.772767505714845279e-06
9.833058694717589088e-01 3.799034625803541293e-06
9.819394417787945528e-01 3.821525203689500712e-06
9.701571899807795996e-01 4.014615933191906911e-06
9.696406534213999340e-01 4.022106099655602858e-06
9.691817406963423309e-01 4.029610240704802788e-06
9.628082075537598428e-01 4.137435390491846862e-06
9.623525284971141680e-01 4.145154704200376385e-06
9.563633973449037207e-01 4.249025670775697150e-06
9.559956200845057817e-01 4.255630903069605294e-06
9.555714374472057404e-01 4.262687802217153284e-06
9.499336209928054275e-01 4.363173788418649630e-06
9.491469855617653550e-01 4.375843317106864220e-06
9.483610015397161419e-01 4.390367832488940156e-06
9.457830623726032337e-01 4.437906290899050142e-06
9.433237650169824517e-01 4.480388442668102868e-06
9.423055927773933416e-01 4.498752617856211804e-06
9.412049732714029560e-01 4.519531553656443011e-06
9.367321863554427530e-01 4.600752014617623239e-06
9.355411918510402325e-01 4.625593189752830162e-06
9.341029420996530552e-01 4.649605414219692259e-06
9.300765875631709090e-01 4.724349098490911324e-06
9.287016923099933319e-01 4.753794214321230144e-06
9.270545005796759774e-01 4.781441875796177980e-06
9.234409553039735208e-01 4.851266561096513232e-06
9.217485489712605728e-01 4.882513816953455420e-06
9.200592443411292898e-01 4.914980171929996986e-06
9.167984125895430880e-01 4.981593602879782799e-06
9.149557405350303707e-01 5.016796413116202321e-06
9.131167720649194797e-01 5.050155682398281151e-06
9.098805455049794322e-01 5.115421820614954529e-06
9.080517776634088323e-01 5.151570338134778738e-06
9.062266854601787047e-01 5.185825788821617217e-06
9.030148784289919739e-01 5.252845271781416191e-06
9.011999098836273037e-01 5.289964902575242220e-06
8.993885892414138494e-01 5.325140610167519175e-06
8.959358969949658968e-01 5.393960540669417709e-06
8.942409821388196400e-01 5.428703316184610795e-06
8.926020911058298868e-01 5.463669871692532830e-06
8.890176171518482384e-01 5.538866806261672724e-06
8.873341493156307047e-01 5.571044326052893573e-06
8.858668017108227710e-01 5.602320896675815523e-06
8.818917945789970236e-01 5.687665911938605989e-06
8.804285625109335989e-01 5.715933580866230136e-06
8.791823346516431936e-01 5.743300839724989797e-06
8.745901681232864933e-01 5.840462437056152601e-06
8.735298720491558866e-01 5.863490411692905885e-06
8.725483064392280941e-01 5.883866681602365206e-06
8.700606004816834327e-01 5.937730354102108676e-06
8.674003216768916280e-01 5.997363770446456701e-06
8.666820316713084171e-01 6.014778564362073712e-06
8.659643364782001473e-01 6.026000482831749339e-06
8.637125898700295235e-01 6.077388086002746735e-06
8.632016464023684055e-01 6.089987980670092157e-06
8.626910051917663358e-01 6.097244745284508880e-06
8.600405363671056458e-01 6.158480185893183540e-06
8.597352375182820694e-01 6.166137823336423502e-06
8.594300470450327856e-01 6.171248204087037126e-06
8.579564863173078093e-01 6.203284181104111014e-06
8.562320805814173097e-01 6.239361952530434876e-06
8.561814152677301726e-01 6.240492757529066619e-06
8.561750823143190470e-01 6.240492757529066619e-06
8.561687494077510063e-01 6.240654317829554856e-06
8.529450632663799770e-01 6.312801878373196971e-06
8.527179681254325461e-01 6.318033811574490193e-06
8.524404895071676647e-01 6.323924919634410738e-06
8.497209446236263508e-01 6.386444842049554173e-06
8.492936591558545301e-01 6.397035163012135954e-06
8.488163590704446149e-01 6.408306621777760369e-06
8.465090130975702065e-01 6.460946899073637897e-06
8.458580745422186187e-01 6.476353663472611026e-06
8.451076135557565872e-01 6.493814249947601064e-06
8.433092226211060805e-01 6.535641239415211248e-06
8.424613132449136899e-01 6.557334662793171438e-06
8.401215273012614393e-01 6.610514527512968588e-06
8.390285422420020733e-01 6.637953331014826489e-06
8.376890947344641791e-01 6.668267578872577009e-06
8.337822394262586201e-01 6.761443704632849976e-06
8.321556621348906724e-01 6.800767684216213894e-06
8.301883069474612631e-01 6.847407516129962407e-06
8.287648834938126097e-01 6.884379221796763668e-06
8.274907857864899352e-01 6.912954777891961576e-06
8.252902437428275562e-01 6.966132612330692067e-06
8.226086378013692801e-01 7.031359965294075086e-06
8.212468054401420581e-01 7.064933888889609068e-06
8.184330346405581658e-01 7.134040811273885277e-06
8.149534860881714193e-01 7.220254212280777509e-06
8.088998344576610044e-01 7.369825343513783364e-06
8.046747691916924516e-01 7.475126274833167896e-06
7.991938779358537248e-01 7.613402702724282291e-06
7.967384930465005732e-01 7.675147260019079756e-06
7.910073529645121893e-01 7.827654310531382832e-06
7.888804901136228231e-01 7.882152748475416523e-06
7.847599903733626370e-01 7.998086148078856084e-06
7.842957526217474440e-01 8.011348972935140511e-06
7.835999108701521276e-01 8.027958436042297060e-06
7.788384429185059021e-01 8.160389562484014826e-06
7.776410993844579123e-01 8.199354470699910967e-06
7.758829679703729276e-01 8.243625841935564171e-06
7.729615775635143571e-01 8.329436061717599197e-06
7.709060447663153015e-01 8.386559538932710186e-06
7.682136100047718408e-01 8.465087053356744023e-06
7.671290571515784196e-01 8.498463487511322698e-06
7.643197722399817096e-01 8.581592737671846568e-06
7.637772291389638424e-01 8.595823162220976379e-06
7.613405470699655675e-01 8.669125305300232027e-06
7.605750534989008660e-01 8.692497718222866839e-06
7.577225104740809014e-01 8.778433950838434934e-06
7.555957152308238056e-01 8.843214266842136425e-06
7.529177675717559914e-01 8.926017665860570848e-06
7.512266451701036241e-01 8.981650223615180841e-06
7.498942320521299054e-01 9.018931094050077103e-06
7.490959188023261772e-01 9.045119738320098239e-06
7.479221706348133658e-01 9.081723552307922420e-06
7.470596438965998454e-01 9.109037765179972516e-06
7.452493691220628547e-01 9.165811019337702541e-06
7.446762960180471902e-01 9.184813961349988783e-06
7.442357704387805306e-01 9.200044677380247673e-06
7.415103224830904560e-01 9.284266197054507710e-06
7.414225711772867156e-01 9.287150935475167054e-06
7.414116029942539043e-01 9.287631812347082352e-06
7.413786994186883916e-01 9.288112714118210454e-06
7.386200057638275807e-01 9.378966060310222881e-06
7.381830628832269925e-01 9.392573235907379888e-06
7.375499547921114951e-01 9.412046310812756394e-06
7.358280340026284172e-01 9.470708104859842182e-06
7.349468364737605786e-01 9.497716813067748695e-06
7.337192742400404644e-01 9.537633584294225177e-06
7.330466158498537554e-01 9.560377011202442270e-06
7.317464477403698986e-01 9.605031997721284414e-06
7.302757114130331573e-01 9.652893904582848726e-06
7.298868939025643376e-01 9.664896599983035567e-06
7.285061074602181552e-01 9.711045353795696343e-06
7.275152809504893403e-01 9.744287750732597800e-06
7.260530488403224014e-01 9.793857717724004994e-06
7.253659569067533175e-01 9.822296548570588220e-06
7.222820808185722585e-01 9.924539595714908694e-06
7.220256837320682131e-01 9.931736338202773359e-06
7.215558587731423223e-01 9.947175507244953894e-06
7.189134663777190237e-01 1.003823661260529495e-05
7.165775092554225179e-01 1.011964652875804522e-05
7.145344886849145372e-01 1.019115778094159623e-05
7.126027042976519343e-01 1.026317437282987719e-05
7.111704449578144516e-01 1.031431580536783520e-05
7.069745802852814842e-01 1.046493854091623385e-05
7.062637492410170914e-01 1.048880699553772820e-05
7.058041806350044967e-01 1.050402434867403362e-05
7.033859414643442998e-01 1.059140514894498423e-05
7.004784084234547681e-01 1.069943787851159093e-05
6.999604722463399487e-01 1.071829009204330752e-05
6.993187632153985422e-01 1.074607429491053886e-05
6.951928227826671414e-01 1.089622987251579130e-05
6.936929262145101749e-01 1.095165986072306648e-05
6.915002935964420505e-01 1.103476263145133163e-05
6.899471204776543853e-01 1.109434342829332688e-05
6.874611604162413903e-01 1.118895206949078066e-05
6.847410005615428563e-01 1.129313503022691901e-05
6.837591201351601589e-01 1.133120644719015743e-05
6.812652205187710308e-01 1.143020203145024006e-05
6.795741643583080860e-01 1.149667911104355667e-05
6.760345969447170145e-01 1.163561408950367523e-05
6.750801810876883025e-01 1.167393336799015924e-05
6.744463154456388221e-01 1.170086221677074684e-05
6.720162065952617336e-01 1.179819926307061242e-05
6.713405246185434327e-01 1.182510862165166598e-05
6.693571596379318533e-01 1.190620550719229871e-05
6.689611903395098480e-01 1.192347924802795162e-05
6.683281266281360100e-01 1.194819950292486459e-05
6.658781955548922493e-01 1.204743814958540337e-05
6.643064049694141771e-01 1.211264354828995365e-05
6.628535344596128143e-01 1.217552229785510647e-05
6.605384794537436655e-01 1.226918237950804011e-05
6.567627773105633171e-01 1.243031842543092679e-05
6.543189421856318022e-01 1.253372366665871046e-05
6.507279862546551108e-01 1.269044665006501751e-05
6.450157695663440993e-01 1.293724895855937836e-05
6.447104957069278441e-01 1.295333551872474470e-05
6.444816351313610303e-01 1.296407100313779199e-05
6.436050886170869845e-01 1.299902281315012392e-05
6.396185832007976746e-01 1.318065898327566501e-05
6.386919572210776330e-01 1.321756339671722269e-05
6.371914088410850496e-01 1.328480219323496362e-05
6.357696236749464935e-01 1.335653179241141074e-05
6.347922263020090439e-01 1.339392863061485919e-05
6.327670456912786179e-01 1.348997472540471670e-05
6.323927218799332284e-01 1.350395147421614645e-05
6.309723097915558299e-01 1.356843126721080914e-05
6.300022875460421501e-01 1.362475086500005287e-05
6.298485269103367701e-01 1.363004279759118842e-05
6.296668581770996642e-01 1.364169228548519746e-05
6.276208890155481335e-01 1.375375035434420586e-05
6.271011591969062327e-01 1.378369249700153149e-05
6.263594345266046970e-01 1.382371677657158987e-05
6.252484921332596146e-01 1.388684701503267403e-05
6.243426843412280824e-01 1.393727006409773340e-05
6.231062543333748538e-01 1.400817006568845242e-05
6.228850628730906447e-01 1.402558824101229387e-05
6.223324276819101053e-01 1.405175612168246402e-05
6.216331269155580541e-01 1.409547779455352639e-05
6.215595620345796268e-01 1.410131762020124397e-05
6.205305673375736131e-01 1.415691677660408252e-05
6.202357349285865240e-01 1.417149281283652417e-05
6.198699704791897913e-01 1.419508456089163320e-05
6.193566591586503467e-01 1.422451440274643368e-05
6.188803935516430377e-01 1.425105342478860149e-05
6.183313113774282499e-01 1.428947500637804553e-05
6.181849717573729697e-01 1.429539520602299031e-05
6.175268719445061727e-01 1.433096794759743391e-05
6.170155009325156703e-01 1.435919246859180062e-05
6.165775199781947657e-01 1.438449310266572454e-05
6.162127733485469605e-01 1.441431563421578160e-05
6.158482424908005015e-01 1.442925007797929050e-05
6.147923220147907264e-01 1.448914274683600856e-05
6.140288203157105995e-01 1.453422533678943144e-05
6.135203460233329409e-01 1.456398125211868879e-05
6.134477412195044055e-01 1.457039238460024459e-05
6.133751450078236411e-01 1.457642896969406838e-05
6.112012489671316828e-01 1.470377658347252751e-05
6.107312546116363539e-01 1.473120977660677923e-05
6.101894025047718273e-01 1.477092588470574847e-05
6.080222998088469222e-01 1.489341657790101255e-05
6.065893201677229341e-01 1.498662969922140939e-05
6.053701370043470531e-01 1.506130812559243924e-05
6.035816706657111119e-01 1.516774000545332337e-05
6.026537572875100279e-01 1.522439044517211990e-05
6.020121915053996409e-01 1.526543619401626070e-05
5.999850689040490126e-01 1.539242619202468967e-05
5.983895316577482193e-01 1.549156959579858856e-05
5.974696003894770513e-01 1.554922824029911368e-05
5.971161573656917909e-01 1.557521435479141989e-05
5.946435052022742695e-01 1.573041653856501994e-05
5.929612862106956594e-01 1.584198684698317913e-05
5.906499955011189629e-01 1.599363531485124826e-05
5.893930909597063783e-01 1.607999091381478784e-05
5.884869903262698321e-01 1.613670613424384007e-05
5.842538556058782806e-01 1.642329696128810496e-05
5.841155810503576573e-01 1.643010121384431957e-05
5.840464560450497888e-01 1.643520625318947907e-05
5.836491459845867258e-01 1.646245993087902586e-05
5.815289839423204432e-01 1.661144471907524279e-05
5.796394286127946049e-01 1.674616323328696947e-05
5.789195827839636044e-01 1.679131176075362888e-05
5.779269794131198790e-01 1.686450126996436597e-05
5.752656551975575683e-01 1.705417108304671593e-05
5.737613174798306126e-01 1.715957490561515167e-05
5.716009648520408160e-01 1.731755832918476916e-05
5.709248848751804495e-01 1.736784404153567376e-05
5.686994893679782059e-01 1.754136334165739687e-05
5.666168686148986833e-01 1.769094989098605374e-05
5.654111066224706272e-01 1.778278655763357351e-05
5.636072729225937161e-01 1.792329216334591940e-05
5.623413592650539083e-01 1.801633495741721227e-05
5.592882782743354708e-01 1.826051292816634902e-05
5.585606529104950591e-01 1.831353673689453237e-05
5.556596054406198748e-01 1.854253110364947923e-05
5.538868820006055405e-01 1.868516933589400907e-05
5.535592210547068959e-01 1.871227812150866882e-05
5.530680930373705895e-01 1.875107319761383037e-05
5.455595129145569544e-01 1.937883337183941547e-05
5.437224803185135569e-01 1.954004186794909581e-05
5.410585589652445737e-01 1.977208380265575287e-05
5.373573410089232949e-01 2.009408672755117392e-05
5.339973369217412280e-01 2.039597274769602939e-05
5.295917727886920723e-01 2.080555429026670558e-05
5.292784840164697080e-01 2.084005509676977794e-05
5.292158485052730343e-01 2.084005509676977794e-05
5.291532204064450795e-01 2.084868923390423412e-05
5.244771742189437980e-01 2.129380646899816428e-05
5.213210879687608656e-01 2.160029157789343504e-05
5.197809306989177314e-01 2.175743738841791922e-05
5.175098444094627936e-01 2.198391667313951092e-05
5.151267380140538421e-01 2.223116296281417312e-05
5.134833267707054061e-01 2.239753673393535521e-05
5.105142196351686312e-01 2.271520298352277362e-05
5.061226668052690725e-01 2.318095813455786058e-05
5.058681610621728053e-01 2.319776771899323767e-05
5.057634017814961469e-01 2.320978202740531736e-05
5.052249823515946314e-01 2.326753737912255356e-05
5.013237123797518180e-01 2.370039924796014534e-05
5.004937686816233189e-01 2.380370389823239111e-05
4.981595414018503143e-01 2.411632739716133351e-05
4.970847492548994828e-01 2.425909791469368633e-05
4.957481863481558726e-01 2.444317944002575825e-05
4.906700006674565295e-01 2.515187222171895017e-05
4.887574289020079066e-01 2.542421414776452622e-05
4.863915850342039882e-01 2.577412968304356423e-05
4.832930608485331292e-01 2.622101940282459424e-05
4.805269563833244884e-01 2.663701214154729169e-05
4.770421758968481640e-01 2.717755120802929769e-05
4.760270290554071693e-01 2.733419819655647331e-05
4.724909968157751106e-01 2.791922588591999981e-05
4.723791730221530427e-01 2.791922588591999981e-05
4.688702378500230750e-01 2.850348916979572893e-05
4.679278561087211186e-01 2.865739013298213009e-05
4.645069566496963231e-01 2.924498457707933713e-05
4.618210448632929510e-01 2.970895209265242621e-05
4.589333563925745985e-01 3.021780744511345199e-05
4.566578288899982296e-01 3.063369759635518256e-05
4.548778324181984023e-01 3.096539617257819497e-05
4.501117487667098960e-01 3.186319070064368137e-05
4.489413338190167968e-01 3.208835436215013950e-05
4.480390071585600431e-01 3.225827067782973420e-05
4.414074669808038531e-01 3.359816636166191971e-05
4.413552302412134809e-01 3.361208624692547063e-05
4.413029996833875424e-01 3.361208624692547063e-05
4.411202414018302043e-01 3.364691119627223983e-05
4.376103852616234913e-01 3.440087438074838433e-05
4.370927870815397576e-01 3.450076562643367633e-05
4.346682641867272712e-01 3.501546597876454257e-05
4.338973148322375906e-01 3.520817331796176775e-05
4.327946713967943948e-01 3.542761280473729783e-05
4.301521099200572573e-01 3.601576460796378969e-05
4.281332781029243417e-01 3.648499556001929590e-05
4.264897032706050917e-01 3.685714388246987927e-05
4.244001537878867580e-01 3.735667403785961126e-05
4.228459681689211158e-01 3.771427327318322830e-05
4.216965417572186015e-01 3.799651968017723461e-05
4.192581720071494877e-01 3.859932905386561784e-05
4.185145547622186046e-01 3.876757475078128682e-05
4.160453429892632671e-01 3.939077416427809420e-05
4.156454743614091396e-01 3.948674981382400745e-05
4.153565780215929260e-01 3.957066420444233732e-05
4.132482069683954817e-01 4.009866541301885590e-05
4.120760988480492437e-01 4.039875615468846009e-05
4.119298192794867419e-01 4.044898916972666802e-05
4.091119319757959283e-01 4.117589759082659391e-05
4.085192447794903647e-01 4.132540700086564895e-05
4.077343518279312184e-01 4.153563263390737913e-05
4.060249044141713282e-01 4.200277100650551569e-05
4.050170576971642289e-01 4.228206911494305007e-05
4.036293808590535326e-01 4.265146827427058524e-05
4.029611705734612026e-01 4.282739645352602256e-05
4.014854961404593636e-01 4.323848391474971752e-05
4.011055549691032174e-01 4.334607880052967436e-05
3.999205546867107275e-01 4.368404152856018987e-05
3.997785901166655553e-01 4.374288911575309751e-05
3.995184526119854862e-01 4.379728032518420894e-05
3.984088614118261873e-01 4.411591302005527817e-05
3.980200553531714203e-01 4.423027132408479013e-05
3.969028823132462191e-01 4.463055400557655329e-05
3.964803522866198748e-01 4.480652487718834103e-05
3.959176785423414446e-01 4.497387408911123592e-05
3.954025957914762412e-01 4.515821259306651342e-05
3.948881831552702448e-01 4.536679032116832392e-05
3.942577731441040401e-01 4.557397167025686798e-05
3.939079803286673620e-01 4.570630670193605722e-05
3.933024077897862014e-01 4.593406138249028835e-05
3.925932111270612479e-01 4.618207650259433173e-05
3.924190144883076270e-01 4.624907830432495570e-05
3.917230005143514937e-01 4.650842566012200030e-05
3.909356769149149868e-01 4.679587239806907675e-05
3.901730232334298387e-01 4.709972564147559546e-05
3.894579463337307090e-01 4.736384310611996685e-05
3.893657738578342742e-01 4.742273671744569612e-05
3.886061828089425463e-01 4.768866550615345577e-05
3.879858015504142332e-01 4.792629828731955583e-05
3.877103945446433442e-01 4.805551008135610676e-05
3.870570861556101305e-01 4.828996993427341940e-05
3.865192214507393587e-01 4.849292183527628101e-05
3.862905696125678023e-01 4.859597549262450794e-05
3.860620530371727810e-01 4.869672669754990284e-05
3.855027585802511259e-01 4.889379273729514057e-05
3.850581850002912088e-01 4.908148996615645324e-05
3.844207194143591799e-01 4.934649922644105476e-05
3.839646130220419895e-01 4.950965169099580789e-05
3.836026712441648057e-01 4.966434254994314738e-05
3.835572752000493968e-01 4.967462957502745213e-05
3.832169760650353529e-01 4.982919089003047406e-05
3.828769788497313753e-01 4.995318612799698818e-05
3.827863638823477133e-01 5.000494183169944701e-05
3.824693803482412946e-01 5.015014325520699220e-05
3.821526593066642552e-01 5.024891284120794788e-05
3.816780694423464459e-01 5.045226027186017312e-05
3.814297100178288269e-01 5.054508171625467835e-05
3.811589567739516737e-01 5.067217020030913342e-05
3.809334758890041694e-01 5.077722585876877240e-05
3.807081283910035419e-01 5.086142718403399579e-05
3.801453426961799442e-01 5.108312057799847832e-05
3.795384685481134612e-01 5.134830156289442411e-05
3.794037392503277206e-01 5.141214956838050296e-05
3.792690577790080453e-01 5.145475900511861525e-05
3.786299733989289540e-01 5.172722555094561801e-05
3.779248697893687337e-01 5.203345471431694851e-05
3.778801456637372880e-01 5.205501243004741782e-05
3.778354268308176112e-01 5.206579463698164688e-05
3.772545633547482180e-01 5.231440273267177023e-05
3.764072149845905102e-01 5.268135866630693331e-05
3.763626704602226480e-01 5.270591371575172602e-05
3.763181312073122786e-01 5.272775003454771271e-05
3.749844017562081744e-01 5.332076267887162044e-05
3.748734712356829868e-01 5.337600747521606235e-05
3.735669667389819315e-01 5.394278425737370289e-05
3.733680701089408527e-01 5.404342662026139307e-05
3.731251180337509243e-01 5.414425675405006364e-05
3.726396880501206543e-01 5.439152309315598439e-05
3.721548896033599618e-01 5.458336569047063071e-05
3.718687143087591185e-01 5.471919124366361476e-05
3.715387854819574009e-01 5.486671703057992993e-05
3.707481500966358090e-01 5.522869448556217120e-05
3.703753795585693065e-01 5.540340569815191006e-05
3.699591971852226324e-01 5.559881727416179020e-05
3.693467280426580568e-01 5.589901601402641674e-05
3.688989561604552048e-01 5.610198496904641237e-05
3.679506033415405608e-01 5.655111460434778214e-05
3.674175472401938203e-01 5.680349001999577651e-05
3.668201387866735774e-01 5.709245389270943685e-05
3.665597559693746788e-01 5.722267048592112604e-05
3.659420872995984841e-01 5.751376676301270512e-05
3.652606117039696731e-01 5.785425269649502778e-05
3.651741659779416671e-01 5.789021037157736620e-05
3.646127672303444145e-01 5.816662937295661527e-05
3.644779443280244391e-01 5.823594010708493281e-05
3.637938134944267987e-01 5.857463536505472273e-05
3.637077149135112819e-01 5.862621637108006043e-05
3.630142891212277956e-01 5.896412835487052824e-05
3.624186787211342575e-01 5.928556723612060192e-05
3.621614202267688376e-01 5.940848054886253431e-05
3.615591859596566371e-01 5.970296755605837032e-05
3.610487419352031435e-01 5.997717216189214247e-05
3.606216995750556320e-01 6.020118267201690545e-05
3.601085835977006488e-01 6.045028215191269974e-05
3.596839834883247544e-01 6.067684511156297845e-05
3.590885250090183334e-01 6.100446201664280608e-05
3.586631379225975746e-01 6.120655490093731622e-05
3.575618686981296146e-01 6.181845971723553504e-05
3.569699233895616275e-01 6.211363565099293496e-05
3.557883131329084292e-01 6.274679095369391061e-05
3.556205828112890543e-01 6.284473938094787561e-05
3.545280001107896650e-01 6.347918416539377075e-05
3.543598810214245165e-01 6.353158894269869878e-05
3.542763427187348713e-01 6.357786437815972423e-05
3.529476263670323077e-01 6.431954175806647324e-05
3.529371838321451182e-01 6.432537004345086952e-05
3.529365311839731678e-01 6.432578636975824185e-05
3.516030869446427065e-01 6.510357149370087678e-05
3.514262819706971408e-01 6.518452321096071327e-05
3.501056651348007365e-01 6.594323611083191072e-05
3.499218481849847850e-01 6.605429650710878419e-05
3.489500027021263939e-01 6.663138277820333235e-05
3.486971462805432687e-01 6.676606868018255766e-05
3.484135460939038476e-01 6.693567540454728102e-05
3.476309772952703159e-01 6.740868144782440009e-05
3.472968629391476325e-01 6.760091854221545035e-05
3.469322742016036631e-01 6.782881475969904106e-05
3.463169377832714946e-01 6.819504781492707348e-05
3.458970857166463464e-01 6.844266357955985111e-05
3.454164180307179310e-01 6.873387149527459433e-05
3.450078653195274847e-01 6.899058766013386795e-05
3.445080467407535263e-01 6.929847775846955846e-05
3.437037411286756883e-01 6.979540799806837302e-05
3.424856021021894237e-01 7.058037529577182749e-05
3.417365693853534059e-01 7.103498710025037220e-05
3.411102628187825392e-01 7.143332446715520273e-05
3.394892412944989779e-01 7.247648457041266034e-05
3.389974176372739789e-01 7.282255132953900395e-05
3.385363540652805980e-01 7.310967857041644443e-05
3.365788402530693335e-01 7.442353194741305460e-05
3.362603227473343059e-01 7.463963864377909743e-05
3.359818672025672859e-01 7.482537233902999930e-05
3.336835168682398822e-01 7.642288585543180956e-05
3.335650652496666146e-01 7.651791234485488282e-05
3.334466556792773928e-01 7.658132897249567887e-05
3.321911469217533885e-01 7.743860574528467424e-05
3.321856183995133271e-01 7.744211419744274308e-05
3.309305740498753590e-01 7.834197774078259817e-05
3.308424643595866410e-01 7.840284652027145482e-05
3.307543781283498463e-01 7.847595148533353926e-05
3.284334779663110049e-01 8.016800630807195303e-05
3.281809230491528617e-01 8.036749682441206668e-05
3.278897548417880614e-01 8.058417177778829591e-05
3.259552241697382668e-01 8.203234920508676610e-05
3.255311614854388691e-01 8.237284758857357639e-05
3.250114748705920653e-01 8.274902843740260976e-05
3.234956704822965490e-01 8.392157892837665803e-05
3.228812991058108706e-01 8.440856704892500922e-05
3.221965901679841870e-01 8.497204297409480841e-05
3.210546757989535815e-01 8.587432441791714309e-05
3.202766961749780039e-01 8.651699143537308558e-05
3.193493881119828792e-01 8.725477777244626228e-05
3.186321000794107849e-01 8.787137029865504695e-05
3.176907540324768187e-01 8.867578599465774692e-05
3.166022761704347377e-01 8.959883718978081636e-05
3.162278043400685301e-01 8.987762163603180100e-05
3.152935613888029898e-01 9.105802014339885208e-05
3.145481546676974216e-01 9.200586868374300491e-05
3.138416506460531274e-01 9.288660095271429975e-05
3.131645291348376658e-01 9.376605366407380498e-05
3.114735021033032125e-01 9.601620057716545573e-05
3.110682799144994792e-01 9.657462260596717612e-05
3.107279329733996232e-01 9.701566021205689123e-05
3.089723498018254744e-01 9.945186716997138972e-05
3.089037954879635950e-01 9.962194124049628379e-05
3.078454236637239716e-01 1.010767473171607426e-04
3.070449404805540849e-01 1.022982388083721272e-04
3.069177829363647358e-01 1.024466549653125098e-04
3.067906780523528831e-01 1.026364636073512235e-04
3.052695190088489663e-01 1.050464338777685487e-04
3.048904092052703296e-01 1.055480183454110055e-04
3.044757338897046139e-01 1.061811171028514554e-04
3.034325335709630589e-01 1.078684579419496108e-04
3.028764274784000454e-01 1.087432691717977242e-04
3.021782575540131743e-01 1.098467668679061230e-04
3.016780000669337380e-01 1.107662943828562567e-04
3.008757492936343647e-01 1.120352496952791766e-04
2.998981172386529503e-01 1.136419064489122460e-04
2.998626269014346146e-01 1.137419798650716443e-04
2.996497730601664911e-01 1.140722571693542406e-04
2.988706008336618480e-01 1.154029846740431262e-04
2.981287356165644997e-01 1.167976057672351879e-04
2.978818566544301771e-01 1.171367558191791462e-04
2.976351821315688095e-01 1.175620785997644028e-04
2.968963835063713197e-01 1.188965744915277490e-04
2.963347204534353407e-01 1.199353196519102296e-04
2.959141705680360945e-01 1.206828320193654807e-04
2.953893224077715485e-01 1.216237775504111669e-04
2.949352070537754056e-01 1.224959256101375532e-04
2.946212285304570799e-01 1.231573267749389901e-04
2.942727555123632044e-01 1.237197624449684337e-04
2.939594822136222252e-01 1.243362584387853835e-04
2.931604092218897950e-01 1.258258057514603811e-04
2.929869853331731888e-01 1.262042397373990270e-04
2.928483200911877193e-01 1.264658916353462884e-04
2.920522675825327208e-01 1.279942056606909594e-04
2.920177057334710224e-01 1.281002848862186974e-04
2.919831479745040870e-01 1.281533574631162000e-04
2.916205383230842663e-01 1.288186228808368874e-04
2.915342690863892972e-01 1.290589629146178974e-04
2.911549875300684653e-01 1.298633395668802835e-04
2.910516327708873585e-01 1.300248155060006877e-04
2.909483147007780879e-01 1.301595321546655467e-04
2.902432888047871695e-01 1.315961383869058759e-04
2.900887558370057184e-01 1.319782595517736445e-04
2.898485347431894454e-01 1.324163283129348634e-04
2.894029374924586007e-01 1.333520583723095832e-04
2.891290643585051612e-01 1.339610514080020283e-04
2.887529119361804675e-01 1.346564655320442352e-04
2.885479441910564491e-01 1.351314080345482923e-04
2.881725477970442650e-01 1.359736319851796639e-04
2.877295271167836788e-01 1.369345000016239670e-04
2.876614305657888004e-01 1.369912326372126521e-04
2.872191956491451093e-01 1.380164488178735197e-04
2.865740749774503549e-01 1.393087652469149503e-04
2.862345906934697370e-01 1.400310339358655802e-04
2.859980900801628589e-01 1.406131822753204242e-04
2.852860671769991141e-01 1.421320479165755202e-04
2.844116788243242766e-01 1.441217991125853868e-04
2.843443675039162843e-01 1.443906906539841630e-04
2.838400401245294580e-01 1.454110384559524464e-04
2.833952950410218441e-01 1.464234329922070208e-04
2.826333009547714048e-01 1.482696800554083618e-04
2.822655994197506013e-01 1.490702433280636520e-04
2.815233012738799223e-01 1.508561035681680056e-04
2.809990345495063102e-01 1.522528767205294726e-04
2.801357136427725658e-01 1.542205303773389958e-04
2.796553988254392165e-01 1.554068702413992831e-04
2.792750451401269096e-01 1.563430801294911267e-04
2.780218993014646478e-01 1.595487567396367988e-04
2.778081092877881519e-01 1.601114960444147443e-04
2.776252849179239868e-01 1.605431649691819215e-04
2.769709809865160688e-01 1.622479035351169984e-04
2.768890454848063065e-01 1.625169510907503191e-04
2.762180880070709832e-01 1.642426484394712437e-04
2.759893531461093952e-01 1.648560831536297695e-04
2.759730221916069648e-01 1.649585447912293968e-04
2.759240351259225621e-01 1.650610701109629717e-04
2.743529144338925363e-01 1.692848658986729820e-04
2.741338348136257430e-01 1.699171329396065137e-04
2.738420007613057150e-01 1.707638305865141358e-04
2.727423175665026900e-01 1.738326258523671761e-04
2.723230184764683370e-01 1.750610273296057922e-04
2.717756767609326718e-01 1.765858840690799506e-04
2.711251316793019117e-01 1.785025592826248845e-04
2.705241636536899752e-01 1.803606426233050615e-04
2.697249445794283051e-01 1.826726319011446253e-04
2.695334836056724193e-01 1.832979483236239098e-04
2.688008080495210006e-01 1.855130659463871559e-04
2.687371913324039796e-01 1.858206929532293093e-04
2.679273967261720513e-01 1.882221632825646759e-04
2.676896865659230684e-01 1.889642920521369387e-04
2.669620230216502854e-01 1.914460351626440194e-04
2.663624018186890319e-01 1.932786650083982173e-04
2.660463689203385051e-01 1.942392589317798208e-04
2.656697859573030063e-01 1.954928944371869316e-04
2.651632740680596734e-01 1.971497806095129617e-04
2.647752106726009025e-01 1.984710073241891654e-04
2.642821330773663102e-01 2.001013239549872126e-04
2.636651268715112240e-01 2.022051731389612093e-04
2.634078168347305793e-01 2.031075711725663618e-04
2.632286280483766006e-01 2.038028395248218916e-04
2.625363930649352584e-01 2.061589831204660179e-04
2.616755943008998719e-01 2.091912399841208833e-04
2.616601103259703631e-01 2.092345699754714797e-04
2.616446272672650064e-01 2.092779089418066499e-04
2.615362715060478571e-01 2.096683638199900706e-04
2.607944684384770340e-01 2.123780316546736927e-04
2.606864647563682524e-01 2.127522378557525351e-04
2.601317233631018633e-01 2.149000635769887993e-04
2.599316903267288037e-01 2.155687195227880780e-04
2.597010741056317573e-01 2.164186712276656673e-04
2.593286772414658548e-01 2.177675285430951454e-04
2.590717665165864769e-01 2.188073430883581325e-04
2.587194082157318609e-01 2.200799079233511978e-04
2.585663584707872942e-01 2.206732548070114615e-04
2.581994083805089768e-01 2.220486293640109925e-04
2.577414530071324150e-01 2.238958058640677748e-04
2.570712539952953457e-01 2.266015401604312164e-04
2.564938483672487002e-01 2.287706984051507625e-04
2.557966185815912508e-01 2.315233567798864766e-04
2.555243057391389794e-01 2.326890861694401349e-04
2.547995545880091806e-01 2.356962643664168883e-04
2.544642998691912239e-01 2.369811463047502835e-04
2.540467912806959050e-01 2.389401712981987830e-04
2.538664592535116449e-01 2.394851465614157560e-04
2.531164526226422073e-01 2.428314877017178979e-04
2.519508642893100170e-01 2.477592140164114830e-04
2.509947809393700546e-01 2.519506505542364288e-04
2.497244129837830895e-01 2.575430395335593118e-04
2.481629286897019393e-01 2.646809957230063194e-04
2.479867732508671818e-01 2.656695605841874214e-04
2.469890914635820556e-01 2.701150383286594447e-04
2.464653211525136556e-01 2.728066509680584324e-04
2.463778304173203093e-01 2.731458668723334930e-04
2.462903707397570419e-01 2.734571853035968020e-04
2.449532034894496835e-01 2.801354759979144651e-04
2.447069140947701615e-01 2.812400037139400010e-04
2.444319425121458389e-01 2.825828919238040460e-04
2.434503629929107849e-01 2.876611865367112442e-04
2.430760957483472928e-01 2.896939661990628073e-04
2.425875373885107433e-01 2.919677825585210952e-04
2.419567427454881736e-01 2.953890718229651782e-04
2.414132856967756979e-01 2.982167032684140094e-04
2.407570495550019618e-01 3.016955962021080728e-04
2.404722861789740096e-01 3.033245631881499225e-04
2.397760385513326153e-01 3.070537646977033823e-04
2.391596305125702482e-01 3.104749502878680176e-04
2.389969370722183906e-01 3.114732378739579893e-04
2.389686538606766164e-01 3.116022827654916475e-04
2.389403739962072393e-01 3.117152409019580020e-04
2.381780814026814019e-01 3.162836785555854665e-04
2.380371832193505233e-01 3.168737766973634480e-04
2.375306395490003053e-01 3.198408229521101042e-04
2.373479860285210019e-01 3.208359993351060950e-04
2.371374064891270672e-01 3.221010024636892849e-04
2.365487771858224286e-01 3.255886795089162847e-04
2.362410309004954190e-01 3.274822754841092993e-04
2.360733380759112710e-01 3.284331993494712205e-04
2.357662103294824174e-01 3.304802016763014934e-04
2.353480435971950502e-01 3.327811023099122622e-04
2.353410804390029809e-01 3.328155651671687925e-04
2.349445207792715262e-01 3.352368552481259953e-04
2.346249774602523763e-01 3.372564059812986799e-04
2.341534049931539574e-01 3.402028614281378668e-04
2.335721826643441523e-01 3.438865435696028018e-04
2.333787626710638330e-01 3.453139415817646843e-04
2.331855028479432324e-01 3.463166439955267148e-04
2.325653938246122210e-01 3.502840995073961067e-04
2.318097218091171030e-01 3.552522099519724399e-04
2.317822891420725506e-01 3.554730069192195137e-04
2.317548597214459383e-01 3.556202811310720489e-04
2.315081409612339269e-01 3.572443301124170537e-04
2.310154911077428319e-01 3.608135000096889563e-04
2.309334847830252224e-01 3.611125355515208495e-04
2.303329938976984570e-01 3.651738561932244952e-04
2.302103587068156931e-01 3.660067455199442188e-04
2.300605599188214889e-01 3.671455659675559521e-04
2.294351840047341995e-01 3.714285591771342111e-04
2.289198515260640054e-01 3.749840836492669563e-04
2.286761508242780017e-01 3.770087624985619230e-04
2.283245966437288388e-01 3.792014132883760871e-04
2.275153790862908809e-01 3.850578583475538510e-04
2.271118464406047255e-01 3.881002829667826561e-04
2.266017323913175618e-01 3.917748263630699388e-04
2.261195233864856102e-01 3.954022603633637286e-04
2.255715906041954877e-01 3.996008662799015003e-04
2.248918683205593794e-01 4.048489831916884073e-04
2.247322315610984500e-01 4.060245599749369178e-04
2.240384663231315410e-01 4.114209437508053839e-04
2.240152672708848602e-01 4.116127091469948718e-04
2.233534510689210717e-01 4.169322227731906945e-04
2.231949063362486940e-01 4.182294965157487055e-04
2.225355137555166951e-01 4.237222706283431603e-04
2.219831296910968477e-01 4.281329149087041491e-04
2.215107490833750359e-01 4.320075054568562061e-04
2.210262942707467149e-01 4.362784410019742635e-04
2.206212155291429333e-01 4.396345084796597440e-04
2.198392999415373639e-01 4.464242915732995285e-04
2.195208151256805573e-01 4.491601735290086969e-04
2.192676570029849503e-01 4.514450870645319875e-04
2.181804630194015271e-01 4.610833903025174547e-04
2.180513947579700018e-01 4.626138410772714254e-04
2.179224028490033271e-01 4.635729514034090033e-04
2.172914446691463497e-01 4.692723149234328335e-04
2.167136026340013288e-01 4.746483690770266308e-04
2.165854021180915467e-01 4.760266252319379451e-04
2.165597711170418604e-01 4.762238453996784954e-04
2.165341431491985269e-01 4.763224861224143471e-04
2.158161937265635766e-01 4.831657619623108192e-04
2.152566041737271341e-01 4.888148612719977982e-04
2.150910786792754326e-01 4.903357959704063946e-04
2.149002458812648009e-01 4.920588742141461394e-04
2.139359586900534127e-01 5.019466473833091458e-04
2.136260261419300477e-01 5.048136476781719516e-04
2.132786774786238071e-01 5.084335997320642243e-04
2.126234156499736960e-01 5.154312128803054029e-04
2.121960640961609301e-01 5.199343003761328205e-04
2.116693449116081038e-01 5.251288792596584942e-04
2.113189253432568304e-01 5.292780350187016938e-04
2.107444950013194207e-01 5.352306608546866578e-04
2.100721558525223964e-01 5.424847187393300749e-04
2.100224383646546733e-01 5.434968456563216361e-04
2.095631090479207204e-01 5.481315947421954750e-04
2.093152413384031241e-01 5.510911615475497238e-04
2.086837330518108158e-01 5.580976380928669763e-04
2.086104256178722693e-01 5.592547094127427653e-04
2.084870186703465522e-01 5.603851635896287637e-04
2.078895298337192776e-01 5.673629005882506416e-04
2.076989410876086684e-01 5.695409366586241416e-04
2.073980442096457766e-01 5.730906740934347751e-04
2.071833847913685800e-01 5.757078682605377496e-04
2.069138424254787223e-01 5.790561360930365732e-04
2.067669671491999817e-01 5.807375654112523298e-04
2.064979665361953154e-01 5.843570872806288802e-04
2.061317114236846937e-01 5.883646225463338942e-04
2.061195141140334808e-01 5.884864911007145006e-04
2.060707320924434205e-01 5.890962126185424544e-04
2.057782823159440277e-01 5.927678308360232557e-04
2.054984074114549752e-01 5.963388126318048058e-04
2.053525368645182092e-01 5.980704263746698625e-04
2.050853764033467030e-01 6.015487529368010499e-04
2.048549266396718360e-01 6.042959096409387726e-04
2.045763075726735880e-01 6.077475046663397039e-04
2.043796856208141277e-01 6.103017309698479612e-04
2.042376305600695219e-01 6.123591801733645461e-04
2.038030124150875810e-01 6.177090831250782498e-04
2.036824493723527196e-01 6.192461938705675489e-04
2.035860502913549586e-01 6.205300409287955055e-04
2.030326403007798597e-01 6.277648667837895484e-04
2.030086131513700876e-01 6.285495163600212038e-04
2.029845888453647162e-01 6.288099275103206393e-04
2.026245652350961990e-01 6.332534607082363886e-04
2.023370061614974680e-01 6.372002946766378928e-04
2.023010899834141729e-01 6.375963285045839262e-04
2.022651801806938099e-01 6.381247565250404256e-04
2.016198926296567107e-01 6.470413142158444250e-04
2.010956251855550714e-01 6.543183871134839336e-04
2.009261264416466741e-01 6.564562425689583324e-04
2.007389519356283236e-01 6.590786651362680109e-04
2.002525213488272060e-01 6.662151021973527435e-04
1.998382084332886999e-01 6.718963492194504009e-04
1.995782220277643459e-01 6.760840299806078132e-04
1.992242401199055268e-01 6.807206308736266694e-04
1.992124515419619324e-01 6.808616292206423311e-04
1.988826544175427424e-01 6.858150138632993897e-04
1.986121581179179085e-01 6.899465351813937599e-04
1.984711756913487557e-01 6.915917806665334514e-04
1.981891445009514585e-01 6.956815547426685453e-04
1.977209578342393748e-01 7.026183532742738894e-04
1.973352355139103009e-01 7.084816310757081383e-04
1.968279328399785977e-01 7.160788412260097333e-04
1.962290188350580833e-01 7.254082657175568759e-04
1.960897280509449614e-01 7.275146637843887430e-04
1.954757088420645272e-01 7.370694028572156043e-04
1.953456221531041925e-01 7.390948477312863545e-04
1.948866754675441515e-01 7.470590101506166796e-04
1.947483375295560593e-01 7.487629039684007152e-04
1.941385186403707941e-01 7.587538335163596971e-04
1.936222470638160886e-01 7.671284063803007801e-04
1.932788289707837448e-01 7.727894184536404079e-04
1.927990666923436180e-01 7.809144640818382367e-04
1.924115600742566379e-01 7.877369576961980964e-04
1.921328102770398505e-01 7.922363245148877084e-04
1.918204088527740436e-01 7.979173466569930255e-04
1.914801865900337963e-01 8.038888074495906949e-04
1.911801589000092227e-01 8.088991482513782638e-04
1.908128421551651410e-01 8.154593056153195503e-04
1.903729935057055511e-01 8.234358675799418811e-04
1.901703285476027405e-01 8.275390512871849680e-04
1.899903630492717488e-01 8.306298513090105279e-04
1.896533866472192020e-01 8.364995603546119835e-04
1.895075492141717055e-01 8.394499511358401514e-04
1.893730295835782951e-01 8.417131518850365672e-04
1.889364998911026161e-01 8.499465205721256321e-04
1.888463813633764199e-01 8.515212639830250499e-04
1.888023856129308342e-01 8.529443396956282999e-04
1.882223229554125521e-01 8.634308010811664541e-04
1.882000484784161209e-01 8.639674420842786799e-04
1.881777766374105598e-01 8.643253880369179080e-04
1.879329602725567927e-01 8.689922029988662693e-04
1.878884824376225171e-01 8.704332091566480481e-04
1.875885322609291972e-01 8.758582965352181221e-04
1.875496849065877436e-01 8.764934218783367341e-04
1.875108455970713739e-01 8.772198433822875558e-04
1.870232655746819905e-01 8.875450914983512140e-04
1.869126288687144033e-01 8.893851870306993283e-04
1.868020576117199738e-01 8.911829532052479349e-04
1.865797311973796113e-01 8.956469076976519015e-04
1.864045424058523026e-01 8.993878262716687886e-04
1.862612032308792187e-01 9.021862480478463940e-04
1.860959488335715839e-01 9.057434187790309619e-04
1.858098551217441941e-01 9.113885815988202743e-04
1.856340161071767525e-01 9.155507168202629787e-04
1.853925091352660870e-01 9.201129091321578503e-04
1.852156950683362391e-01 9.235494659873346194e-04
1.849870466751034337e-01 9.287283824270389050e-04
1.846917284277245497e-01 9.347103694033959478e-04
1.846698717659232547e-01 9.354850400345173737e-04
1.846480176906680482e-01 9.358726160790812243e-04
1.843396049976684659e-01 9.420469382563478183e-04
1.843368779825944881e-01 9.420957162495152085e-04
1.843205167393096866e-01 9.424860311296879949e-04
1.840589342555803420e-01 9.483601970256713655e-04
1.840262625580695310e-01 9.489496234936712271e-04
1.839935966600045603e-01 9.495394163030288371e-04
1.837107349891790031e-01 9.558533940836650040e-04
1.836455209980505932e-01 9.570171543798746631e-04
1.834663018638279519e-01 9.610144028688752480e-04
1.834066010273940339e-01 9.630068180443746191e-04
1.832981038191560663e-01 9.648035232567419434e-04
1.831896707942360925e-01 9.674046837591736801e-04
1.830758851538215326e-01 9.697115555341585509e-04
1.829513438776149692e-01 9.726280622632822162e-04
1.829080450349735154e-01 9.738374569261072687e-04
1.827565797686989679e-01 9.766652291388331665e-04
1.826052399300779061e-01 9.801099937567312598e-04
1.825944347383877120e-01 9.803130049227599171e-04
1.824540254152443031e-01 9.839744048921010566e-04
1.823029361204181187e-01 9.868316121810567949e-04
1.819149950553746731e-01 9.956592992314274807e-04
1.818181388483435801e-01 9.981369034135656893e-04
1.817320877352127662e-01 9.999991516795355816e-04
1.819149950553746731e-01 9.999991516795355816e-04
1.832981038191560663e-01 9.999991516795355816e-04
1.846917284277245497e-01 9.999991516795355816e-04
1.860959488335715839e-01 9.999991516795355816e-04
1.889364998911026161e-01 9.999991516795355816e-04
1.947483375295560593e-01 9.999991516795355816e-04
