#  mHNL (GeV) Ualpha4^2
1.599364500609265771e-01 9.999991516795355816e-04
1.623777049899342295e-01 9.999991516795355816e-04
1.673725728849683736e-01 9.999991516795355816e-04
1.725210869058077523e-01 9.999991516795355816e-04
1.832981038191560663e-01 9.999991516795355816e-04
2.069138424254787223e-01 9.999991516795355816e-04
2.636651268715112240e-01 9.999991516795355816e-04
3.359818672025672859e-01 9.999991516795355816e-04
4.281332781029243417e-01 9.999991516795355816e-04
5.455595129145569544e-01 9.999991516795355816e-04
6.951928227826671414e-01 9.999991516795355816e-04
8.858668017108227710e-01 9.999991516795355816e-04
1.128837877284437630e+00 9.999991516795355816e-04
1.438449833238024445e+00 9.999991516795355816e-04
1.528306664422221184e+00 9.999991516795355816e-04
1.623776656332565516e+00 9.999991516795355816e-04
1.673725323176478597e+00 9.999991516795355816e-04
1.699272909067331083e+00 9.999991516795355816e-04
1.712192565590818560e+00 9.999991516795355816e-04
1.718689183104643359e+00 9.999991516795355816e-04
1.721539199120460273e+00 9.999991516795355816e-04
1.722774823767284413e+00 9.950666203593827499e-04
1.724802147724145085e+00 9.868316121810567949e-04
1.725210450906040194e+00 9.854019729656361259e-04
1.727049011665869216e+00 9.774746711801536505e-04
1.728071280812967014e+00 9.738374569261072687e-04
1.729401135379509569e+00 9.692095941764338135e-04
1.731551524191185409e+00 9.614125558537900016e-04
1.731346610108795314e+00 9.610144028688752480e-04
1.731551524191185409e+00 9.606164147723828548e-04
1.731756462526247153e+00 9.606164147723828548e-04
1.735141449091018195e+00 9.483601970256713655e-04
1.736284090483170450e+00 9.444644831472418347e-04
1.738327311851390222e+00 9.374487956804543722e-04
1.738738816773007345e+00 9.358726160790812243e-04
1.740900816335471113e+00 9.283437650477601539e-04
1.742459635962170017e+00 9.235494659873346194e-04
1.744923093123829538e+00 9.153611171539873101e-04
1.745542729249428104e+00 9.125218292698575491e-04
1.746162585412763368e+00 9.113885815988202743e-04
1.747920040153118082e+00 9.059310263217967493e-04
1.748023474910699981e+00 9.049933770404330413e-04
1.749989898678480538e+00 8.993878262716687886e-04
1.750507746179757351e+00 8.975270357558113579e-04
1.751543900943511867e+00 8.945577753808159035e-04
1.753618050785970661e+00 8.875450914983512140e-04
1.755486885590564983e+00 8.827786405473363879e-04
1.757773721903128417e+00 8.758582965352181221e-04
1.758189830269326848e+00 8.752236314171181952e-04
1.760480187651795703e+00 8.682725947640690606e-04
1.764860976420469463e+00 8.566621300919882937e-04
1.766114631426775494e+00 8.529443396956282999e-04
1.768729273613198316e+00 8.464331611973171642e-04
1.770928564201744493e+00 8.406678404870413131e-04
1.771557435077806497e+00 8.391023069307635644e-04
1.774967701928860553e+00 8.306298513090105279e-04
1.776281090359337123e+00 8.273676777902595411e-04
1.778279302285249885e+00 8.225836017594188735e-04
1.778489771101449346e+00 8.196924906548966067e-04
1.778489771101449346e+00 8.193530286727543702e-04
1.779331895496773841e+00 8.105761917312818109e-04
1.779331895496773841e+00 8.088991482513782638e-04
1.779647794937717187e+00 8.067241778897450179e-04
1.780174418642492373e+00 8.012293274709710034e-04
1.780385111755795391e+00 7.982479277308440540e-04
1.780809865852417628e+00 7.942848373233332010e-04
1.780911953643356416e+00 7.918262314116107170e-04
1.781228133605031294e+00 7.877369576961980964e-04
1.781860661940442681e+00 7.822094153455674739e-04
1.782071554629611088e+00 7.773643913920616705e-04
1.782598895560183472e+00 7.736702064084590748e-04
1.782915375018546023e+00 7.671284063803007801e-04
1.783970712398930569e+00 7.585967046200821698e-04
1.784185154122461148e+00 7.570272042198273156e-04
1.784234644334558473e+00 7.558522102763740036e-04
1.785026674451132278e+00 7.478330261398777453e-04
1.785079488958009275e+00 7.470590101506166796e-04
1.785885103837210330e+00 7.384636887591453872e-04
1.786083261544904044e+00 7.356967954754344225e-04
1.786823244608390482e+00 7.275146637843887430e-04
1.787351991633240544e+00 7.212137481049490364e-04
1.788198312337269114e+00 7.134881704289646387e-04
1.788621622953938672e+00 7.084816310757081383e-04
1.788939171676681594e+00 7.045308880642605623e-04
1.790209930438144026e+00 6.920932858400652291e-04
1.790315867738433431e+00 6.899465351813937599e-04
1.791799648349591934e+00 6.753143394004093537e-04
1.792011717370679103e+00 6.721747191754016233e-04
1.792011717370679103e+00 6.718963492194504009e-04
1.792011717370679103e+00 6.716180945457766093e-04
1.793549968590504751e+00 6.565582192587489721e-04
1.793709173370844123e+00 6.543183871134839336e-04
1.794983320465203036e+00 6.411717277974176600e-04
1.795833254644148669e+00 6.322051067085064473e-04
1.796258372639851109e+00 6.205300409287955055e-04
1.796683591271462044e+00 6.100805722417303872e-04
1.797108910562804196e+00 5.980704263746698625e-04
1.797321607963320522e+00 5.884864911007145006e-04
1.797959851220001459e+00 5.800163558222030122e-04
1.798172649333871886e+00 5.730906740934347751e-04
1.798385472633531101e+00 5.657787814562850607e-04
1.798811194802139690e+00 5.580976380928669763e-04
1.799077322332806927e+00 5.512623925111240350e-04
1.799024093677052294e+00 5.434968456563216361e-04
1.799662941500006497e+00 5.352306608546866578e-04
1.799875941183672223e+00 5.292780350187016938e-04
1.800088966076983654e+00 5.238253892244073770e-04
1.800941317806366460e+00 5.063319263786828037e-04
1.801161130167474145e+00 5.019466473833091458e-04
1.801261053745966123e+00 4.979086175607758775e-04
1.802113960465113296e+00 4.790927370536683422e-04
1.802220602197202703e+00 4.760266252319379451e-04
1.802220602197202703e+00 4.730781048529849502e-04
1.803340721459316454e+00 4.532719962123032335e-04
1.803287366663900437e+00 4.514450870645319875e-04
1.803500795317566796e+00 4.497652455770710764e-04
1.804354762566297454e+00 4.290205379393770258e-04
1.804141232853024857e+00 4.281329149087041491e-04
1.804581665577741356e+00 4.274352045065511144e-04
1.805048908687285181e+00 4.172345596033531822e-04
1.804995503352345931e+00 4.169322227731906945e-04
1.805102315602355567e+00 4.166732512942203500e-04
1.805422790278152334e+00 4.105059637080838483e-04
1.805636471670564402e+00 4.061927779433873787e-04
1.805636471670564402e+00 4.060245599749369178e-04
1.805636471670564402e+00 4.058564116711541546e-04
1.805850178353306079e+00 4.006782110086975091e-04
1.806063910329370747e+00 3.958939152948898199e-04
1.805850178353306079e+00 3.954022603633637286e-04
1.806063910329370747e+00 3.949112160109911180e-04
1.806491450173443258e+00 3.858561763728890178e-04
1.806705258047439422e+00 3.850578583475538510e-04
1.806758713969774499e+00 3.840622830929683483e-04
1.807186418290994023e+00 3.762677116521806063e-04
1.807239888449665877e+00 3.749840836492669563e-04
1.807346833513204132e+00 3.735887559806300401e-04
1.807667706676745256e+00 3.667655659829176674e-04
1.807560742626369343e+00 3.651738561932244952e-04
1.807774677056815937e+00 3.635137592254771791e-04
1.808042130701866812e+00 3.603654109388861873e-04
1.808202621881540351e+00 3.575404075923856737e-04
1.808202621881540351e+00 3.556202811310720489e-04
1.808470138839461283e+00 3.535273718332644470e-04
1.808630668011353082e+00 3.484751072004741920e-04
1.808871488487211687e+00 3.463166439955267148e-04
1.808951769104602647e+00 3.439577731342801617e-04
1.809276272902502036e+00 3.397825675361391311e-04
1.809272927205572978e+00 3.372564059812986799e-04
1.809487064282173874e+00 3.346125604661489422e-04
1.809754771268644813e+00 3.311996625570850540e-04
1.809915414471161554e+00 3.284331993494712205e-04
1.810132974870682920e+00 3.254517359973594509e-04
1.810129627589548429e+00 3.241085385557273386e-04
1.810236743656027825e+00 3.228356511317908412e-04
1.810129627589548429e+00 3.198408229521101042e-04
1.810665271312602131e+00 3.166113750574920164e-04
1.810772419076285500e+00 3.147154504040594516e-04
1.810986733625727041e+00 3.114732378739579893e-04
1.811201073540435358e+00 3.080091544822745591e-04
1.811201073540435358e+00 3.067359604350786725e-04
1.811469034108301512e+00 3.033245631881499225e-04
1.811629829477662490e+00 2.997027181072799097e-04
1.811629829477662490e+00 2.989587873847095634e-04
1.811844245506186502e+00 2.953890718229651782e-04
1.812273153698070738e+00 2.918619804279268086e-04
1.812286558714974127e+00 2.915070678924088572e-04
1.812286558714974127e+00 2.914919748084256082e-04
1.812487645867438601e+00 2.876611865367112442e-04
1.812755796778970252e+00 2.841380846274590348e-04
1.812809431721722042e+00 2.835795809823264874e-04
1.812702163423095980e+00 2.801354759979144651e-04
1.813238568396974060e+00 2.769625513921985648e-04
1.813345868437852282e+00 2.758748227253156175e-04
1.813560487568716795e+00 2.728066509680584324e-04
1.813775132100897247e+00 2.699961847487225542e-04
1.813775132100897247e+00 2.684349897557976230e-04
1.814043473491303571e+00 2.656695605841874214e-04
1.814204497381231906e+00 2.631505346699001776e-04
1.814425928568444535e+00 2.610842458288362058e-04
1.814419218135399969e+00 2.587191887387640661e-04
1.814633964302911462e+00 2.564784534325968419e-04
1.814956131210777590e+00 2.539939657427319245e-04
1.815063532889996667e+00 2.519506505542364288e-04
1.815063532889996667e+00 2.499755402651708622e-04
1.815063532889996667e+00 2.472978244583251789e-04
1.815063532889996667e+00 2.453591889498369575e-04
1.815285068926057788e+00 2.435397600065732191e-04
1.815332064894582764e+00 2.407034265541308730e-04
1.815278355315587566e+00 2.389401712981987830e-04
1.815385776062711010e+00 2.372143960510878088e-04
1.815385776062711010e+00 2.343819390142464366e-04
1.815278355315587566e+00 2.326890861694401349e-04
1.815385776062711010e+00 2.310084601658581580e-04
1.815493203166555158e+00 2.282028371857317581e-04
1.815278355315587566e+00 2.266015401604312164e-04
1.815493203166555158e+00 2.222326591527881202e-04
1.815278355315587566e+00 2.206732548070114615e-04
1.815493203166555158e+00 2.191247927859268430e-04
1.815761798739285560e+00 2.149000635769887993e-04
1.815815522622171274e+00 2.106258786490070782e-04
1.815815522622171274e+00 2.092779089418066499e-04
1.815815522622171274e+00 2.079385660108751190e-04
1.815922975156658570e+00 2.038028395248218916e-04
1.815922975156658570e+00 2.025404798294274885e-04
1.815922975156658570e+00 1.997080035066875004e-04
1.815922975156658570e+00 1.984710073241891654e-04
1.815922975156658570e+00 1.972416731258309170e-04
1.816151332905456828e+00 1.943977244618195707e-04
1.816137899301814018e+00 1.932786650083982173e-04
1.816191634312581682e+00 1.921809728360126136e-04
1.816245370913234458e+00 1.892776420540224537e-04
1.816137899301814018e+00 1.882221632825646759e-04
1.816245370913234458e+00 1.871725702323410719e-04
1.816352848884385418e+00 1.842876422740399346e-04
1.816137899301814018e+00 1.832979483236239098e-04
1.816352848884385418e+00 1.823135694019499347e-04
1.816352848884385418e+00 1.794663611400460423e-04
1.816137899301814018e+00 1.785025592826248845e-04
1.816352848884385418e+00 1.775439334036682992e-04
1.816581260691091382e+00 1.746943117475003237e-04
1.816594697574188233e+00 1.738326258523671761e-04
1.816621571638552535e+00 1.729886250806739396e-04
1.816675320959983519e+00 1.700931813855225002e-04
1.816675320959983519e+00 1.692848658986729820e-04
1.816675320959983519e+00 1.684803916823609019e-04
1.816782824373819105e+00 1.656089489718070640e-04
1.816782824373819105e+00 1.648560831536297695e-04
1.816782824373819105e+00 1.641066398977216335e-04
1.816782824373819105e+00 1.612763345249249784e-04
1.816782824373819105e+00 1.605431649691819215e-04
1.816782824373819105e+00 1.598133284356026580e-04
1.817024730315168091e+00 1.569838977170024850e-04
1.816997850286703908e+00 1.563430801294911267e-04
1.817051610741285961e+00 1.557129405981146303e-04
1.817105372786505857e+00 1.528531845593827725e-04
1.816997850286703908e+00 1.522528767205294726e-04
1.817105372786505857e+00 1.516549265002133638e-04
1.817212901649049472e+00 1.488234568586160097e-04
1.816997850286703908e+00 1.482696800554083618e-04
1.817212901649049472e+00 1.477179638732495890e-04
1.817212901649049472e+00 1.449299797052145181e-04
1.816997850286703908e+00 1.443906906539841630e-04
1.817212901649049472e+00 1.438534083144181041e-04
1.817481751644874022e+00 1.410653037562190494e-04
1.817481751644874022e+00 1.406131822753204242e-04
1.817535526416895530e+00 1.401770251158109709e-04
1.817643080734171024e+00 1.373321223885162518e-04
1.817643080734171024e+00 1.369345000016239670e-04
1.817643080734171024e+00 1.365380288644160516e-04
1.817643080734171024e+00 1.337392782748642126e-04
1.817643080734171024e+00 1.333520583723095832e-04
1.817643080734171024e+00 1.329659596007709403e-04
1.817885101219273825e+00 1.301797516870166829e-04
1.817858208462972858e+00 1.298633395668802835e-04
1.817911994373416773e+00 1.295544043263520623e-04
1.817965781875252151e+00 1.267543353164882257e-04
1.817858208462972858e+00 1.264658916353462884e-04
1.817965781875252151e+00 1.261781043400942196e-04
1.818073361653285813e+00 1.234126616857455464e-04
1.817858208462972858e+00 1.231573267749389901e-04
1.818073361653285813e+00 1.229025201398846240e-04
1.818315439430602698e+00 1.201279822990016037e-04
1.818315439430602698e+00 1.199353196519102296e-04
1.818315439430602698e+00 1.197429659994001064e-04
1.818396139185680882e+00 1.169670578711005238e-04
1.818396139185680882e+00 1.167976057672351879e-04
1.818396139185680882e+00 1.166283991514245952e-04
1.818503744430499891e+00 1.138834100260193024e-04
1.818503744430499891e+00 1.137419798650716443e-04
1.818503744430499891e+00 1.136007253441967846e-04
1.818772785401788550e+00 1.108466161438125680e-04
1.818718974023428858e+00 1.107662943828562567e-04
1.818772785401788550e+00 1.106860308247166843e-04
1.818934229089925303e+00 1.079131483736221671e-04
1.818718974023428858e+00 1.078684579419496108e-04
1.818934229089925303e+00 1.078237860180744406e-04
1.818934229089925303e+00 1.050899551310174185e-04
1.818718974023428858e+00 1.050464338777685487e-04
1.818934229089925303e+00 1.050029306481212654e-04
1.819149509633004147e+00 1.044822950194124845e-04
1.819176421492361362e+00 1.036632296371081978e-04
1.819203333749843443e+00 1.036524953702659826e-04
1.819257159459204187e+00 1.023194279451786502e-04
1.819257159459204187e+00 1.022982388083721272e-04
1.819257159459204187e+00 1.022770540595838596e-04
1.819364815655680534e+00 9.966321509981565594e-05
1.819364815655680534e+00 9.962194124049628379e-05
1.819364815655680534e+00 9.958068447405777398e-05
1.819364815655680534e+00 9.705585427635145257e-05
1.819364815655680534e+00 9.701566021205689123e-05
1.819257159459204187e+00 9.449713320275123798e-05
1.819257159459204187e+00 9.447756397016773648e-05
1.819257159459204187e+00 9.445799879013964538e-05
1.819257159459204187e+00 9.202492595160277177e-05
1.819257159459204187e+00 9.200586868374300491e-05
1.819257159459204187e+00 9.198681536241683546e-05
1.819203333749843443e+00 8.960811605782651639e-05
1.819203333749843443e+00 8.959883718978081636e-05
1.819203333749843443e+00 8.958955928255653170e-05
1.819152873593651742e+00 8.725534250234045792e-05
1.819156237560519696e+00 8.725477777244626228e-05
1.819149509633004147e+00 8.723670834555087843e-05
1.818934229089925303e+00 8.500724730864323085e-05
1.818718974023428858e+00 8.497204297409480841e-05
1.818934229089925303e+00 8.493685321883477830e-05
1.818718974023428858e+00 8.274902843740260976e-05
1.818934229089925303e+00 8.061755819575916395e-05
1.818718974023428858e+00 8.058417177778829591e-05
1.818934229089925303e+00 8.055079918624595537e-05
1.818718974023428858e+00 7.847595148533353926e-05
1.818934229089925303e+00 7.844345197808490363e-05
1.818826598372292880e+00 7.647038433947340563e-05
1.818718974023428858e+00 7.642288585543180956e-05
1.818826598372292880e+00 7.637541687439329497e-05
1.818826598372292880e+00 7.446978778955976367e-05
1.818718974023428858e+00 7.442353194741305460e-05
1.818826598372292880e+00 7.437730483642024902e-05
1.818772785401788550e+00 7.252904062007607883e-05
1.818718974023428858e+00 7.247648457041266034e-05
1.818772785401788550e+00 7.242396660395472206e-05
1.818745879513593566e+00 7.063521360116056672e-05
1.818718974023428858e+00 7.058037529577182749e-05
1.818745879513593566e+00 7.052557956461173597e-05
1.818503744430499891e+00 6.881933723553738046e-05
1.818503744430499891e+00 6.873387149527459433e-05
1.818503744430499891e+00 6.864851189367939237e-05
1.818503744430499891e+00 6.701890521430466520e-05
1.818503744430499891e+00 6.693567540454728102e-05
1.818503744430499891e+00 6.685254895668772722e-05
1.818503744430499891e+00 6.526557558599368201e-05
1.818503744430499891e+00 6.518452321096071327e-05
1.818503744430499891e+00 6.510357149370087678e-05
1.818503744430499891e+00 6.355811607113323158e-05
1.818503744430499891e+00 6.347918416539377075e-05
1.818503744430499891e+00 6.340035028404726104e-05
1.818503744430499891e+00 6.189532662879894832e-05
1.818503744430499891e+00 6.181845971723553504e-05
1.818503744430499891e+00 6.174168826557863501e-05
1.818503744430499891e+00 6.027603861319741417e-05
1.818503744430499891e+00 6.020118267201690545e-05
1.818503744430499891e+00 6.012641969334784443e-05
1.818396139185680882e+00 5.871127235866210669e-05
1.818396139185680882e+00 5.862621637108006043e-05
1.818396139185680882e+00 5.854128360550859189e-05
1.818396139185680882e+00 5.717528466961960352e-05
1.818396139185680882e+00 5.709245389270943685e-05
1.818396139185680882e+00 5.700974311411047106e-05
1.818396139185680882e+00 5.567948105573204638e-05
1.818396139185680882e+00 5.559881727416179020e-05
1.818396139185680882e+00 5.551827035154088363e-05
1.818342338951018267e+00 5.422842555437085903e-05
1.818342338951018267e+00 5.414425675405006364e-05
1.818342338951018267e+00 5.406021859346064147e-05
1.818342338951018267e+00 5.280971683453875796e-05
1.818342338951018267e+00 5.272775003454771271e-05
1.818342338951018267e+00 5.264591045652836733e-05
1.818315439430602698e+00 5.143078685356158310e-05
1.818315439430602698e+00 5.134830156289442411e-05
1.818315439430602698e+00 5.126594856309026234e-05
1.818315439430602698e+00 5.008526916553987209e-05
1.818315439430602698e+00 5.000494183169944701e-05
1.818315439430602698e+00 4.992474332776587455e-05
1.818301989819621545e+00 4.877621526659959168e-05
1.818301989819621545e+00 4.869672669754990284e-05
1.818295265051437237e+00 4.861673835170345049e-05
1.818291902676671734e+00 4.750106802556883207e-05
1.817858208462972858e+00 4.742273671744569612e-05
1.818073361653285813e+00 4.732462133702562256e-05
1.818073361653285813e+00 4.627782311137058435e-05
1.817858208462972858e+00 4.618207650259433173e-05
1.818073361653285813e+00 4.608652798898494967e-05
1.818073361653285813e+00 4.506711580221006626e-05
1.817858208462972858e+00 4.497387408911123592e-05
1.818073361653285813e+00 4.488082528866960163e-05
1.818073361653285813e+00 4.388808267497730113e-05
1.817858208462972858e+00 4.379728032518420894e-05
1.818073361653285813e+00 4.370666584112198246e-05
1.818073361653285813e+00 4.273989507869027578e-05
1.817858208462972858e+00 4.265146827427058524e-05
1.818073361653285813e+00 4.256322442069169836e-05
1.818073361653285813e+00 4.162174604129931476e-05
1.817858208462972858e+00 4.153563263390737913e-05
1.818073361653285813e+00 4.053284970252906544e-05
1.817858208462972858e+00 4.044898916972666802e-05
1.818073361653285813e+00 4.036530214036685436e-05
1.817858208462972858e+00 3.939077416427809420e-05
1.817965781875252151e+00 3.844773600807917610e-05
1.817858208462972858e+00 3.836024388027109276e-05
1.817965781875252151e+00 3.827295085059525024e-05
1.817643080734171024e+00 3.735667403785961126e-05
1.817643080734171024e+00 3.724851398295796055e-05
1.817535526416895530e+00 3.649255273374298064e-05
1.817535526416895530e+00 3.637935930560178330e-05
1.817535526416895530e+00 3.626651698340452627e-05
1.817431339241069699e+00 3.554497583391081885e-05
1.816997850286703908e+00 3.542761280473729783e-05
1.817212901649049472e+00 3.529578553383252076e-05
1.817212901649049472e+00 3.462962355402671470e-05
1.816997850286703908e+00 3.450076562643367633e-05
1.817105372786505857e+00 3.436526907062628780e-05
1.817024730315168091e+00 3.373587821878318570e-05
1.816997850286703908e+00 3.359816636166191971e-05
1.816782824373819105e+00 3.344542756847367103e-05
1.816782824373819105e+00 3.286860280744310621e-05
1.816782824373819105e+00 3.271918064337163597e-05
1.816675320959983519e+00 3.256369280890562199e-05
1.816621571638552535e+00 3.201864923167370875e-05
1.816594697574188233e+00 3.186319070064368137e-05
1.816574542286813809e+00 3.170561397009548328e-05
1.816352848884385418e+00 3.119713527431161549e-05
1.816137899301814018e+00 3.102959492450680436e-05
1.816352848884385418e+00 3.086295432939311538e-05
1.816245370913234458e+00 3.038725749138903594e-05
1.816137899301814018e+00 3.021780744511345199e-05
1.816164766608465042e+00 3.004463505124499122e-05
1.815922975156658570e+00 2.961066690377555692e-05
1.815922975156658570e+00 2.942725771997706767e-05
1.815922975156658570e+00 2.924498457707933713e-05
1.815815522622171274e+00 2.884197384744103295e-05
1.815761798739285560e+00 2.865739013298213009e-05
1.815761798739285560e+00 2.847103925803347191e-05
1.815493203166555158e+00 2.810487523219211468e-05
1.815278355315587566e+00 2.790766360388477658e-05
1.815493203166555158e+00 2.771183580760011811e-05
1.815385776062711010e+00 2.737527253494993811e-05
1.815278355315587566e+00 2.717755120802929769e-05
1.815332064894582764e+00 2.697846405461006147e-05
1.815063532889996667e+00 2.667565760622461957e-05
1.815063532889996667e+00 2.646653980601363339e-05
1.815063532889996667e+00 2.625906133762384031e-05
1.815063532889996667e+00 2.597777660255686164e-05
1.814956131210777590e+00 2.577412968304356423e-05
1.814902432754397443e+00 2.556413610860798063e-05
1.814862159954736764e+00 2.530797931428143254e-05
1.814419218135399969e+00 2.509983419772183986e-05
1.814633964302911462e+00 2.488244759822012529e-05
1.814633964302911462e+00 2.465672835391392019e-05
1.814419218135399969e+00 2.444317944002575825e-05
1.814526588042299826e+00 2.422646199583660125e-05
1.814446060016484896e+00 2.402037041273390942e-05
1.814204497381231906e+00 2.380370389823239111e-05
1.814204497381231906e+00 2.357800191399374063e-05
1.814204497381231906e+00 2.340285939093266827e-05
1.814097146533211857e+00 2.318095813455786058e-05
1.814097146533211857e+00 2.295640591836278061e-05
1.814043473491303571e+00 2.279768173433792240e-05
1.813996510882295521e+00 2.257450446928250035e-05
1.813775132100897247e+00 2.234194092288795260e-05
1.813775132100897247e+00 2.221275344442959844e-05
1.813560487568716795e+00 2.198391667313951092e-05
1.813667806659454484e+00 2.175293168186112394e-05
1.813614146320271070e+00 2.163835089594336988e-05
1.813560487568716795e+00 2.140877966775154263e-05
1.813345868437852282e+00 2.117067960307350915e-05
1.813345868437852282e+00 2.108316797280708208e-05
1.813345868437852282e+00 2.084868923390423412e-05
1.813238568396974060e+00 2.061254877782124907e-05
1.813238568396974060e+00 2.053584883005029116e-05
1.813158097532999724e+00 2.030325172745195135e-05
1.812916706368047359e+00 2.006082087509426532e-05
1.812916706368047359e+00 2.001102532748224338e-05
1.812702163423095980e+00 1.977208380265575287e-05
1.812809431721722042e+00 1.953194968530834610e-05
1.812809431721722042e+00 1.949153901299438801e-05
1.812702163423095980e+00 1.925481214275937019e-05
1.812487645867438601e+00 1.900914574911397048e-05
1.812487645867438601e+00 1.899340436757991982e-05
1.812487645867438601e+00 1.875107319761383037e-05
1.812380396609656330e+00 1.850800027796178953e-05
1.812380396609656330e+00 1.850033549814321247e-05
1.812326774360612403e+00 1.826051292816634902e-05
1.812058686911988126e+00 1.802753250104415311e-05
1.812058686911988126e+00 1.801260398868689776e-05
1.811844245506186502e+00 1.778278655763357351e-05
1.811951463036739929e+00 1.755953766994391947e-05
1.811951463036739929e+00 1.753773073390067747e-05
1.811844245506186502e+00 1.731755832918476916e-05
1.811629829477662490e+00 1.711077813048278147e-05
1.811629829477662490e+00 1.706830526397446466e-05
1.811629829477662490e+00 1.686450126996436597e-05
1.811522630978941173e+00 1.666658224728550716e-05
1.811522630978941173e+00 1.664243709498837838e-05
1.811522630978941173e+00 1.661832692217119110e-05
1.811469034108301512e+00 1.642329696128810496e-05
1.811201073540435358e+00 1.624064348316395028e-05
1.811201073540435358e+00 1.617351076874787622e-05
1.810986733625727041e+00 1.599363531485124826e-05
1.811093900412235058e+00 1.581903629962831733e-05
1.810772419076285500e+00 1.532562527686432265e-05
1.810665271312602131e+00 1.516774000545332337e-05
1.810564826042337261e+00 1.501750621242659447e-05
1.810156406011936614e+00 1.451692712152530643e-05
1.809915414471161554e+00 1.438449310266572454e-05
1.809915414471161554e+00 1.425991076413265650e-05
1.809808317418504009e+00 1.412762679101367232e-05
1.809727998787812542e+00 1.400817006568845242e-05
1.809487064282173874e+00 1.389835617647304339e-05
1.809487064282173874e+00 1.374947821831981741e-05
1.809272927205572978e+00 1.364169228548519746e-05
1.809299692954236427e+00 1.353965776380050409e-05
1.809058815470235171e+00 1.337868025875328639e-05
1.809058815470235171e+00 1.328480219323496362e-05
1.808951769104602647e+00 1.319431525495355718e-05
1.808858108730703407e+00 1.302361256572562080e-05
1.808416632281812042e+00 1.293724895855937836e-05
1.808630668011353082e+00 1.285711532699346971e-05
1.808523646980236377e+00 1.267468656778609066e-05
1.808416632281812042e+00 1.259878831323337265e-05
1.808202621881540351e+00 1.253112808153081509e-05
1.808202621881540351e+00 1.233542826872067610e-05
1.808095626178944038e+00 1.226918237950804011e-05
1.808042130701866812e+00 1.220708397221109699e-05
1.807995323457776582e+00 1.210762729886134658e-05
1.807774677056815937e+00 1.200276461706828394e-05
1.807560742626369343e+00 1.194819950292486459e-05
1.807774677056815937e+00 1.189388244427336719e-05
1.807574112786523912e+00 1.168421347001112305e-05
1.807346833513204132e+00 1.163561408950367523e-05
1.807346833513204132e+00 1.159231760042961538e-05
1.807239888449665877e+00 1.137117238217260631e-05
1.807186418290994023e+00 1.133120644719015743e-05
1.807159683804911987e+00 1.129313503022691901e-05
1.806919091226734775e+00 1.106680472936132241e-05
1.806705258047439422e+00 1.103476263145133163e-05
1.806812171473737516e+00 1.100509232987795591e-05
1.806705258047439422e+00 1.088946183538371803e-05
1.806491450173443258e+00 1.076835350471042093e-05
1.806491450173443258e+00 1.074607429491053886e-05
1.806491450173443258e+00 1.072384117973311815e-05
1.806291028271260757e+00 1.048256339965707746e-05
1.806281007759864110e+00 1.046493854091623385e-05
1.806063910329370747e+00 1.045194228499265856e-05
1.805957041179486078e+00 1.020171667784846816e-05
1.805850178353306079e+00 1.019115778094159623e-05
1.805957041179486078e+00 1.018060981261737013e-05
1.805636471670564402e+00 9.928651381190904329e-06
1.805636471670564402e+00 9.924539595714908694e-06
1.805636471670564402e+00 9.920429513066335108e-06
1.805422790278152334e+00 9.720603493338703503e-06
1.804995503352345931e+00 9.664896599983035567e-06
1.805209134173077157e+00 9.660894044153341874e-06
1.805048908687285181e+00 9.418871420726370375e-06
1.804995503352345931e+00 9.412046310812756394e-06
1.805022205822301995e+00 9.404739181073739796e-06
1.804354762566297454e+00 8.944523458282769928e-06
1.804141232853024857e+00 8.926017665860570848e-06
1.804354762566297454e+00 8.907550161040251013e-06
1.803820985662281773e+00 8.491425951055148977e-06
1.803767616657460771e+00 8.465087053356744023e-06
1.803767616657460771e+00 8.437956018349616080e-06
1.803287366663900437e+00 8.243625841935564171e-06
1.803073963267661117e+00 8.064620568131240883e-06
1.803073963267661117e+00 8.027958436042297060e-06
1.803073963267661117e+00 7.991462971674166325e-06
1.802887256012585482e+00 7.817933259776692562e-06
1.802647232235508934e+00 7.654510301941180802e-06
1.802433904593619074e+00 7.613402702724282291e-06
1.802487234137211791e+00 7.570163721579439110e-06
1.802033983307167020e+00 7.267889087949184508e-06
1.801580846450919760e+00 7.220254212280777509e-06
1.801794073128839990e+00 7.169589760713819284e-06
1.801367645006524798e+00 6.901510349647937078e-06
1.801367645006524798e+00 6.847407516129962407e-06
1.801261053745966123e+00 6.792321909121090903e-06
1.800834751772614428e+00 6.551904565715922671e-06
1.800728192044631415e+00 6.493814249947601064e-06
1.800515091504478971e+00 6.432241195276926885e-06
1.800088966076983654e+00 6.222585538126238604e-06
1.799875941183672223e+00 6.158480185893183540e-06
1.799929195043479258e+00 6.093142033883844637e-06
1.799662941500006497e+00 5.997363770446456701e-06
1.799476587454241328e+00 5.908289328438051637e-06
1.799024093677052294e+00 5.840462437056152601e-06
1.799130552563465102e+00 5.769529382845912802e-06
1.798811194802139690e+00 5.687665911938605989e-06
1.798704754812894713e+00 5.611610944252893205e-06
1.798604973043129496e+00 5.538866806261672724e-06
1.798385472633531101e+00 5.468198060023700577e-06
1.798385472633531101e+00 5.463669871692532830e-06
1.798172649333871886e+00 5.393960540669417709e-06
1.797959851220001459e+00 5.329553988014094770e-06
1.797959851220001459e+00 5.316324815538383615e-06
1.797853461606805814e+00 5.252845271781416191e-06
1.797534330537705838e+00 5.194425183464154742e-06
1.797534330537705838e+00 5.172953382623338264e-06
1.797321607963320522e+00 5.115421820614954529e-06
1.797334902386673150e+00 5.060494864666529467e-06
1.797108910562804196e+00 5.033448411688952370e-06
1.797108910562804196e+00 4.981593602879782799e-06
1.796949404030976361e+00 4.931804902518709574e-06
1.796683591271462044e+00 4.897705631417405469e-06
1.796470969374679205e+00 4.851266561096513232e-06
1.796577277177640264e+00 4.806263136743047946e-06
1.796497545735671775e+00 4.767844863906022136e-06
1.796258372639851109e+00 4.724349098490911324e-06
1.796258372639851109e+00 4.683432087753318867e-06
1.796098941599471477e+00 4.639505134585406065e-06
1.795620733377319533e+00 4.600752014617623239e-06
1.795833254644148669e+00 4.564685457053598311e-06
1.795726990866792327e+00 4.514853785272023921e-06
1.795620733377319533e+00 4.480388442668102868e-06
1.795301998632481855e+00 4.393096541488800237e-06
1.795248881675876262e+00 4.363173788418649630e-06
1.794983320465203036e+00 4.336148184912137763e-06
1.794770899780701257e+00 4.249025670775697150e-06
1.794558504234342600e+00 4.160205733336499866e-06
1.794452315887037130e+00 4.137863863876545805e-06
1.794452315887037130e+00 4.116494455709381833e-06
1.793921468394376495e+00 4.029610240704802788e-06
1.793709173370844123e+00 3.938845286420166924e-06
1.793709173370844123e+00 3.909586687497029937e-06
1.793072439027987075e+00 3.821525203689500712e-06
1.793098965112314369e+00 3.731001439285109778e-06
1.792860244479705267e+00 3.713847838639318888e-06
1.792701115048000782e+00 3.624185469580247299e-06
1.792329867964794987e+00 3.533027280005011211e-06
1.792223811491263197e+00 3.529370555161853656e-06
1.792276838943553940e+00 3.526082738878740209e-06
1.791905679722884059e+00 3.437036161696815117e-06
1.791799648349591934e+00 3.395996252550742230e-06
1.791587604425031399e+00 3.348504121666266608e-06
1.791375585594027431e+00 3.347117394498077284e-06
1.791587604425031399e+00 3.345731241619830902e-06
1.791163591853610404e+00 3.259551056635011290e-06
1.790739679632661341e+00 3.180856645203767826e-06
1.790527761146191388e+00 3.174275604517200284e-06
1.790739679632661341e+00 3.167708179689927281e-06
1.790315867738433431e+00 3.091231104640217897e-06
1.790315867738433431e+00 3.082280957588784004e-06
1.790156964138734708e+00 3.020038568841845747e-06
1.790110619912260281e+00 3.010359191463018168e-06
1.789892156147183000e+00 2.999157549431958083e-06
1.789786243918928710e+00 2.943161850857863467e-06
1.789680337957755718e+00 2.931603026387323799e-06
1.789683647424183288e+00 2.919503777099681590e-06
1.789362657673018386e+00 2.868539106928852858e-06
1.789362657673018386e+00 2.854907257810167468e-06
1.789283246413222672e+00 2.840898872609305440e-06
1.789045033778665861e+00 2.795229415480936009e-06
1.788833315838812776e+00 2.780217982221549390e-06
1.788621622953938672e+00 2.724357441914994007e-06
1.788515785906192646e+00 2.707482706319854111e-06
1.788515785906192646e+00 2.690155278682299723e-06
1.787986694599543736e+00 2.636650310118356392e-06
1.787775101904939712e+00 2.587958729677004784e-06
1.787775101904939712e+00 2.567671011016955883e-06
1.787669314947881727e+00 2.547014767627362386e-06
1.787140474050219252e+00 2.500496328813846036e-06
1.787351991633240544e+00 2.478839835400167234e-06
1.787193351099177541e+00 2.457116446910746654e-06
1.786928981498466795e+00 2.435079051632534257e-06
1.786928981498466795e+00 2.411990116562550670e-06
1.786823244608390482e+00 2.394569216523746778e-06
1.786294654001200799e+00 2.371373202740285891e-06
1.786506071476919200e+00 2.346943210817104912e-06
1.786400359611447275e+00 2.333855829180519211e-06
1.786083261544904044e+00 2.309334008234620689e-06
1.786083261544904044e+00 2.283650499634076954e-06
1.785977574698113912e+00 2.274681806570310960e-06
1.785885103837210330e+00 2.248917865575225244e-06
1.785660551678733832e+00 2.216549002670565450e-06
1.785449234262939111e+00 2.190082312939110302e-06
1.785237941854725063e+00 2.162139707235287706e-06
1.785079488958009275e+00 2.132785999377480094e-06
1.784815432049201567e+00 2.105574420214840345e-06
1.784604214645974185e+00 2.076988655753351749e-06
1.784393022238491833e+00 2.047094384343214167e-06
1.784234644334558473e+00 2.022651066439510440e-06
1.783970712398930569e+00 2.000155933264508539e-06
1.783970712398930569e+00 1.991888040604055791e-06
1.783759594960936390e+00 1.969735041756876367e-06
1.783548502506857369e+00 1.949442743983877118e-06
1.783548502506857369e+00 1.938170509697551104e-06
1.783442965647862088e+00 1.918203391133951302e-06
1.783126392538618488e+00 1.900015368236200930e-06
1.783126392538618488e+00 1.885901641099296127e-06
1.782915375018546023e+00 1.868019896968432582e-06
1.782921968938037338e+00 1.851050334749648076e-06
1.782704382470563953e+00 1.835042367070186695e-06
1.782598895560183472e+00 1.819149289172676609e-06
1.782519784473674651e+00 1.804047602919507939e-06
1.782282472279051344e+00 1.785554673455660218e-06
1.782071554629611088e+00 1.771557220385099020e-06
1.782124281701830348e+00 1.758215627236728341e-06
1.781860661940442681e+00 1.737401571272503166e-06
1.781755224955037242e+00 1.725210241830061162e-06
1.781702508801968010e+00 1.713636741952169609e-06
1.781228133605031294e+00 1.702493448556462908e-06
1.781438951431106199e+00 1.690547069061850679e-06
1.781228133605031294e+00 1.680075779809327416e-06
1.781280835722516720e+00 1.670188137267120701e-06
1.781280835722516720e+00 1.667768508194951249e-06
1.781017340727415021e+00 1.657953296851295255e-06
1.781017340727415021e+00 1.644956145987832031e-06
1.780911953643356416e+00 1.636122112808531753e-06
1.780911953643356416e+00 1.627672593348707687e-06
1.780859262439852930e+00 1.622791880715076998e-06
1.780385111755795391e+00 1.614578391987811341e-06
1.780595829805749153e+00 1.607238445145308987e-06
1.780595829805749153e+00 1.600594725661636072e-06
1.780385111755795391e+00 1.593318349202591880e-06
1.780490467663506493e+00 1.586403576798246622e-06
1.780385111755795391e+00 1.572338249107970771e-06
1.780174418642492373e+00 1.557429650671559582e-06
1.780174418642492373e+00 1.551634405544378198e-06
1.780069081436162826e+00 1.546180920390483401e-06
1.779970333466116772e+00 1.531203180889947601e-06
1.779753107214035346e+00 1.515428657799842423e-06
1.779542488892980057e+00 1.511040985421382728e-06
1.779647794937717187e+00 1.506978094063901310e-06
1.779542488892980057e+00 1.491144276683240807e-06
1.779331895496773841e+00 1.474560353907980462e-06
1.779331895496773841e+00 1.471509558865550527e-06
1.779226608144567123e+00 1.468769240416528490e-06
1.779134486822033123e+00 1.452133382189592026e-06
1.778910783467109402e+00 1.434794192472245761e-06
1.778700264827753230e+00 1.433012342301781075e-06
1.778910783467109402e+00 1.431232704985290324e-06
1.778726578295179772e+00 1.415388378468409448e-06
1.778700264827753230e+00 1.414143079675533162e-06
1.778706843158115891e+00 1.412953744757769636e-06
1.778489771101449346e+00 1.396100450752086489e-06
1.778489771101449346e+00 1.395522279020998635e-06
1.778489771101449346e+00 1.394944346730096355e-06
1.778292455856529841e+00 1.377182321693174551e-06
1.778292455856529841e+00 1.377146668702576352e-06
1.778279302285249885e+00 1.375436410158698121e-06
1.776806717807188241e+00 1.373159368892546601e-06
1.774285123778627460e+00 1.369750873140634346e-06
1.771557435077806497e+00 1.365219369543300411e-06
1.767578354501801785e+00 1.359013020164090863e-06
1.765905627100863962e+00 1.356201287044096473e-06
1.764860976420469463e+00 1.354508273625954760e-06
1.761626484950607363e+00 1.349756357890125276e-06
1.761001139382380787e+00 1.348638631186993265e-06
1.758189830269326848e+00 1.344316175707910014e-06
1.757409707867707782e+00 1.343202953993293649e-06
1.756110273003232525e+00 1.341118147361546308e-06
1.753228960686728621e+00 1.336612160428632026e-06
1.751543900943511867e+00 1.334192133835204363e-06
1.748851173352232280e+00 1.330604754179669985e-06
1.745310339920852272e+00 1.324487184154030479e-06
1.744923093123829538e+00 1.324007221725297358e-06
1.744510124578043664e+00 1.323458906203340551e-06
1.740591794743568288e+00 1.317442401790814151e-06
1.738327311851390222e+00 1.314172208300079669e-06
1.732986602003494969e+00 1.306032193997857821e-06
1.732268914488179323e+00 1.304680435295969667e-06
1.731756462526247153e+00 1.303853174091568382e-06
1.729912890365831402e+00 1.301172406780538733e-06
1.725210450906040194e+00 1.294050609518213178e-06
1.721539199120460273e+00 1.288834948908331011e-06
1.715640830083605461e+00 1.279791206966987299e-06
1.712192565590818560e+00 1.274501031260676790e-06
1.707437256314521035e+00 1.267393964794194663e-06
1.699279193644217756e+00 1.255116813783659171e-06
1.699276051352869077e+00 1.255108690476075960e-06
1.699272909067331083e+00 1.255100567221064907e-06
1.699266624513687374e+00 1.255100567221064907e-06
1.682961553987265102e+00 1.231173104571280540e-06
1.676996878879989383e+00 1.222280802966097994e-06
1.673725323176478597e+00 1.217732657331155143e-06
1.669274393925717748e+00 1.210942151304263589e-06
1.666806771935067655e+00 1.207686166557049417e-06
1.661095928139570965e+00 1.199087667123906448e-06
1.655012868602021570e+00 1.190303838569210386e-06
1.650953594143868886e+00 1.184279315476453986e-06
1.648561830471227729e+00 1.180972720139867308e-06
1.642913497827300562e+00 1.173171695881695200e-06
1.639805464647504429e+00 1.168322245150119239e-06
1.636122311088038517e+00 1.162890569949120857e-06
1.635154435874744738e+00 1.161566672507680462e-06
1.633413703120924376e+00 1.159163446463696558e-06
1.623776656332565516e+00 1.145322462461702862e-06
1.619362728056089606e+00 1.139643614484434964e-06
1.612293186088830099e+00 1.128837740482064446e-06
1.611524157932401780e+00 1.127786161724281898e-06
1.610570834163441489e+00 1.126502229037420296e-06
1.604008252866554907e+00 1.117439812504275016e-06
1.599364112959537509e+00 1.110748386181167839e-06
1.591245659616753461e+00 1.099305407036539549e-06
1.588805241758198150e+00 1.095654427018993350e-06
1.583871191830766856e+00 1.091026540670994029e-06
1.575318598063988551e+00 1.097940195539868429e-06
1.573455337805842458e+00 1.099305407036539549e-06
1.565931643621307989e+00 1.105469896383810433e-06
1.563431748645842001e+00 1.107303041632333907e-06
1.558443925020460030e+00 1.111668953858074672e-06
1.551634593584927835e+00 1.117208404007027267e-06
1.548149479893358604e+00 1.119988471662926814e-06
1.541111521908133053e+00 1.125802518311353547e-06
1.539926456076363914e+00 1.126735562573970897e-06
1.539379810012099226e+00 1.127435853207319501e-06
1.537559057546082020e+00 1.128837740482064446e-06
1.534105558800175739e+00 1.132115593446651541e-06
1.530659816929382355e+00 1.134932756236326379e-06
1.528306664422221184e+00 1.136814758266679246e-06
1.523791534161653916e+00 1.140588129991042485e-06
1.521989219245298397e+00 1.142479510043866850e-06
1.516774551992987385e+00 1.146627845539203237e-06
1.513367737153959114e+00 1.150076446113500626e-06
1.506577046345087822e+00 1.155807280925984416e-06
1.505329457189323206e+00 1.156765192579774389e-06
1.502837377389883988e+00 1.159163446463696558e-06
1.496088404643923564e+00 1.164924482545098667e-06
1.493970723404106415e+00 1.166841114255783465e-06
1.489755368616226372e+00 1.170683843076342883e-06
1.482697698984761114e+00 1.177309552158460450e-06
1.479170471271426202e+00 1.180422519194817588e-06
1.471509737195873191e+00 1.187841156699276400e-06
1.468552151500436276e+00 1.190303838569210386e-06
1.462438439092937914e+00 1.196111257165855551e-06
1.460406196182086891e+00 1.198094708433910715e-06
1.456350178610564150e+00 1.201947009797613487e-06
1.454154289210077389e+00 1.204064818409601103e-06
1.451961710778566506e+00 1.206186358561562992e-06
1.449386438931281162e+00 1.208687074469778110e-06
1.445917065842171167e+00 1.212071266988097986e-06
1.439897585296913585e+00 1.217984887517817020e-06
1.438449833238024445e+00 1.219751962281982533e-06
1.435558694604789354e+00 1.222280802966097994e-06
1.429582336874537507e+00 1.228244235188580453e-06
1.427595751667304569e+00 1.230280970961419983e-06
1.423630859249748637e+00 1.234236762626978366e-06
1.421484304142367261e+00 1.236411465191911102e-06
1.416823571518533331e+00 1.241157896032241484e-06
1.413432143643253980e+00 1.244633003323883042e-06
1.408464394034295575e+00 1.255116813783659171e-06
1.406132674789821291e+00 1.259804586607677640e-06
1.401232038165641125e+00 1.270547755041537716e-06
1.400776070372827586e+00 1.271732448625564754e-06
1.395522448142523464e+00 1.283374483332815279e-06
1.393212154348649534e+00 1.288834948908331011e-06
1.388438705427371245e+00 1.300094912212029732e-06
1.384992282866051694e+00 1.307656153274977036e-06
1.382208588500630109e+00 1.314172208300079669e-06
1.379757034276701821e+00 1.319900386081203968e-06
1.378288189371789541e+00 1.323458906203340551e-06
1.376087853403492378e+00 1.328677085149492498e-06
1.374541574842953029e+00 1.332121313040491819e-06
1.370967386855570291e+00 1.341118147361546308e-06
1.369953688790422008e+00 1.343202953993293649e-06
1.369345829762115274e+00 1.345012407747734899e-06
1.365946800086917268e+00 1.352834885131584037e-06
1.364169724514251003e+00 1.357325281536246209e-06
1.363836780319923836e+00 1.357852474581117674e-06
1.363362727351425940e+00 1.359013020164090863e-06
1.357887792624389522e+00 1.373159368892546601e-06
1.353876136845049372e+00 1.382576529591121416e-06
1.351794761878145401e+00 1.388027799520500719e-06
1.348678697499862134e+00 1.395522279020998635e-06
1.345729071405431965e+00 1.403057224010013842e-06
1.343660221290394530e+00 1.408224627756194800e-06
1.339769875935864718e+00 1.418543149004024025e-06
1.338581207230099768e+00 1.421778565308504380e-06
1.334073876220516874e+00 1.433012342301781075e-06
1.333758142793178614e+00 1.433902990608376321e-06
1.333521391761395503e+00 1.434794192472245761e-06
1.332269283616532407e+00 1.437731646207602732e-06
1.327812670647863902e+00 1.449579250106724212e-06
1.323459066591600619e+00 1.461183991013845955e-06
1.319627210330588385e+00 1.471509558865550527e-06
1.316117932392788292e+00 1.481908093128135310e-06
1.313472668503627316e+00 1.488367393483988060e-06
1.305259747235467227e+00 1.511040985421382728e-06
1.304333224467616459e+00 1.514173738667501845e-06
1.303561624576042188e+00 1.515899520567038075e-06
1.299710466510286766e+00 1.526769835995735182e-06
1.293725366210494387e+00 1.543781068434285525e-06
1.291125109113847813e+00 1.551634405544378198e-06
1.281079429631901467e+00 1.580827889430635170e-06
1.274274953192035653e+00 1.600926258452513754e-06
1.262566032778212222e+00 1.636122112808531753e-06
1.258240205984068716e+00 1.650416165717477342e-06
1.255116965889628844e+00 1.663413393208132317e-06
1.241819222836683334e+00 1.725210241830061162e-06
1.238846700065995732e+00 1.737941403819135352e-06
1.236247007851675406e+00 1.750403952292690904e-06
1.221557890580532879e+00 1.819149289172676609e-06
1.219535595907149439e+00 1.828971554303648736e-06
1.217660748724684883e+00 1.838085325731510834e-06
1.211623226099808326e+00 1.868019896968432582e-06
1.209867927569678203e+00 1.875579404726463868e-06
1.208472670846174379e+00 1.882779522309242241e-06
1.201342751678026177e+00 1.918203391133951302e-06
1.200347925563433726e+00 1.923773357876584155e-06
1.199353923259528720e+00 1.927362588559845354e-06
1.190832364334335924e+00 1.969735041756876367e-06
1.190550531678380208e+00 1.971163387699590486e-06
1.190303982820578810e+00 1.972592769401982245e-06
1.186963006653579455e+00 1.989208340942748223e-06
1.181322330332633008e+00 2.018466297854280435e-06
1.180902982252758138e+00 2.020139165313596185e-06
1.180483783033873690e+00 2.022651066439510440e-06
1.171229646714653905e+00 2.069688723012444740e-06
1.163561831981888561e+00 2.109065988602595892e-06
1.161498080571480074e+00 2.119575471541891089e-06
1.159026409999344143e+00 2.132785999377480094e-06
1.151762176159935036e+00 2.170102781464729298e-06
1.146068352457054296e+00 2.200083994896275287e-06
1.141998062468193798e+00 2.221086942802781898e-06
1.136747627961363971e+00 2.248917865575225244e-06
1.132249722566051275e+00 2.272798153582513498e-06
1.128837877284437630e+00 2.289807340211272914e-06
1.122377028276237532e+00 2.324208546606334557e-06
1.115953157624936187e+00 2.371373202740285891e-06
1.113907930823885506e+00 2.386647338734494170e-06
1.111866452345638079e+00 2.402019856219266408e-06
1.105564068788112531e+00 2.451239419461970375e-06
1.103476664331731305e+00 2.468593243451663077e-06
1.099565772977377121e+00 2.500496328813846036e-06
1.097355757019516709e+00 2.518166276380264371e-06
1.095150182970138664e+00 2.537931436663706202e-06
1.091914742174057595e+00 2.567671011016955883e-06
1.089591145105188508e+00 2.590103581909381089e-06
1.086886530569144860e+00 2.613814603695888811e-06
1.084573633546072058e+00 2.636650310118356392e-06
1.081625426223125519e+00 2.661889819764165491e-06
1.078685233041543068e+00 2.689563364646603489e-06
1.076899464705995069e+00 2.707482706319854111e-06
1.073813251413506809e+00 2.736515661016204937e-06
1.070545819877436911e+00 2.768152236169511601e-06
1.069406151273517569e+00 2.780217982221549390e-06
1.065990477373356837e+00 2.812614636076144999e-06
1.062467824117246940e+00 2.847783861811576020e-06
1.061839303703512538e+00 2.854907257810167468e-06
1.058326454236593550e+00 2.891802906855884177e-06
1.054450782324920732e+00 2.929099548574516711e-06
1.054325997233939161e+00 2.931603026387323799e-06
1.050449435319600333e+00 2.970566322129489741e-06
1.049595090341186809e+00 2.979346337540102784e-06
1.046741965541024388e+00 3.010359191463018168e-06
1.046494234561346381e+00 3.012230195108257256e-06
1.042723593602924215e+00 3.052423131352907742e-06
1.039028020493843130e+00 3.091231104640217897e-06
1.030760798690582014e+00 3.180856645203767826e-06
1.027229187221899487e+00 3.220630407294142780e-06
1.023709675824913123e+00 3.259551056635011290e-06
1.015263905933123212e+00 3.354056777998540473e-06
1.011785390201357160e+00 3.395996252550742230e-06
1.008020504673599271e+00 3.437036161696815117e-06
9.999999999999995559e-01 3.530832790709221827e-06
9.963968831992627839e-01 3.578686673750779485e-06
9.931593024544329573e-01 3.624185469580247299e-06
9.849655780689897666e-01 3.738543130199863607e-06
9.820556595358282959e-01 3.782155681527208166e-06
9.791543378775811046e-01 3.821525203689500712e-06
9.701571899807795996e-01 3.952737861350874385e-06
9.675772558930725298e-01 3.992229021314432822e-06
9.650612876108669580e-01 4.029610240704802788e-06
9.555714374472057404e-01 4.175311412659220296e-06
9.532558969376743185e-01 4.213097860679770006e-06
9.509459674454265876e-01 4.249025670775697150e-06
9.412049732714029560e-01 4.404940558360240481e-06
9.389242455748901817e-01 4.442504335205222933e-06
9.366490445372597229e-01 4.480388442668102868e-06
9.270545005796759774e-01 4.640946687254246636e-06
9.246370633080783774e-01 4.681371326259024518e-06
9.221304339201413791e-01 4.724349098490911324e-06
9.175582381228216677e-01 4.805267816800615231e-06
9.131167720649194797e-01 4.882513816953455420e-06
9.104191189924319971e-01 4.930273004611123207e-06
9.075078919640819919e-01 4.981593602879782799e-06
9.033355462239409661e-01 5.058530102112264973e-06
8.993885892414138494e-01 5.130275683113082096e-06
8.961943885089389550e-01 5.187839993762002095e-06
8.928133920219644137e-01 5.252845271781416191e-06
8.926020911058298868e-01 5.255021551364751462e-06
8.917590364384726520e-01 5.270246665329267262e-06
8.891228371165760258e-01 5.320730887017753454e-06
8.858668017108227710e-01 5.382800693578098529e-06
8.852379799281802075e-01 5.393960540669417709e-06
8.820483640900507183e-01 5.455754563131008848e-06
8.791823346516431936e-01 5.510262118079464829e-06
8.777268442765993051e-01 5.538866806261672724e-06
8.749266282170836684e-01 5.591887975450106413e-06
8.725483064392280941e-01 5.638405731892857239e-06
8.700477293009470925e-01 5.687665911938605989e-06
8.679137504105542966e-01 5.732605378622097202e-06
8.659643364782001473e-01 5.768185249200965616e-06
8.624868332994459763e-01 5.840462437056152601e-06
8.608042578848940085e-01 5.873213543569331126e-06
8.594300470450327856e-01 5.901257453103951558e-06
8.547640030198971894e-01 5.997363770446456701e-06
8.537024839585017899e-01 6.016024411478748329e-06
8.529450632663799770e-01 6.030994720351713336e-06
8.507271703667982354e-01 6.077388086002746735e-06
8.502239086388129197e-01 6.089987980670092157e-06
8.497209446236263508e-01 6.096929054046982123e-06
8.468096152084753081e-01 6.158480185893183540e-06
8.466092019428546056e-01 6.161031674467372753e-06
8.465090130975702065e-01 6.163265094102444972e-06
8.455578102110549166e-01 6.182762051764266815e-06
8.448576078834338920e-01 6.198147271516079444e-06
8.433092226211060805e-01 6.229677739777735990e-06
8.430846930059863187e-01 6.234840781233507950e-06
8.428103491027966188e-01 6.240654317829554856e-06
8.401215273012614393e-01 6.296479995308192243e-06
8.396245395168404624e-01 6.310841020598072954e-06
8.388299705122062022e-01 6.323924919634410738e-06
8.337822394262586201e-01 6.428245900779514028e-06
8.323895950369351038e-01 6.455930882824976524e-06
8.305814055400725371e-01 6.493814249947601064e-06
8.274907857864899352e-01 6.558353306899819606e-06
8.252902437428275562e-01 6.606408501088438072e-06
8.223166266001136204e-01 6.668267578872577009e-06
8.212468054401420581e-01 6.690228018640659839e-06
8.182393372211874683e-01 6.754445530769244684e-06
8.181304025689415393e-01 6.756894067324406233e-06
8.150499401689530465e-01 6.823341128391684626e-06
8.145677838965643680e-01 6.833240556569208060e-06
8.140859128516931831e-01 6.847407516129962407e-06
8.110026823511841121e-01 6.909913001956874221e-06
8.088998344576610044e-01 6.955680504946287170e-06
8.074651292891373844e-01 6.987807552360629051e-06
8.054131550230503311e-01 7.031359965294075086e-06
8.038894894054956497e-01 7.064933888889609068e-06
8.027961354736087296e-01 7.089118240636624579e-06
8.011825964622030227e-01 7.125181149099085173e-06
8.003282033091032588e-01 7.142865259802810326e-06
7.997615789726318924e-01 7.157720472082278906e-06
7.969271006860948470e-01 7.220254212280777509e-06
7.968327912859485274e-01 7.223245599046554269e-06
7.967384930465005732e-01 7.223245599046554269e-06
7.965528759980964324e-01 7.226144686827824613e-06
7.937268343366260526e-01 7.290880428362912629e-06
7.933042338216480527e-01 7.302970529467017048e-06
7.927880276291695560e-01 7.316595858976851308e-06
7.907265596483143977e-01 7.368299140322665436e-06
7.899315197673959510e-01 7.388164458215776854e-06
7.888338101557005322e-01 7.414223016212477946e-06
7.865731447266102183e-01 7.474352229876315084e-06
7.847599903733626370e-01 7.518600971341160864e-06
7.831827021888464468e-01 7.559979532133440207e-06
7.812386635187144046e-01 7.613402702724282291e-06
7.798530195852448887e-01 7.648171639030732080e-06
7.788384429185059021e-01 7.673557828289744151e-06
7.765374930479221893e-01 7.737392564549313941e-06
7.735106446936403923e-01 7.817933259776692562e-06
7.732360623926999299e-01 7.827654310531382832e-06
7.729615775635143571e-01 7.830086461296338412e-06
7.715449574089733309e-01 7.868288967459247725e-06
7.698347734549702004e-01 7.914869844782671681e-06
7.671290571515784196e-01 7.991462971674166325e-06
7.658590714897951512e-01 8.027958436042297060e-06
7.632350711555723199e-01 8.098095048546494914e-06
7.613405470699655675e-01 8.151943463182189634e-06
7.580588670459067480e-01 8.243625841935564171e-06
7.566471720376777288e-01 8.283845981085740095e-06
7.555957152308238056e-01 8.315646642231395056e-06
7.504269134762037163e-01 8.465087053356744023e-06
7.501605254827048430e-01 8.475612794387550860e-06
7.498942320521299054e-01 8.482637225192547252e-06
7.484977416341584977e-01 8.520493403810385950e-06
7.468607405645643071e-01 8.570047866331777613e-06
7.466177084084768545e-01 8.578038814079916977e-06
7.442357704387805306e-01 8.647606552673783430e-06
7.436194724015948720e-01 8.667330032537520014e-06
7.427399318363960834e-01 8.692497718222866839e-06
7.403594125381511848e-01 8.764354996960092481e-06
7.386200057638275807e-01 8.819436606829084970e-06
7.371354542802788234e-01 8.863383889206474472e-06
7.350881921124178264e-01 8.926017665860570848e-06
7.339038206321449875e-01 8.962603545465759708e-06
7.330466158498537554e-01 8.990955968929232751e-06
7.307079738002669744e-01 9.063872458130579858e-06
7.276982669030381823e-01 9.157746679138378958e-06
7.275152809504893403e-01 9.163912888869884838e-06
7.274937562166909899e-01 9.164861904963674463e-06
7.274722321197372166e-01 9.165811019337702541e-06
7.247652848707675233e-01 9.253551352117691351e-06
7.243365379794574066e-01 9.268896051913327322e-06
7.220256837320682131e-01 9.340196940681599230e-06
7.211290104709215942e-01 9.371199383937783359e-06
7.198925777989354513e-01 9.412046310812756394e-06
7.179250658948147512e-01 9.474141306725543195e-06
7.165775092554225179e-01 9.519872127622999838e-06
7.147987999143631255e-01 9.581190110535517705e-06
7.123497432148990782e-01 9.664896599983035567e-06
7.115913986188266982e-01 9.684934267054364391e-06
7.111704449578144516e-01 9.700994307487839893e-06
7.087338197943511275e-01 9.781694867375576946e-06
7.058041806350044967e-01 9.882491847970989869e-06
7.052979571695855432e-01 9.899648325276505344e-06
7.046357185867001549e-01 9.924539595714908694e-06
7.004784084234547681e-01 1.006947032414839788e-05
6.990705176916791608e-01 1.011964652875804522e-05
6.970052290148850416e-01 1.019115778094159623e-05
6.951928227826671414e-01 1.025467548783601724e-05
6.928109404400286664e-01 1.033998200664270007e-05
6.899471204776543853e-01 1.044328708220493366e-05
6.894573698995877242e-01 1.046493854091623385e-05
6.866074123370374815e-01 1.056511485790172658e-05
6.847410005615428563e-01 1.063536776085375479e-05
6.817491518684560825e-01 1.074607429491053886e-05
6.804594315106239355e-01 1.079514953594178629e-05
6.795741643583080860e-01 1.083098132975250796e-05
6.774061157209937400e-01 1.091203832221791339e-05
6.751251232978381367e-01 1.099597906621695343e-05
6.744463154456388221e-01 1.102334152217172284e-05
6.743665005825405512e-01 1.103019276843801164e-05
6.741071675039462807e-01 1.103476263145133163e-05
6.712585947215718996e-01 1.114486488310361542e-05
6.693571596379318533e-01 1.121882762193117909e-05
6.682292645548904009e-01 1.126451962254318754e-05
6.664916837833065877e-01 1.133120644719015743e-05
6.643064049694141771e-01 1.142073673650415914e-05
6.621870651363394034e-01 1.150620734562220998e-05
6.617953374259074595e-01 1.151812874452143430e-05
6.600842515533349442e-01 1.158691687948977214e-05
6.592937616773929532e-01 1.162116398853615240e-05
6.591328520586248185e-01 1.162567771631489930e-05
6.589037455484750838e-01 1.163561408950367523e-05
6.568016418450381977e-01 1.172026516934907203e-05
6.561412574267484477e-01 1.174942994290339123e-05
6.550937760508412921e-01 1.179087098056939103e-05
6.543189421856318022e-01 1.182510862165166598e-05
6.531584094123173978e-01 1.187419206750254622e-05
6.528492817942662674e-01 1.188403317782302086e-05
6.518456270910713002e-01 1.192594897024351181e-05
6.513829223950113878e-01 1.194819950292486459e-05
6.501314125308192970e-01 1.199655150762430649e-05
6.493816610878524465e-01 1.202702650555520565e-05
6.474631699519496353e-01 1.210762729886134658e-05
6.471567377838586266e-01 1.212268228277847229e-05
6.459324587112106331e-01 1.217300089197119963e-05
6.444816351313610303e-01 1.223365899649968950e-05
6.441575550452105503e-01 1.224760232857718035e-05
6.437193531273771585e-01 1.226918237950804011e-05
6.396185832007976746e-01 1.244255302157847929e-05
6.382385894977092855e-01 1.250390686887276218e-05
6.361459463308495321e-01 1.259878831323337265e-05
6.347922263020090439e-01 1.265632454052954883e-05
6.326945031511924666e-01 1.274559643640249712e-05
6.323553016800199655e-01 1.276425320481440862e-05
6.300022875460421501e-01 1.287176924440396184e-05
6.287360466869844622e-01 1.293724895855937836e-05
6.267116442930661391e-01 1.304352046097314242e-05
6.252484921332596146e-01 1.311802195869725110e-05
6.221483249303845220e-01 1.328480219323496362e-05
6.211918681955542754e-01 1.333441999295683665e-05
6.205305673375736131e-01 1.337037028311684376e-05
6.189170163616163345e-01 1.346206461110814312e-05
6.184410888259617156e-01 1.348159562080424805e-05
6.166504952079904234e-01 1.357967653158060072e-05
6.158482424908005015e-01 1.362475086500005287e-05
6.157753622006454375e-01 1.363604280600868974e-05
6.155203490983055525e-01 1.364169228548519746e-05
6.112012489671316828e-01 1.388091632824872306e-05
6.102977344531894666e-01 1.393582686792835975e-05
6.090350575490253160e-01 1.400817006568845242e-05
6.065893201677229341e-01 1.414519350238294957e-05
6.049404223700763916e-01 1.424810220108927288e-05
6.025111280525941027e-01 1.438449310266572454e-05
6.020121915053996409e-01 1.441431563421578160e-05
6.009444325989509172e-01 1.447414631345484718e-05
5.995236994349208981e-01 1.455832671323060878e-05
5.974696003894770513e-01 1.468247498007935249e-05
5.959865441318000778e-01 1.477092588470574847e-05
5.942082189267020587e-01 1.487992770118425004e-05
5.929612862106956594e-01 1.495523590062570046e-05
5.895675009603890127e-01 1.516774000545332337e-05
5.889747174373903826e-01 1.521178320117579251e-05
5.884869903262698321e-01 1.523700813781859144e-05
5.864013017412641471e-01 1.537012693059757379e-05
5.863319062407665871e-01 1.537649484963985496e-05
5.860544063526050840e-01 1.538923860359778454e-05
5.840464560450497888e-01 1.552047259349183719e-05
5.837009537043096330e-01 1.554298997915806932e-05
5.831830833822077009e-01 1.557521435479141989e-05
5.818387698196815228e-01 1.566255427175808221e-05
5.810818066165678308e-01 1.571128790108277447e-05
5.800511708866855631e-01 1.578303831146492630e-05
5.796394286127946049e-01 1.580593663227979409e-05
5.788853267184335127e-01 1.585511639208152289e-05
5.785086437541343551e-01 1.588469766786334663e-05
5.774484008803533186e-01 1.595310942069922788e-05
5.768678025657137942e-01 1.599363531485124826e-05
5.759298351104167324e-01 1.605835839967385180e-05
5.752656551975575683e-01 1.610665555573437599e-05
5.737698055033816358e-01 1.620704236640193381e-05
5.734303824852371445e-01 1.624064348316395028e-05
5.714995018402285742e-01 1.636557446825991861e-05
5.709248848751804495e-01 1.640629865551651459e-05
5.708573208741886118e-01 1.641649552659967597e-05
5.707897648688095016e-01 1.642329696128810496e-05
5.687667979781311223e-01 1.655820419297651558e-05
5.682958049472484063e-01 1.659425167815853231e-05
5.666168686148986833e-01 1.671129990200577957e-05
5.646086911116261486e-01 1.686450126996436597e-05
5.632405314481319092e-01 1.695907102079092070e-05
5.623413592650539083e-01 1.702593782483914612e-05
5.583293343263370234e-01 1.731755832918476916e-05
5.581971952915710800e-01 1.732832156795455675e-05
5.580981115389148650e-01 1.733909149631110186e-05
5.576029565336797500e-01 1.737144146049142000e-05
5.538868820006055405e-01 1.765046367866245726e-05
5.531990178872090436e-01 1.770561182238833268e-05
5.521851604058558571e-01 1.778278655763357351e-05
5.497074290511390071e-01 1.797161429166013966e-05
5.482131538653152170e-01 1.808737037780012028e-05
5.460116625279760605e-01 1.826051292816634902e-05
5.455595129145569544e-01 1.829837138581472019e-05
5.446643941010564927e-01 1.836576355716024278e-05
5.433043749937330746e-01 1.848118743302476028e-05
5.414428956241735813e-01 1.862335377970585586e-05
5.398752375061771636e-01 1.875107319761383037e-05
5.383599016527365055e-01 1.887380418979620365e-05
5.373573410089232949e-01 1.896196069980276419e-05
5.337446060031318940e-01 1.925481214275937019e-05
5.334919946973234461e-01 1.927875414889988789e-05
5.333026146798119926e-01 1.929473202304430481e-05
5.324512361842871355e-01 1.936278585377541013e-05
5.292784840164697080e-01 1.963334328843757302e-05
5.286211807168630372e-01 1.968627580356787152e-05
5.276523674660398289e-01 1.977208380265575287e-05
5.252847181538050636e-01 1.997789698355294347e-05
5.238568314665457137e-01 2.011074033422616668e-05
5.215370738547724372e-01 2.030325172745195135e-05
5.213210879687608656e-01 2.032849739455725273e-05
5.190432722480156080e-01 2.053159609995753898e-05
5.173873660671691743e-01 2.067454312745214731e-05
5.155536655076474739e-01 2.084868923390423412e-05
5.142739433438738850e-01 2.096125907878034896e-05
5.134833267707054061e-01 2.103083472577099730e-05
5.099103920298615478e-01 2.136448592372013644e-05
5.095484383353726665e-01 2.139991357849963742e-05
5.094881377037044912e-01 2.140877966775154263e-05
5.057634017814961469e-01 2.175743738841791922e-05
5.048663545382209294e-01 2.184774776391442013e-05
5.034939712923804933e-01 2.198391667313951092e-05
5.019470731952820897e-01 2.212551620397790438e-05
5.002272929682691771e-01 2.230495373753238911e-05
4.990446719701855938e-01 2.243467744502731335e-05
4.981595414018503143e-01 2.253246510181661534e-05
4.978059289058635040e-01 2.257450446928250035e-05
4.957921915236421229e-01 2.279768173433792240e-05
4.944005891098287586e-01 2.296116090174523484e-05
4.924734759660328032e-01 2.318095813455786058e-05
4.914254912827487054e-01 2.330612076862136081e-05
4.906700006674565295e-01 2.338832303999223091e-05
4.871404881204953741e-01 2.380370389823239111e-05
4.870540174107875764e-01 2.381849841740143133e-05
4.869675620502117441e-01 2.383330213168557952e-05
4.865643065704494119e-01 2.387282370047930243e-05
4.848828845787772068e-01 2.407889606249851900e-05
4.832930608485331292e-01 2.427166189445574025e-05
4.827205373265504029e-01 2.434198297969568026e-05
4.819080239742086769e-01 2.444317944002575825e-05
4.796462862556337692e-01 2.472704478369916819e-05
4.784556944232808418e-01 2.488244759822012529e-05
4.768164007871353305e-01 2.509983419772183986e-05
4.760270290554071693e-01 2.519358030911738702e-05
4.743679854000583673e-01 2.540842226126625790e-05
4.742136237259081954e-01 2.543211377125770392e-05
4.724350816104246342e-01 2.566493125698260692e-05
4.716529631726269489e-01 2.577412968304356423e-05
4.700369771785005146e-01 2.599930650235751431e-05
4.688702378500230750e-01 2.615051625026684846e-05
4.665454403461898325e-01 2.646653980601363339e-05
4.658557647647366684e-01 2.657089298248620216e-05
4.653322932584824656e-01 2.663701214154729169e-05
4.625047472487389122e-01 2.703719661835356542e-05
4.618210448632929510e-01 2.714379979998282489e-05
4.617049160120300644e-01 2.715363962854509166e-05
4.615478469860490596e-01 2.717755120802929769e-05
4.583362912235101061e-01 2.764877442266536222e-05
4.576316701307716617e-01 2.775778895413512798e-05
4.565767690571149728e-01 2.790766360388477658e-05
4.548778324181984023e-01 2.816277888155499536e-05
4.535608090858211372e-01 2.836803511139360362e-05
4.517661507464426629e-01 2.865739013298213009e-05
4.514454700349616600e-01 2.869302358426943650e-05
4.509381910484921430e-01 2.877038146889944139e-05
4.495793641848022659e-01 2.900370873876321391e-05
4.492602357371844879e-01 2.903977281290597568e-05
4.480390071585600431e-01 2.922984620724018178e-05
4.475620392602142616e-01 2.931775796065607602e-05
4.468739819119079693e-01 2.942725771997706767e-05
4.463454269060067592e-01 2.951270686868811969e-05
4.455537663521901282e-01 2.963520767572931191e-05
4.446582483596129842e-01 2.978288001559609684e-05
4.444215009087055801e-01 2.981991293448043735e-05
4.435807525841798382e-01 2.996229954011993718e-05
4.429774473210323360e-01 3.006175188542021618e-05
4.420347902999164913e-01 3.021780744511345199e-05
4.416034098230973148e-01 3.028986478395757936e-05
4.413029996833875424e-01 3.033695124766746037e-05
4.396478891354043683e-01 3.061784037329759738e-05
4.396332554949256011e-01 3.062061479467367457e-05
4.396316295649392858e-01 3.062101116110665640e-05
4.379730686386709149e-01 3.091413281762639284e-05
4.377139784261893651e-01 3.096539617257819497e-05
4.372997528482271967e-01 3.102959492450680436e-05
4.357498951321955860e-01 3.130068634740351436e-05
4.346682641867272712e-01 3.148924951721046475e-05
4.338202951435260468e-01 3.164616055383079774e-05
4.325898378006158840e-01 3.186319070064368137e-05
4.318736833461362390e-01 3.198882197645585315e-05
4.313883967303380196e-01 3.208835436215013950e-05
4.299580677953276919e-01 3.234105404487784715e-05
4.297577555178317965e-01 3.238210619303761532e-05
4.285895407256574696e-01 3.259743153444270776e-05
4.281332781029243417e-01 3.268531590607297798e-05
4.279243200945186398e-01 3.271918064337163597e-05
4.261617462293640912e-01 3.305976379645620707e-05
4.249027215577522165e-01 3.329295217447014895e-05
4.233968008311112530e-01 3.359816636166191971e-05
4.223708257909306041e-01 3.378657218346409338e-05
4.216965417572186015e-01 3.391978703343337078e-05
4.188118432590461349e-01 3.450076562643367633e-05
4.186631726229377848e-01 3.454366490461705999e-05
4.185145547622186046e-01 3.455618723911253298e-05
4.178711534244883841e-01 3.468704812079591044e-05
4.167845729352702699e-01 3.491770021100964886e-05
4.165318551017937465e-01 3.496111791805695082e-05
4.158422847110965215e-01 3.510441622855722371e-05
4.153565780215929260e-01 3.520817331796176775e-05
4.149389557218236546e-01 3.530309638529075753e-05
4.143255679554729842e-01 3.542761280473729783e-05
4.140314639866449764e-01 3.550106281045330159e-05
4.137865368263705101e-01 3.553784489845121243e-05
4.130770671116158477e-01 3.568535473887130178e-05
4.125640726721974127e-01 3.579638878989452598e-05
4.122224303616547902e-01 3.586688897736394947e-05
4.121736474176430076e-01 3.588546472444342268e-05
4.121248702466688840e-01 3.590033224864746359e-05
4.112417838135246084e-01 3.607735568578103344e-05
4.098630952135759453e-01 3.637935930560178330e-05
4.091119319757959283e-01 3.654549679706973992e-05
4.076137329870608283e-01 3.688005139820853061e-05
4.073786288690022239e-01 3.692399727344061869e-05
4.060249044141713282e-01 3.722923266724563034e-05
4.058087263460041227e-01 3.728710657739465936e-05
4.055446650079063686e-01 3.735667403785961126e-05
4.044901367953391835e-01 3.758950433281641682e-05
4.039878063405730191e-01 3.769084759247454586e-05
4.032951373235309500e-01 3.785513342531087540e-05
4.029611705734612026e-01 3.793361626810905782e-05
4.021958811689186342e-01 3.810586522637941608e-05
4.014379838193501970e-01 3.828880752202198478e-05
4.011530279454894599e-01 3.836024388027109276e-05
4.004415228888117961e-01 3.853542768812297735e-05
3.999205546867107275e-01 3.864332269984849418e-05
3.986446862692566984e-01 3.895268539781000919e-05
3.969263694021705202e-01 3.938261680335996417e-05
3.969028823132462191e-01 3.938873466565830149e-05
3.968970107581726858e-01 3.938873466565830149e-05
3.968911392899596158e-01 3.939077416427809420e-05
3.954025957914762412e-01 3.978226109619963948e-05
3.951920733127385899e-01 3.984204079204337702e-05
3.939079803286673620e-01 4.017763883811717701e-05
3.934886385782458418e-01 4.029847719810466633e-05
3.928837107123876460e-01 4.044898916972666802e-05
3.909356769149149868e-01 4.098022181219461955e-05
3.900806815212681244e-01 4.121855928511638568e-05
3.888994853476196445e-01 4.153563263390737913e-05
3.879858015504142332e-01 4.179450882795952333e-05
3.866907991437270042e-01 4.215528278841228742e-05
3.850581850002912088e-01 4.263380487961135492e-05
3.849670538098513006e-01 4.265146827427058524e-05
3.833757447395054196e-01 4.313115610409550856e-05
3.810461996531760431e-01 4.379728032518420894e-05
3.792690577790080453e-01 4.433574276352522729e-05
3.767414670080460604e-01 4.511380912595926726e-05
3.742307210467896161e-01 4.589602360871698707e-05
3.735669667389819315e-01 4.610323469688088952e-05
3.734675051832281878e-01 4.613905518172703300e-05
3.733459770213051199e-01 4.618207650259433173e-05
3.707481500966358090e-01 4.702175183031451954e-05
3.702213101575610454e-01 4.718729533832797233e-05
3.695106827853801290e-01 4.742273671744569612e-05
3.679506033415405608e-01 4.795608552302649936e-05
3.670372657517352866e-01 4.827497029309500828e-05
3.657797159702443901e-01 4.869672669754990284e-05
3.651741659779416671e-01 4.889379273729514057e-05
3.638368704277041288e-01 4.936694372332211248e-05
3.635786052471920438e-01 4.944880644850039111e-05
3.624186787211342575e-01 4.986016081483522392e-05
3.622417938836599016e-01 4.991957364977305667e-05
3.620328594671206601e-01 5.000494183169944701e-05
3.610487419352031435e-01 5.035830555795097916e-05
3.606643810717743981e-01 5.048361744782338384e-05
3.596839834883247544e-01 5.083773145861555481e-05
3.591310250463704001e-01 5.107254187117637610e-05
3.583031808899627690e-01 5.134830156289442411e-05
3.575407109014866469e-01 5.163624343597063250e-05
3.569699233895616275e-01 5.183983657897868805e-05
3.559995684872690469e-01 5.222779599974220112e-05
3.546093026538662540e-01 5.272775003454771271e-05
3.544231211467344100e-01 5.280424841922567205e-05
3.542763427187348713e-01 5.285622123538157371e-05
3.533655812143137176e-01 5.320493465361092304e-05
3.528954167821001797e-01 5.340918182359203367e-05
3.528536546748228253e-01 5.343130950981759349e-05
3.516030869446427065e-01 5.389811449897375642e-05
3.513327153337895137e-01 5.399867352040803173e-05
3.510210064265139596e-01 5.414425675405006364e-05
3.489500027021263939e-01 5.495200891612528950e-05
3.482795608537496701e-01 5.522583496201712304e-05
3.473842156710368334e-01 5.559881727416179020e-05
3.463169377832714946e-01 5.603811543886042369e-05
3.452427240471952485e-01 5.647503602986841698e-05
3.450078653195274847e-01 5.657161480243409155e-05
3.437851042759313414e-01 5.709245389270943685e-05
3.437444202950056260e-01 5.711610757663511352e-05
3.437037411286756883e-01 5.712793809328319260e-05
3.435004174960227807e-01 5.721082035132103581e-05
3.422323670540615703e-01 5.775249386032004200e-05
3.411102628187825392e-01 5.823820162967060181e-05
3.402635490956049669e-01 5.862621637108006043e-05
3.392482589826136263e-01 5.905884761759699019e-05
3.367382121296652597e-01 6.020118267201690545e-05
3.362901709543859030e-01 6.039475092373472465e-05
3.359818672025672859e-01 6.053876815726904400e-05
3.340391241624070529e-01 6.143555468921767769e-05
3.334466556792773928e-01 6.171292355776330097e-05
3.333578760866269808e-01 6.176087218561236627e-05
3.332493997951662124e-01 6.181845971723553504e-05
3.309305740498753590e-01 6.292939870162722149e-05
3.304413725352080555e-01 6.315135496627698587e-05
3.297967336747495981e-01 6.347918416539377075e-05
3.284334779663110049e-01 6.413995684591825746e-05
3.275600764865299053e-01 6.457983024626857830e-05
3.263412150526937006e-01 6.518452321096071327e-05
3.259552241697382668e-01 6.538734315569960502e-05
3.249153276924289235e-01 6.591763331812436951e-05
3.247039040077498995e-01 6.604061744778009059e-05
3.234956704822965490e-01 6.665208598789620421e-05
3.229601219206413298e-01 6.693567540454728102e-05
3.218535900541297234e-01 6.752046188120349476e-05
3.210546757989535815e-01 6.793777414746410693e-05
3.196140589663302167e-01 6.873387149527459433e-05
3.190471754996779263e-01 6.904776578058011995e-05
3.186321000794107849e-01 6.927695253693801688e-05
3.163026632558498252e-01 7.058037529577182749e-05
3.162652315831024907e-01 7.060961709174960819e-05
3.162278043400685301e-01 7.060961709174960819e-05
3.161716717800834298e-01 7.062424253255712768e-05
3.136003163808299687e-01 7.228160958977166740e-05
3.133220843583795490e-01 7.247648457041266034e-05
3.114735021033032125e-01 7.368351856214750610e-05
3.109946598130161055e-01 7.402384958983303437e-05
3.104063259033389421e-01 7.442353194741305460e-05
3.067906780523528831e-01 7.691512956902210151e-05
3.058300190147685282e-01 7.761924670381970274e-05
3.046176515791810258e-01 7.847595148533353926e-05
3.021782575540131743e-01 8.028431551871329441e-05
3.007422484007917229e-01 8.138084729678343157e-05
2.989767321708455827e-01 8.274902843740260976e-05
2.976351821315688095e-01 8.381844290042888635e-05
2.957741199442102120e-01 8.536009384508553416e-05
2.934294191384079764e-01 8.725477777244626228e-05
2.931604092218897950e-01 8.750814308947920620e-05
2.920565881012742726e-01 8.841446197275025347e-05
2.908450333067166826e-01 8.948756568885223907e-05
2.887529119361804675e-01 9.131297270888191569e-05
2.880020745602487886e-01 9.200586868374300491e-05
2.860150142771722970e-01 9.383404776453693741e-05
2.844116788243242766e-01 9.532271156953022015e-05
2.836385597217513932e-01 9.609577702473033254e-05
2.826500260373250861e-01 9.701566021205689123e-05
2.812568849428336293e-01 9.838145352664303105e-05
2.801357136427725658e-01 9.951883135806785540e-05
2.789282174979461626e-01 1.007632251687467232e-04
2.774631034120407791e-01 1.022982388083721272e-04
2.766270147283069192e-01 1.032133461345434070e-04
2.759240351259225621e-01 1.039642408563464464e-04
2.749461178229898328e-01 1.050464338777685487e-04
2.743447972525705492e-01 1.057230433270536866e-04
2.738420007613057150e-01 1.062608648592181930e-04
2.724187150440188776e-01 1.078684579419496108e-04
2.720814084390010268e-01 1.082937653795649580e-04
2.717756767609326718e-01 1.086307186075387038e-04
2.709727602973750482e-01 1.096251751047911896e-04
2.699484876146684420e-01 1.107662943828562567e-04
2.698207260613142422e-01 1.109040244879652926e-04
2.697249445794283051e-01 1.110189303883837939e-04
2.687133389453223442e-01 1.122326537527928053e-04
2.676896865659230684e-01 1.135066531337045439e-04
2.675946615645484195e-01 1.136007253441967846e-04
2.674996702953320593e-01 1.137419798650716443e-04
2.666778238492025777e-01 1.147356916824425824e-04
2.664865546900742066e-01 1.149705900308463304e-04
2.662678479794146069e-01 1.152596673753027281e-04
2.656697859573030063e-01 1.160020607835200680e-04
2.653869624588186538e-01 1.163629981717031651e-04
2.650377772664781473e-01 1.167976057672351879e-04
2.642860427744848084e-01 1.177631232037097979e-04
2.636651268715112240e-01 1.186014459884190047e-04
2.631974772266876261e-01 1.191924373940584113e-04
2.626373923931410448e-01 1.199353196519102296e-04
2.621056403072654084e-01 1.206266073436419788e-04
2.616755943008998719e-01 1.212088610379144933e-04
2.610260556007613086e-01 1.220906762042446895e-04
2.602548971219850182e-01 1.231573267749389901e-04
2.599393810600061916e-01 1.235533214609561489e-04
2.597010741056317573e-01 1.239249207178591062e-04
2.588725485533759363e-01 1.250593875073554510e-04
2.578558656454696951e-01 1.264658916353462884e-04
2.577948392528008892e-01 1.265575979000871756e-04
2.577414530071324150e-01 1.266493706652806412e-04
2.572081982339529116e-01 1.273859525971653345e-04
2.567368082863697998e-01 1.281002848862186974e-04
2.557966185815912508e-01 1.294320413537214897e-04
2.555243057391389794e-01 1.298633395668802835e-04
2.546186882209400815e-01 1.312151235905046481e-04
2.538664592535116449e-01 1.323066749927476529e-04
2.532063362963962727e-01 1.333520583723095832e-04
2.525180429875826249e-01 1.344057015498773119e-04
2.519508642893100170e-01 1.352364000722125589e-04
2.509390906000848465e-01 1.369345000016239670e-04
2.504940124891344433e-01 1.377879619557805218e-04
2.500497237909628523e-01 1.386323864325498016e-04
2.490455846218302682e-01 1.406131822753204242e-04
2.486038649277045876e-01 1.414895720917905394e-04
2.481629286897019393e-01 1.423640526912528851e-04
2.471663664330192578e-01 1.443906906539841630e-04
2.467279798141811253e-01 1.452906242792291274e-04
2.462903707397570419e-01 1.461942744553183793e-04
2.462320815368425064e-01 1.463173315306347342e-04
2.457953520123839497e-01 1.472292731939381979e-04
2.453593970932342327e-01 1.481449809989477209e-04
2.453013282225706693e-01 1.482696800554083618e-04
2.448662495287017016e-01 1.491937899830070085e-04
2.444319425121458389e-01 1.501197730898436514e-04
2.443740931408809325e-01 1.502480792518441166e-04
2.439406590374884609e-01 1.511845198079131381e-04
2.435079936944811729e-01 1.521189203263152072e-04
2.434503629929107849e-01 1.522528767205294726e-04
2.430185672634690430e-01 1.532018124357094997e-04
2.425875373885107433e-01 1.541406996829688015e-04
2.420999609815487341e-01 1.552460223004775426e-04
2.416133645538353913e-01 1.563430801294911267e-04
2.411848270166233321e-01 1.573175085656016033e-04
2.407570495550019618e-01 1.582652286172330446e-04
2.402731522433902700e-01 1.594166351868713959e-04
2.397902275164178754e-01 1.605431649691819215e-04
2.393649235861606273e-01 1.615437709764295843e-04
2.389403739962072393e-01 1.624832957627331482e-04
2.379808472869622549e-01 1.648560831536297695e-04
2.375587525638978015e-01 1.658835699804062677e-04
2.371374064891270672e-01 1.668483346673706245e-04
2.361257292926889906e-01 1.692848658986729820e-04
2.357348220681690087e-01 1.702605963551543993e-04
2.353480435971950502e-01 1.712242187595029025e-04
2.352227382652840038e-01 1.715436759435689336e-04
2.348402740815360989e-01 1.725234927668824485e-04
2.344584317715617539e-01 1.734729744405021199e-04
2.343197340084901548e-01 1.738326258523671761e-04
2.339456597453596909e-01 1.748074135350403263e-04
2.335721826643441523e-01 1.757876674587116486e-04
2.334340091765897685e-01 1.761521177887637451e-04
2.330613489081671541e-01 1.771399123057901704e-04
2.326892835645206215e-01 1.780548654189242940e-04
2.325241119046160820e-01 1.785025592826248845e-04
2.321666420796086039e-01 1.794663611400460423e-04
2.318097218091171030e-01 1.803980009041079142e-04
2.316451744954347858e-01 1.808843633015888705e-04
2.312890559006255398e-01 1.818610254067662218e-04
2.309334847830252224e-01 1.827672395101482801e-04
2.307695594555462804e-01 1.832979483236239098e-04
2.304147869833070572e-01 1.842876422740399346e-04
2.300605599188214889e-01 1.852059482174614718e-04
2.298411446715218354e-01 1.857437384105537718e-04
2.295132629322228779e-01 1.866596350872679207e-04
2.291909346965872174e-01 1.875606242180616529e-04
2.289604935520406503e-01 1.882221632825646759e-04
2.286355592710459517e-01 1.891209021553040797e-04
2.283245966437288388e-01 1.900239324013194224e-04
2.271924956710267562e-01 1.932786650083982173e-04
2.268969217626400636e-01 1.941613312557346344e-04
2.266017323913175618e-01 1.950076363416496463e-04
2.254231428716322594e-01 1.984710073241891654e-04
2.251548507569481883e-01 1.992844984745430128e-04
2.248918683205593794e-01 2.000806035798425686e-04
2.236708784772478142e-01 2.038028395248218916e-04
2.234327656631314718e-01 2.045640287640144062e-04
2.231949063362486940e-01 2.052855399915638442e-04
2.219289516860135092e-01 2.092779089418066499e-04
2.217172917829240975e-01 2.099616829700975409e-04
2.202038484194696333e-01 2.149000635769887993e-04
2.200214986790350047e-01 2.155240778043881003e-04
2.198392999415373639e-01 2.161051419329841562e-04
2.183289859694486079e-01 2.211994719233375606e-04
2.167905593650055474e-01 2.266015401604312164e-04
2.166623133240687948e-01 2.270713399324838762e-04
2.165341431491985269e-01 2.274478809393758422e-04
2.149765586748043633e-01 2.329784187003730426e-04
2.149002458812648009e-01 2.332439562194229274e-04
2.133544144402735321e-01 2.389401712981987830e-04
2.133165425981954355e-01 2.390886778062463090e-04
2.132786774786238071e-01 2.392372766143155188e-04
2.117946355311723650e-01 2.448515524904143438e-04
2.116662135959351820e-01 2.453464852206555576e-04
2.100721558525223964e-01 2.516377566827709424e-04
2.100472956375932787e-01 2.518463093918928706e-04
2.100224383646546733e-01 2.519506505542364288e-04
2.084253425755662470e-01 2.584514113314915281e-04
2.069138424254787223e-01 2.649003584269142217e-04
2.068403917505081957e-01 2.653396293966357906e-04
2.067669671491999817e-01 2.656695605841874214e-04
2.052432019093714533e-01 2.722986168243722604e-04
2.051339251669577479e-01 2.728066509680584324e-04
2.038030124150875810e-01 2.788619673762665336e-04
2.036824493723527196e-01 2.795558890592597136e-04
2.035619576506797757e-01 2.801354759979144651e-04
2.022651801806938099e-01 2.861756013383628971e-04
2.021156246013548208e-01 2.869174324415482594e-04
2.019542287788281265e-01 2.876611865367112442e-04
2.007389519356283236e-01 2.936658422661639605e-04
2.005727209817039780e-01 2.945338217492212210e-04
2.004066276828275206e-01 2.953890718229651782e-04
1.992242401199055268e-01 3.022897789342202579e-04
1.991535191147965622e-01 3.029478687970947300e-04
1.988466159974219272e-01 3.053454772729808460e-04
1.981426057524897089e-01 3.114732378739579893e-04
1.979547297247923332e-01 3.127640710563032458e-04
1.977209578342393748e-01 3.147806377309516701e-04
1.971368238376744741e-01 3.198408229521101042e-04
1.967755277448842710e-01 3.229694035269171665e-04
1.962290188350580833e-01 3.277536867247830138e-04
1.961825775833670460e-01 3.284331993494712205e-04
1.960201197409774110e-01 3.296598741971885926e-04
1.956029884778143213e-01 3.335055722895406802e-04
1.951867448709333208e-01 3.372564059812986799e-04
1.950135715673865511e-01 3.388667659774313896e-04
1.947483375295560593e-01 3.413320795778192868e-04
1.944230545398664967e-01 3.442963151009529915e-04
1.942419380278600505e-01 3.463166439955267148e-04
1.938515313843675869e-01 3.499215513391212753e-04
1.932788289707837448e-01 3.553073963331234569e-04
1.932673921971320985e-01 3.555466363996717715e-04
1.932559561002219206e-01 3.556202811310720489e-04
1.931844958244614274e-01 3.562284324960913410e-04
1.926821627434098516e-01 3.612434415214915923e-04
1.925482381009006594e-01 3.626114348979805175e-04
1.923204952936549694e-01 3.651738561932244952e-04
1.921157570878661291e-01 3.671455659675559521e-04
1.918204088527740436e-01 3.699698295059742118e-04
1.913442667067739855e-01 3.749840836492669563e-04
1.909540342337593677e-01 3.790051235203736380e-04
1.904067919906151651e-01 3.848186851735493409e-04
1.904180594856486886e-01 3.850578583475538510e-04
1.903729935057055511e-01 3.852173897085910083e-04
1.898105678592157119e-01 3.913288087379840027e-04
1.894514877594036528e-01 3.954022603633637286e-04
1.889364998911026161e-01 4.011764262141859563e-04
1.886906964390792918e-01 4.041787538488578408e-04
1.885344425871823548e-01 4.060245599749369178e-04
1.881109769272198418e-01 4.105909922200717409e-04
1.876662511107533293e-01 4.157250646611039806e-04
1.875774321958339763e-01 4.169322227731906945e-04
1.875441359412982345e-01 4.171913552085620785e-04
1.875108455970713739e-01 4.175371156719284130e-04
1.866694584414588520e-01 4.281329149087041491e-04
1.864266043751525714e-01 4.308013085873782771e-04
1.860959488335715839e-01 4.347450656189170374e-04
1.857219148042094647e-01 4.396345084796597440e-04
1.853020250466339003e-01 4.447401045477360833e-04
1.849487380574914575e-01 4.492532085262466069e-04
1.847778141825038301e-01 4.514450870645319875e-04
1.847573139354664051e-01 4.520064273137372056e-04
1.846917284277245497e-01 4.525626073846957561e-04
1.841896790606770140e-01 4.591774449133913510e-04
1.839935966600045603e-01 4.618479817480837459e-04
1.838629910416168523e-01 4.635729514034090033e-04
1.836400875438589653e-01 4.666071653747942216e-04
1.835993417612438727e-01 4.670664255508039358e-04
1.834283081743826038e-01 4.697585205245072564e-04
1.832981038191560663e-01 4.712201619154412374e-04
1.831029705607733482e-01 4.742553150613034135e-04
1.829459309617929297e-01 4.760266252319379451e-04
1.826052399300779061e-01 4.807576366674542220e-04
1.825404183697183214e-01 4.817793080966368494e-04
1.822813621514369764e-01 4.853848522811783032e-04
1.820442169302533275e-01 4.888148612719977982e-04
1.819903633308819491e-01 4.895240428181355094e-04
1.819149950553746731e-01 4.906405503214005155e-04
1.814406237114737641e-01 4.973803995819563476e-04
1.811308692030901835e-01 5.019466473833091458e-04
1.809059253945221324e-01 5.054936915593794032e-04
1.805423227871848224e-01 5.106497461630784369e-04
1.803607956270584789e-01 5.136196415093366354e-04
1.802434341462877121e-01 5.154312128803054029e-04
1.798119883267883801e-01 5.218221783595289884e-04
1.796258808012299590e-01 5.246940225779287044e-04
1.793285093342309455e-01 5.292780350187016938e-04
1.792860679028524251e-01 5.303753563344712919e-04
1.791800082641346326e-01 5.316951453445988756e-04
1.788833749411594676e-01 5.363403234028191234e-04
1.787352424846983534e-01 5.387896858326167394e-04
1.785027107101270494e-01 5.424847187393300749e-04
1.784604647193717697e-01 5.434968456563216361e-04
1.781966537073502999e-01 5.474508780368630501e-04
1.779911518723768515e-01 5.507488591651524268e-04
1.778279733299977516e-01 5.534359286873692099e-04
1.776583737743035740e-01 5.562369008515228187e-04
1.775545903505422740e-01 5.580976380928669763e-04
1.771557864463305931e-01 5.648421320965822320e-04
1.771348215978045260e-01 5.653102627874125648e-04
1.770090845975352822e-01 5.671866685479666752e-04
1.766951324396417444e-01 5.730906740934347751e-04
1.766010554212862349e-01 5.743977805513579603e-04
1.764861404182898053e-01 5.761850042721267063e-04
1.760636883725678892e-01 5.835709479711152867e-04
1.757982189869859435e-01 5.884864911007145006e-04
1.755487311080925761e-01 5.931362489222841193e-04
1.751544325478182618e-01 5.997449586048201253e-04
1.750093880104937882e-01 6.025462710436337455e-04
1.749032708548980408e-01 6.042959096409387726e-04
1.744820264728212666e-01 6.122323678689566397e-04
1.744717019512289635e-01 6.123591801733645461e-04
1.744304099737661873e-01 6.131206057922287565e-04
1.740386232653885201e-01 6.205300409287955055e-04
1.739511072696691418e-01 6.220097559446311928e-04
1.738327733182658263e-01 6.243975745403957875e-04
1.736271668469873963e-01 6.288099275103206393e-04
1.734423289566618120e-01 6.322051067085064473e-04
1.733807600641170121e-01 6.329912093427297404e-04
1.731756882264890163e-01 6.369364087956294563e-04
1.731654410040758540e-01 6.370683380728118985e-04
1.731654410040758540e-01 6.372002946766378928e-04
1.731244581775927827e-01 6.378604877935673337e-04
1.729094574151601171e-01 6.422349506948879299e-04
1.728480776823831944e-01 6.432999366815289524e-04
1.727867197383022302e-01 6.449007278504784646e-04
1.727253835751826061e-01 6.457026165976523365e-04
1.726410819009167597e-01 6.472758714868049202e-04
1.725210869058077523e-01 6.497270415377421129e-04
1.725108784177307730e-01 6.499962266406872444e-04
1.723884236673299264e-01 6.525590539480076663e-04
1.723170318750864294e-01 6.543183871134839336e-04
1.721947147242979537e-01 6.562183585514237650e-04
1.721335887122603658e-01 6.578512959937785195e-04
1.720724843988523656e-01 6.586692878625882231e-04
1.718689599676072322e-01 6.627745292557744947e-04
1.718587900674512503e-01 6.629118104087628523e-04
1.718587900674512503e-01 6.630491199969339123e-04
1.718181164842461639e-01 6.637360946717184382e-04
1.716047380486819263e-01 6.682880131209274766e-04
1.715438214677027784e-01 6.693962015934541146e-04
1.714220531709245987e-01 6.718963492194504009e-04
1.713396549653806722e-01 6.735508622835990975e-04
1.712192980587614322e-01 6.760840299806078132e-04
1.710876358545766751e-01 6.790309265092730117e-04
1.710167827619239467e-01 6.808616292206423311e-04
1.708347238024303660e-01 6.845378549595163052e-04
1.705720918614989645e-01 6.896608053240694007e-04
1.705619987001512072e-01 6.899465351813937599e-04
1.703098636765186247e-01 6.953979505442581558e-04
1.699273320932694065e-01 7.035102225590013575e-04
1.697966633698936023e-01 7.065766636237297456e-04
1.697263449119771062e-01 7.084816310757081383e-04
1.692850095066103788e-01 7.176377567410855123e-04
1.692749925050243409e-01 7.177864017694089629e-04
1.692349304256305920e-01 7.186789187314725647e-04
1.688448216952729009e-01 7.275146637843887430e-04
1.686451148890146801e-01 7.320489928732863086e-04
1.682663224843170824e-01 7.412026095648601180e-04
1.680076390627982252e-01 7.467496281137503585e-04
1.679976976462967675e-01 7.470590101506166796e-04
1.679579378625184749e-01 7.478330261398777453e-04
1.677493533269930892e-01 7.529616834118578288e-04
1.675707727676515046e-01 7.570272042198273156e-04
1.673725728849683736e-01 7.617454740280587546e-04
1.672438686903129634e-01 7.650657493098223004e-04
1.671746074297623397e-01 7.671284063803007801e-04
1.667399072470929777e-01 7.770424588866927827e-04
1.667300408453352700e-01 7.772034084705528112e-04
1.667300408453352700e-01 7.773643913920616705e-04
1.666905810761465656e-01 7.781698063060698677e-04
1.664835704526970717e-01 7.835065139619852787e-04
1.663063374050400556e-01 7.877369576961980964e-04
1.662251686596358247e-01 7.896562793594616870e-04
1.661096330751695993e-01 7.926466300086452282e-04
1.659131614038616143e-01 7.982479277308440540e-04
1.657365355953084873e-01 8.025579658531067700e-04
1.654817413294953077e-01 8.085641561520861675e-04
1.654719493764441329e-01 8.088991482513782638e-04
1.654327873580310471e-01 8.097372358267091157e-04
1.652273387704210061e-01 8.152904336900769966e-04
1.650514430665572518e-01 8.196924906548966067e-04
1.648562230045370613e-01 8.248013299530537095e-04
1.647294538030484312e-01 8.283964513703526763e-04
1.646612338455124280e-01 8.306298513090105279e-04
1.642330691288027833e-01 8.413645704130925636e-04
1.642233510626920912e-01 8.415388431004262437e-04
1.641747693570785871e-01 8.427597630543160216e-04
1.638060177586918020e-01 8.529443396956282999e-04
1.637260693384536558e-01 8.550225391919731750e-04
1.636122707647123253e-01 8.582604254368744355e-04
1.634187529314082288e-01 8.643253880369179080e-04
1.632447825897848648e-01 8.689922029988662693e-04
1.629938190084694316e-01 8.754955744207580355e-04
1.629745301057768103e-01 8.758582965352181221e-04
1.629359591481437108e-01 8.769473647929815121e-04
1.627432412448086840e-01 8.827786405473363879e-04
1.626854703350609499e-01 8.842425080625992972e-04
1.625699900311725898e-01 8.875450914983512140e-04
1.624882410820903400e-01 8.896615302079992826e-04
1.623777049899342295e-01 8.930768308933414610e-04
1.622432407988231295e-01 8.967837979642032413e-04
1.621856473801983334e-01 8.993878262716687886e-04
1.620705218695597805e-01 9.019994160041302405e-04
1.620129897630337157e-01 9.042439564077646126e-04
1.619554780793657778e-01 9.053683202393279306e-04
1.617639198724956928e-01 9.110111452090296786e-04
1.617543479118912220e-01 9.111998438612544347e-04
1.617447765176827368e-01 9.113885815988202743e-04
1.617064966041380225e-01 9.125218292698575491e-04
1.615152328883557864e-01 9.185896580039080170e-04
1.614578978993835845e-01 9.201129091321578503e-04
1.613432889728692032e-01 9.235494659873346194e-04
1.612621568751648471e-01 9.257517606750228015e-04
1.611524548529449929e-01 9.293056072957154050e-04
1.610190052855385023e-01 9.331629521129206984e-04
1.609618464483980604e-01 9.358726160790812243e-04
1.607904916502940762e-01 9.409257411956710362e-04
1.605433011613494887e-01 9.479674494576061962e-04
1.605243022561585464e-01 9.483601970256713655e-04
1.604863111905768247e-01 9.495394163030288371e-04
1.602964906895140984e-01 9.558533940836650040e-04
1.601258442077238831e-01 9.610144028688752480e-04
1.599364500609265771e-01 9.665910686543506937e-04
1.598040074611992156e-01 9.710178720589003696e-04
1.597088820915436302e-01 9.738374569261072687e-04
1.593318928479185159e-01 9.859633697720342465e-04
1.593224647962084850e-01 9.866272510889802401e-04
1.593130373023790014e-01 9.868316121810567949e-04
1.592517721885452486e-01 9.885703914032854638e-04
1.589175858907142525e-01 9.999991516795355816e-04
1.593318928479185159e-01 9.999991516795355816e-04
1.599364500609265771e-01 9.999991516795355816e-04
