0.19474833752955606	0.03162276318855668
0.20691384242547872	0.03162276318855668
0.23357218266434415	0.03162276318855668
0.2636651268715112	0.03162276318855668
0.3359818672025673	0.03162276318855668
0.42813327810292434	0.03162276318855668
0.545559512914557	0.03162276318855668
0.6951928227826671	0.03162276318855668
0.8858668017108228	0.03162276318855668
1.1288378772844376	0.03162276318855668
1.2742749531920357	0.03162276318855668
1.3134726685036273	0.03162276318855668
1.3538761368450494	0.03162276318855668
1.364169724514251	0.03162276318855668
1.36691708956986	0.03162276318855668
1.368414303050864	0.03137648822068415
1.3713730760747773	0.030920080545753348
1.372103619217582	0.030795457408937302
1.372672088482946	0.03072219730278619
1.374541574842953	0.030446655943471304
1.3748669627139019	0.03038995666313683
1.3769838622312816	0.030083107835468612
1.3774728401975695	0.0299897953689529
1.3789408161829848	0.029822561711407344
1.3815544151141197	0.029466465596743513
1.3833541373622313	0.029205210831213465
1.3849922828660517	0.029030324887164387
1.3861401388019525	0.02886246326386396
1.3873710401442836	0.02873422860503787
1.3897538829948748	0.028441152372071322
1.3910703063444405	0.028282554493110273
1.3919348867643906	0.028193367207087625
1.3930472797918174	0.028066652057133535
1.3955224481425235	0.0277918943550844
1.3960180093087207	0.027714297332938904
1.396348481181066	0.02769708299406818
1.3966790312842492	0.027656957773602674
1.3986639757883221	0.027440147292094805
1.3996575056577076	0.027332380250366353
1.4008175158584668	0.02722503644744778
1.4013149573454973	0.02716870914554812
1.4018955290116517	0.02711530615625428
1.4031404212416392	0.026972479748521246
1.403970963485659	0.02689995606721981
1.4046357512274215	0.026844301341121986
1.4051345486003244	0.026794310545090093
1.4053008537497265	0.026766578118120162
1.4061326747898213	0.02669737256304153
1.406632003732236	0.02663386149639452
1.4069649881986788	0.02661731825476992
1.4072980514907525	0.02657875730727224
1.4081362625257958	0.026507463828357482
1.4088394951017515	0.026441495103352575
1.409506588119209	0.026377226970891066
1.4102991713531514	0.026304941770521444
1.410466087763133	0.026266833367983165
1.4114680011692164	0.026196207030703886
1.4123034726468435	0.026120360257305825
1.4124706262765465	0.02609332537682084
1.4129722058761498	0.026044733085662634
1.4138085677176593	0.0259209635087018
1.4146454246157079	0.0258512671472972
1.4149803060563912	0.02580847025633088
1.4155665393436028	0.025749740192804547
1.4158388016383705	0.02571842777051728
1.416320624753724	0.025664553139740972
1.4168235715185333	0.025606150575726072
1.4169912601259855	0.02558494624644422
1.4169912601259855	0.025579647908317345
1.4172008987951932	0.025567730658906638
1.4182075962209129	0.025454134352589055
1.4185013509827387	0.025410679184107856
1.4193409856175585	0.025331859762807475
1.4193409856175585	0.025321368995325225
1.420183743436765	0.025242826598394996
1.4215684217684759	0.025095565954583395
1.4216946075409878	0.02507608277842296
1.4216946075409878	0.0250605071287389
1.4221994626500023	0.025029384847136713
1.4232097107659378	0.02491044040013736
1.4237151039002074	0.024864050936344525
1.4243049560570462	0.024810039069761106
1.4249793720527784	0.024745892187863515
1.4255908373806223	0.024685106278140186
1.426075979204459	0.024628294952463336
1.4265823901735417	0.0245824309139869
1.4267512337891006	0.024556987808484386
1.4272578845464787	0.024501105633381273
1.4275957516673046	0.02448588712251617
1.428102702319726	0.024435226989924858
1.4282928552229306	0.024420049398635638
1.4286204001315177	0.024389406785240524
1.4293708666878617	0.024311552189838104
1.4299630620549888	0.024258740509365165
1.431063504455239	0.024155962401455372
1.4320376786340128	0.024069815825461072
1.4330125159666771	0.023980251277351674
1.4333517453506022	0.023939312314547274
1.4337016597603978	0.023919178665801115
1.4345396807127617	0.023825548101715475
1.4352189429052233	0.02378117897843804
1.435898526731957	0.023707413977851474
1.4362384393057657	0.023687781983150816
1.4367484590455892	0.023624090206669696
1.4372586598974955	0.023589865597961168
1.4384498332380244	0.02350208695987089
1.4387903497689685	0.023468039099276115
1.438960638261494	0.023453462262893333
1.4401638746914014	0.023361654725012625
1.440664632080631	0.023313018801869517
1.4419439515230426	0.023214247476078857
1.4426267196772367	0.02315902250533945
1.4429682249801543	0.023132657023123487
1.443907781466031	0.023058515679561832
1.44424959002785	0.023006043445553643
1.4457887301496999	0.022906200526886356
1.4480201841079292	0.0227406104493813
1.4483576095830015	0.022703110202796122
1.4487433349784844	0.022685484431922046
1.4493864389312812	0.022637963171732382
1.4516180769997484	0.02246456864579536
1.4524773139776586	0.022404165848861884
1.4545523173213213	0.02226510569700046
1.4547137111043267	0.02225156407557808
1.4566087364481464	0.02210915785985522
1.457729684294071	0.02203829688322347
1.460406196182087	0.021865532626287508
1.4609247980853848	0.021831594785925796
1.461140936560689	0.021818034403491483
1.4616165537716939	0.02178642625758127
1.4640402791480926	0.021624591947907636
1.4656005102530207	0.02153074432999029
1.4673794654061165	0.021425097829771835
1.469464888570642	0.021299006071698476
1.470291187108985	0.02124723716308857
1.4706392412732272	0.02122524602239671
1.4715097371958732	0.02117804211407037
1.4740370902653792	0.02103052488191695
1.475171450275587	0.020967463091171992
1.4774646466122046	0.020838129584892118
1.4774427898421272	0.02082896057928741
1.4779674415758906	0.020807402359785825
1.479214236252726	0.020743398499545457
1.4800679122528626	0.020691372958523177
1.4809658977288864	0.020649098066023608
1.4826976989847611	0.020556822832471296
1.4827415683279705	0.020554694185481587
1.4844974068134906	0.0204623110679617
1.485156382166259	0.020418918256685164
1.4877952100986003	0.020296646179403494
1.4881474078965296	0.020279838624998468
1.4907915502875624	0.020150051115938563
1.4939707234041064	0.019996230317253408
1.4955628514525665	0.01992182371002205
1.496271008441948	0.01988472429689091
1.498940672135852	0.019769489241427636
1.4993731399552526	0.019747238200425943
1.4996393360133775	0.01973803820034579
1.5021261126613035	0.019622891182176846
1.5032820888601013	0.01957620978134854
1.5053294571893232	0.019489233539595717
1.5072012286114667	0.01940666261852757
1.5082718570581286	0.019364505768267544
1.5112200083037814	0.019240576233407157
1.5119355790404672	0.019216681639868075
1.5146443950732746	0.019109522657387978
1.5153840050028233	0.01907887458398022
1.5167745519929874	0.019026590078347717
1.5194695591335996	0.018916572904622085
1.521178873166497	0.0188578970495406
1.5225296897718978	0.018807191881592102
1.523791534161654	0.018760508127989992
1.5277641431740152	0.01862115099588746
1.5279449621883472	0.018609584734634105
1.5281258026035716	0.01860573091092952
1.5283066644222212	0.018602841066900824
1.5351952985245434	0.018364542084715826
1.5370587282710624	0.018304734996387354
1.5388333579973092	0.018243233407682115
1.539926456076364	0.018213974698990238
1.5415675592552125	0.018156538056501536
1.5424800388335849	0.018122726046306367
1.545769439736964	0.018029133810620167
1.5463183548097725	0.018014203972226226
1.5485159650345814	0.017947172547888687
1.5505331846267596	0.01788409413283519
1.5509920099810728	0.017871134946674805
1.5516345935849278	0.01785541141586516
1.5558639139766626	0.017732874444481312
1.5586283751501957	0.017648604417175823
1.560658767969044	0.01759386157552084
1.563431748645842	0.017521135166259433
1.565746329213186	0.01746136224648513
1.567507701895116	0.017416215524279376
1.5708533801070632	0.01732991685060057
1.5753185980639886	0.01721716960327816
1.5758780062789033	0.017197568647370806
1.5764376131441424	0.017186886623905016
1.5810151804227897	0.017078661965703363
1.5811087384335474	0.017069821369446153
1.585887545468194	0.01696057742344615
1.5863568326928499	0.01694302302606869
1.587295823790031	0.01692636317789417
1.5987017629708022	0.016737248160851127
1.59908021508346	0.016732049302432526
1.5993641129595375	0.016726852058862946
1.600476531692541	0.01671689518725158
1.6067631752968479	0.01665081102823618
1.6096180743489237	0.01662668872396391
1.6115241579324018	0.016609479905322612
1.6150563649784142	0.016580265780761994
1.6231041962959074	0.01651685959763715
1.6235844964696389	0.01651343915242301
1.6237766563325655	0.016511729195450194
1.624353272390965	0.016506600386848654
1.6299377950245968	0.016463922221668467
1.6320610811439504	0.01644517880326898
1.6351544358747447	0.01642475577339636
1.6361223110880385	0.01641795373456521
1.6372845176038087	0.016407755957737056
1.6408731872994755	0.016382289219199073
1.6423302932242687	0.01637041827207992
1.6460274218706505	0.016343316969777373
1.6485618304712277	0.016323020440643533
1.6495376417452507	0.016316260533804708
1.6520774550744017	0.01629937301199612
1.6538380778317603	0.016282502968971484
1.654817012204695	0.016279341780315766
1.6569727079636436	0.016262281963866313
1.6583950425748162	0.016253022397599275
1.661095928139571	0.01623283800398961
1.6667081429653396	0.016191705999802568
1.6672013461820234	0.01618835289003201
1.667398668331163	0.016186676595551664
1.6679907749143956	0.016181648753514594
1.6737253231764786	0.016139810757670188
1.6812694120740512	0.016084750191991296
1.6849046375838144	0.01605895328364001
1.6864507401325879	0.016048147542117107
1.690347212351507	0.016019920735261307
1.693851710752049	0.015995055961930026
1.69615862199159	0.01597850089063615
1.699272909067331	0.01595535257313708
1.7026951540610593	0.01592893841399699
1.705720505186875	0.015909156495602535
1.7107747072193573	0.015872953428843557
1.7118000050776632	0.015866585291014552
1.7121925655908186	0.015863094171149932
1.7132060409594216	0.01585652473510942
1.7186891831046434	0.015817165212519354
1.7207753388868394	0.015801612405290877
1.7252104509060402	0.01576973611750575
1.7256188507433625	0.015768103170547526
1.7298105272551405	0.015737109285623153
1.7317564625262472	0.015724077461638137
1.7366308832419013	0.0156907326491424
1.7383273118513902	0.01567855100283711
1.738944605762384	0.01567368099277994
1.7403858108236834	0.015663945510306046
1.7449230931238295	0.01563234693529164
1.7480234749107	0.015608891888147014
1.7515439009435119	0.015583051296255104
1.7550714169265618	0.015560475873098766
1.7571497439961612	0.015544370597314868
1.7606364569871784	0.0155226549132526
1.7648609764204695	0.015492945646499895
1.7663236604894605	0.015480116013241967
1.769985676433755	0.015457689714126066
1.7715574350778065	0.015446488751017333
1.7755454731533136	0.015416127033462805
1.7782793022852499	0.015400968561717746
1.7784897711014493	0.0153555825186094
1.7791739668047768	0.01526758265333718
1.7792266081445671	0.015254149801593012
1.7793318954967738	0.015238361576900715
1.7804904676635065	0.015086061273217275
1.7803851117557954	0.015053290011171352
1.781017340727415	0.015012814681595169
1.7817552249550372	0.014905926251385202
1.782071554629611	0.014855075052217389
1.7825988955601835	0.014792137880927089
1.7830208806568861	0.01472794213067323
1.7835485025068574	0.014659470098778769
1.7839707123989306	0.014577723732318523
1.7842874354072307	0.014552083228259769
1.7846042146459742	0.014466440783475618
1.7850266744511323	0.014455209627553133
1.785554889844704	0.014378324167988779
1.7856605516787338	0.014361955107072713
1.7862946540012008	0.014275953191462274
1.7867703785096407	0.014205904313037775
1.7871933510991775	0.014151578153117496
1.787616423816752	0.01408797385446854
1.788013145447153	0.014035915423747394
1.7886216229539387	0.01394572691712072
1.7888333158388128	0.013902469744919361
1.7890450337786659	0.013865088744192542
1.7901304815766932	0.013741802714390464
1.790209930438144	0.01371940827013194
1.7903158677384334	0.013699532737332583
1.7914815918730205	0.01354296392896043
1.7913755855940274	0.013538757266589275
1.7915876044250314	0.0135359535509541
1.791799648349592	0.013507948308660459
1.7927541566225182	0.013372942677040072
1.7928602444797053	0.01334665673497402
1.7939214683943765	0.013184560131167334
1.794983320465203	0.01305143500484963
1.7957269908667923	0.012961195340205968
1.7964709693746792	0.012839629400945721
1.7971089105628042	0.01277332096489993
1.7973481969083618	0.01273930582239266
1.7978534616068058	0.01267056293024039
1.798385472633531	0.012589473488084982
1.798385472633531	0.012584259767484743
1.7990240936770523	0.01250372265085447
1.7995564511108584	0.012432709957969175
1.7996629415000065	0.012408272143378052
1.7998759411836722	0.012339079249300958
1.800515091504479	0.01228044157335515
1.8009413178063665	0.012229678844778425
1.8013676450065248	0.012176603798079675
1.80179407312884	0.01213380703629072
1.8022206021972027	0.01205365605446037
1.802433904593619	0.012016267750594781
1.8028872560125855	0.01198675094185926
1.8035007953175668	0.011880166774883256
1.8038209856622818	0.011858042936139184
1.8039277284091388	0.011840863993966685
1.8047818978129668	0.011709174541015098
1.804995503352346	0.01170190155494499
1.805022205822302	0.011697358232877948
1.8054227902781523	0.011645085903140704
1.8055296278132542	0.011624603564618807
1.8055296278132542	0.01162339984371378
1.8060639103293707	0.011554993391956673
1.805850178353306	0.011547816173299157
1.8060639103293707	0.011540643412668219
1.8071463167101818	0.011414804491377188
1.8072398884496659	0.011395759718723465
1.8073468335132041	0.011374537966945016
1.8082026218815404	0.011276024482351486
1.808416632281812	0.011245705475217919
1.808630668011353	0.011210823290792662
1.8089517691046026	0.011171420930184545
1.8090588154702352	0.011136769163246697
1.809272927205573	0.011097627078566796
1.8099154144711616	0.011049464973664774
1.8102367436560278	0.011002651203470482
1.8106652713126021	0.010951498511706525
1.811093900412235	0.010891556914641738
1.8112010735404354	0.010867897321904203
1.8116298294776625	0.010807294100154543
1.8123267743606124	0.010736461413449626
1.8123267743606124	0.010735349659145266
1.812702163423096	0.010664988507498339
1.8133458684378523	0.01060551677673633
1.8135739021077677	0.010581245767736232
1.8140166375658542	0.010524556730943886
1.814204497381232	0.010474542014724496
1.8146339643029115	0.010431244195987049
1.8150635328899967	0.010385974096922716
1.815385776062711	0.01034839912857747
1.8159229751566586	0.01028110642596289
1.816137899301814	0.010249216256756833
1.8163528488843854	0.010221658134540231
1.8172129016490495	0.010133129601417948
1.816997850286704	0.01011425918238069
1.817481751644874	0.010098037816549409
1.8183154394306027	0.00998909268763487
1.8183154394306027	0.009981079162119509
1.8183019898196215	0.009972942971203824
1.8180733616532858	0.009859857865533247
1.8178582084629729	0.00984965279652318
1.8180733616532858	0.009730027687501853
1.8178582084629729	0.009719956994255053
1.8180733616532858	0.009709896724294368
1.8178582084629729	0.009591968968034822
1.8179657818752522	0.009476454738605049
1.8178582084629729	0.009465666230634842
1.8179657818752522	0.00945489000488488
1.8178582084629729	0.009341026590929193
1.8179657818752522	0.00933039226167781
1.8179119943734168	0.009229012253855957
1.8178582084629729	0.009218028149994706
1.8179119943734168	0.00920705711909666
1.8178851012192738	0.00910772455142499
1.8178582084629729	0.009096649297263395
1.8178716547913936	0.009085469904690797
1.817643080734171	0.008989892512123652
1.817643080734171	0.008976868706725542
1.817643080734171	0.008963863769128892
1.817643080734171	0.008871517646963364
1.817643080734171	0.008858665333182733
1.817643080734171	0.00884583163876083
1.817643080734171	0.008754701488837982
1.817643080734171	0.00874201840855027
1.817643080734171	0.008729353702449935
1.817643080734171	0.00863942351339365
1.817643080734171	0.008626907438208263
1.817643080734171	0.00861440949526721
1.8175355264168955	0.008526546385426777
1.8175355264168955	0.008513312197400766
1.8175355264168955	0.008500098550368118
1.8175355264168955	0.00841427265386697
1.8175355264168955	0.008401212727682345
1.8175355264168955	0.00838817307201651
1.817481751644874	0.008303907235857118
1.817481751644874	0.008290589333411383
1.817481751644874	0.008277292790371588
1.8174548648554971	0.008194777265917365
1.8174548648554971	0.008181422578289627
1.8174414216099641	0.008167983924337112
1.8172129016490495	0.008088756567617678
1.816997850286704	0.008073693281947285
1.8172129016490495	0.008058658047878309
1.8172129016490495	0.007982247455666131
1.816997850286704	0.007967382516573042
1.8172129016490495	0.007952545259710486
1.8172129016490495	0.007877140807842894
1.816997850286704	0.007862471603588501
1.8172129016490495	0.00784782971705747
1.8172129016490495	0.007773418157130495
1.816997850286704	0.0077589421103663936
1.8172129016490495	0.007744493021618145
1.8172129016490495	0.007671061279676852
1.816997850286704	0.007656775846992
1.8172129016490495	0.007642517017351962
1.8171053727865059	0.007570836147251604
1.816997850286704	0.007555954863067238
1.8171053727865059	0.007541102829630697
1.8171053727865059	0.0074711467786776255
1.816997850286704	0.0074564614445567804
1.8171053727865059	0.007441804976023057
1.8171053727865059	0.007372770074915483
1.816997850286704	0.007358278110675762
1.8171053727865059	0.007343814631934082
1.817051610741286	0.007276065477301259
1.816997850286704	0.0072613876108184525
1.817051610741286	0.007246739353712466
1.817051610741286	0.007180257516459522
1.816997850286704	0.007165772921527337
1.817051610741286	0.007151317546089003
1.817024730315168	0.007085894553979963
1.816997850286704	0.007071417243502143
1.817024730315168	0.007056969511861133
1.8170112902512299	0.006992681193513793
1.816997850286704	0.006978303998648232
1.8170045702565403	0.006963911292005075
1.816782824373819	0.006902123381664997
1.816782824373819	0.00688641682716387
1.816782824373819	0.00687074601468598
1.816782824373819	0.006811239322314755
1.816782824373819	0.006795739584665846
1.816782824373819	0.006780275118405273
1.816782824373819	0.0067215519834209776
1.816782824373819	0.006706256339352921
1.816782824373819	0.006690995502235406
1.816782824373819	0.006633045607106432
1.816782824373819	0.006617951369206653
1.816782824373819	0.006602891479935131
1.816782824373819	0.0065457046429865185
1.816782824373819	0.006530809159229091
1.816782824373819	0.006515947571812619
1.816782824373819	0.006459513745437115
1.816782824373819	0.006444814398716799
1.816782824373819	0.006430148502005652
1.816782824373819	0.00637445777089838
1.816782824373819	0.0063599519785708025
1.816782824373819	0.006345479195797702
1.816782824373819	0.006290521775214067
1.816782824373819	0.006276206988641953
1.816782824373819	0.006261924776969336
1.8166215716385525	0.006208655339988496
1.8166215716385525	0.006193564715111249
1.8165812606910914	0.006178270843477927
1.8163528488843854	0.006128488936624057
1.816137899301814	0.00611201063790465
1.8162453709132345	0.006048418058182869
1.816164766608465	0.00601422283034346
1.8159229751566586	0.005952109945619058
1.8158155226221713	0.005892621387895815
1.8157617987392856	0.005854606471747294
1.8152783553155876	0.005796392529984656
1.8154932031665552	0.005776020114617068
1.815385776062711	0.0057408377673416125
1.8152783553155876	0.005720068237649935
1.8153320648945828	0.00569907875809031
1.8152817121177192	0.005665813353625426
1.8150635328899967	0.0056447489493017915
1.8150635328899967	0.005622580048782036
1.8150635328899967	0.005592384679242624
1.8149561312107776	0.005570421431499308
1.8149561312107776	0.005547969892566429
1.8148755841219943	0.005519746873263311
1.8144192181354	0.00549707262505358
1.8146339643029115	0.005473216120726345
1.8146339643029115	0.005448334631178983
1.8144192181354	0.00542468964273322
1.8145265880422998	0.005400587984492422
1.8144729022946595	0.0053774286316277025
1.814204497381232	0.005353259767000115
1.814204497381232	0.005327820047785345
1.814204497381232	0.0053079950604049434
1.814204497381232	0.005282770447774991
1.8140971465332119	0.00525712127914087
1.8140434734913036	0.005238915475385067
1.814003219752003	0.005213209300232372
1.8137751321008972	0.0051862864238250315
1.8137751321008972	0.005171270391515301
1.8135604875687168	0.005144564102624598
1.8136678066594545	0.005117465769089442
1.8136678066594545	0.005103705912377377
1.8135604875687168	0.005076822794134493
1.8133458684378523	0.005048512642827069
1.8133458684378523	0.005038067510960095
1.8133458684378523	0.005009973472756302
1.813238568396974	0.004981520209874628
1.813238568396974	0.00497224337463217
1.8131849207575093	0.004944004393204537
1.8129167063680474	0.004914398824503613
1.8129167063680474	0.0049082957036315645
1.812702163423096	0.004878903964850342
1.812809431721722	0.004849186046593696
1.812809431721722	0.004844167081926759
1.812702163423096	0.0048146607496850555
1.8124876458674386	0.0047838477418882435
1.8124876458674386	0.004781866591084447
1.8124876458674386	0.004751263460310583
1.8123803966096563	0.004720367342456442
1.8123803966096563	0.004719389810511586
1.8123267743606124	0.004688700957956213
1.8122731536980707	0.004660624191171853
1.8120586869119881	0.004658694071347665
1.8120586869119881	0.004656764750850427
1.8118442455061865	0.00462696225052156
1.8120586869119881	0.004597350481112842
1.81195146303674	0.004594970709235044
1.8118442455061865	0.004566036490645277
1.8118509464159736	0.0045377249816376825
1.8116298294776625	0.004533057721482487
1.8116298294776625	0.0045059129737992
1.8116298294776625	0.004478930773643891
1.8116298294776625	0.004473368454250359
1.8115226309789412	0.004446581136407583
1.8114422362676414	0.004420755286228239
1.8114187884822621	0.004413565247887863
1.810986733625727	0.004388030553991092
1.8112010735404354	0.004363561350719193
1.8112010735404354	0.004354533350406535
1.810986733625727	0.004330250939335252
1.811013524727841	0.004306884362108438
1.8109900824918168	0.004296318817168323
1.8107724190762855	0.004273232140683016
1.8107724190762855	0.00425116364234393
1.8107724190762855	0.004238855102978627
1.8106652713126021	0.004216964139951106
1.8106116998083555	0.004195837927658298
1.8105648260423373	0.0041822005736801
1.8101296275895484	0.004161437050969865
1.8103438660611977	0.004141661102348948
1.8103438660611977	0.004126249850025947
1.8101296275895484	0.004106641117746274
1.8101831848304752	0.004087760481307035
1.8101296275895484	0.004079514320968659
1.810132974870683	0.004071087174782897
1.8099154144711616	0.0040525667127498475
1.8099154144711616	0.004034979156260514
1.8099154144711616	0.004016635957401596
1.809808317418504	0.003999204335221101
1.8097547712686448	0.003982466920942596
1.8093264590988627	0.003909326668228408
1.8090588154702352	0.0038945782833900416
1.8090588154702352	0.0038808901202678284
1.808630668011353	0.0038044902830017646
1.808416632281812	0.0037926894287122594
1.8084701388394613	0.003781512523492416
1.8082026218815404	0.0037528396445433037
1.8082026218815404	0.003742748998488738
1.808095626178944	0.0037330720416204615
1.808002010132742	0.003702704932101023
1.8075607426263693	0.003693466161410606
1.807774677056816	0.0036850612656481848
1.8076677066767453	0.003652767118871227
1.8075607426263693	0.0036448322585868015
1.8075674276940845	0.0036372677333813886
1.8073468335132041	0.003603549454558578
1.8072398884496659	0.0035968387451426535
1.8072398884496659	0.0035905123281973843
1.8069190912267348	0.00355462683518005
1.8067052580474394	0.0035494771887185543
1.8069190912267348	0.0035443350026347323
1.8064914501734433	0.0035063684005774078
1.8064914501734433	0.0035027392679884183
1.8064914501734433	0.003499113891594399
1.8064914501734433	0.0034796016005947212
1.8063311108727473	0.0034596606786738335
1.8063311108727473	0.0034566167711976496
1.8063043890395958	0.0034536649515562448
1.805957041179486	0.0034128682313674754
1.805850178353306	0.0034111015947203443
1.805957041179486	0.003409335872554767
1.805850178353306	0.003388569248431814
1.8056364716705644	0.0033668829830643533
1.8056364716705644	0.0033661857416355024
1.8056364716705644	0.0033654886445970604
1.8055296278132542	0.0033439500911584125
1.8054227902781523	0.003324528348607858
1.8052091341730772	0.0033225493807889947
1.804995503352346	0.0033218613203219866
1.8052091341730772	0.003321173402344119
1.8050489086872852	0.003279308886059626
1.804995503352346	0.003278120543071981
1.8050489086872852	0.003276932630711369
1.8047818978129668	0.003236966319993304
1.8046751045228493	0.00323495572472271
1.8046751045228493	0.003232611608596622
1.8041412328530249	0.003192359281306162
1.804167922685203	0.0031541592768230225
1.8041412328530249	0.0031503237287166075
1.8039277284091388	0.0031457598028266686
1.8038209856622818	0.0031088416813956667
1.8035007953175668	0.0030736297175019936
1.8032873666639004	0.003067905851034669
1.8033940778333684	0.0030618755555782444
1.8029139272938706	0.0029949235636978324
1.8028872560125855	0.0029876441665400134
1.802647232235509	0.0029796109802925335
1.8022206021972027	0.0029185350437414895
1.8022206021972027	0.0029094822655167953
1.8021139604651133	0.002900157226719111
1.8015808464509198	0.0028711715103656842
1.8016874566355026	0.002843653144254227
1.8015808464509198	0.0028333652140241816
1.8013676450065248	0.0028222375992923328
1.8012610537459661	0.002796056734005355
1.8009413178063665	0.0027712664128162357
1.8007281920446314	0.0027592395152875515
1.8008347517726144	0.002746980335098128
1.800515091504479	0.0026998834370626002
1.8004085506915637	0.0026870530720997637
1.800308674405026	0.0026737471720477283
1.7999025679166225	0.002630815877432256
1.7996629415000065	0.0026167551502060643
1.7996629415000065	0.0026021632022022053
1.7992370177496793	0.0025636479177096336
1.7990240936770523	0.0025482963426469067
1.7990374006933463	0.0025325449156683856
1.7986515371801617	0.002498000821001134
1.7981726493338719	0.0024816285350336346
1.7982790578352916	0.0024644701668780754
1.7979598512200015	0.002448951565557485
1.7979598512200015	0.0024342868124437944
1.7977736735282395	0.0024167048717326145
1.7975343305377058	0.0023982563094229045
1.7973216079633205	0.002384882787882584
1.7971089105628042	0.0023725664006350408
1.7970025713018158	0.002353479722934037
1.7969095296101574	0.00234178016042976
1.796683591271462	0.002333579779017066
1.7964709693746792	0.0023224901594343554
1.7965241224898256	0.0023118123107797707
1.796258372639851	0.0023018985611628607
1.796258372639851	0.002291908652582257
1.7961520837072398	0.0022821984190800905
1.7960723711352018	0.00227117657335637
1.7956207333773195	0.002261729829271161
1.7958332546441487	0.002252847226335582
1.7956738613360939	0.0022404005561240947
1.7954082372605362	0.002231948387145138
1.7954082372605362	0.0022241038218596227
1.7953019986324819	0.0022100987910944245
1.7952223237869085	0.002202559093667299
1.794983320465203	0.002195727145891135
1.7948771069804983	0.002180093979641406
1.7947708997807013	0.002173556785200449
1.7947974509914608	0.002167207505066219
1.7945585042343426	0.002150719226155016
1.7944523158870371	0.0021449363660998484
1.7943992240696902	0.002139501362586003
1.7941337885441544	0.0021215205653851064
1.7939214683943765	0.0021166928078179183
1.7937091733708441	0.002092718312375161
1.7937091733708441	0.002088821148020732
1.7937091733708441	0.002084931241160022
1.793072439027987	0.0020613164897161466
1.7930989651123144	0.0020367560811237104
1.7928602444797053	0.002034174000393414
1.7928602444797053	0.0020320686063466033
1.7927011150480008	0.002007388911174116
1.792329867964795	0.0019819824691100383
1.792276838943554	0.0019800336122284107
1.791905679722884	0.0019548721706775358
1.791799648349592	0.00194256247334089
1.7915876044250314	0.0019295308752185886
1.7913755855940274	0.0019291312923191482
1.7915876044250314	0.0019287317921685746
1.7911635918536104	0.0019049125674403616
1.7911635918536104	0.0019037293582808055
1.7911635918536104	0.0019025468840546734
1.7907396796326613	0.001880608357293663
1.7905277611461914	0.0018786619054959978
1.7907396796326613	0.0018767174682988667
1.7905410053168371	0.0018562057270430578
1.7903158677384334	0.0018539245296658694
1.7901569641387347	0.001832451791858435
1.7901304815766932	0.001829512884485397
1.7901106199122603	0.001826495938900242
1.7896803379577557	0.0018054226808797466
1.7894685448351715	0.0017857132767363348
1.7893626576730184	0.0017816496862506951
1.7893097164415643	0.0017773192466296218
1.7888333158388128	0.00175818972373297
1.7889391716766816	0.0017532807281393139
1.7886216229539387	0.001740437199057598
1.7886216229539387	0.001735038671460385
1.7885157859061926	0.0017294777841786158
1.7881983123372691	0.0017182314809810657
1.7879866945995437	0.0017121924618416365
1.7881983123372691	0.0017061746678703935
1.7880395966860667	0.0016958699835939136
1.7877751019049397	0.0016896470808456326
1.7877751019049397	0.0016830112466597038
1.7876693149478817	0.0016741462001376567
1.787570145360698	0.0016673985672962387
1.7872462297126361	0.0016527862691046423
1.7871404740502193	0.0016454430121763117
1.7869289814984668	0.0016376235507573624
1.7868232446083905	0.0016237765579408875
1.7865060714769192	0.0016107136991683907
1.7862946540012008	0.0016023953978394209
1.7863078668604118	0.0015938105625886432
1.786083261544904	0.001581295775246948
1.7858983136670616	0.0015721929732936605
1.7856605516787338	0.001569874668898629
1.7854492342629391	0.0015604739830040533
1.7854756475722509	0.0015508485185020853
1.7854558375536347	0.0015495141239214672
1.785237941854725	0.0015399263627655336
1.7850530815092425	0.0015297938409567413
1.7850530815092425	0.0015297146342771724
1.7850266744511323	0.0015277753511609322
1.7846042146459742	0.0015196493043576273
1.7846570166533144	0.0015101583658938859
1.7846306154543623	0.001509025006574836
1.7843930222384918	0.0014996392451437197
1.7842346443345585	0.0014908907066286609
1.7837595949609364	0.001479892669398396
1.7837859832743173	0.0014683293972951087
1.7835485025068574	0.0014604061076897343
1.783442965647862	0.0014530145072970523
1.782915375018546	0.0014411761362697316
1.7829417508428331	0.0014287312732177023
1.782704382470564	0.001422199376472761
1.7825988955601835	0.0014161738797686813
1.7825197844736747	0.001409334487588634
1.782071554629611	0.0014034724941219463
1.7821770103341126	0.0013981053404737687
1.7820979179707157	0.0013902010371995737
1.7818606619404427	0.0013849921989433555
1.7818606619404427	0.0013801244063962167
1.7816761513103212	0.001371327346950502
1.7812281336050313	0.0013667552439879031
1.7814389514311062	0.001362515811558339
1.7812413089882186	0.0013526923804447102
1.781017340727415	0.0013487584250608693
1.781017340727415	0.0013451318795194974
1.7803851117557954	0.0013309985801589343
1.780391696317382	0.0013162042537888494
1.7801744186424924	0.001313472588914615
1.7801744186424924	0.001311026574788506
1.77954248889298	0.0012961773720480262
1.7793318954967738	0.0012804351562922631
1.7793318954967738	0.0012791098908258554
1.7793318954967738	0.0012777859970248132
1.7789107834671094	0.001263051672985012
1.7787002648277532	0.0012622671465274662
1.7789107834671094	0.001261483107367294
1.7784897711014493	0.001245904191860622
1.7784897711014493	0.0012456461799180288
1.7784897711014493	0.001245388221406641
1.778384533579771	0.0012374179491545885
1.7782793022852499	0.0012320477332829526
1.7770433009011606	0.0012307406866873918
1.7753353527692013	0.001229244070728585
1.7715574350778065	0.0012256532673911523
1.769252666368475	0.0012239093283133399
1.7648609764204695	0.0012194813994701058
1.761730730799522	0.0012168323352923596
1.7577737219031284	0.001213057937142967
1.7542407745604744	0.0012097962634646927
1.7515439009435119	0.0012072932526973514
1.7466793003562964	0.0012029254384384072
1.7403858108236834	0.0011970849352914692
1.7392533349152655	0.001195969780257163
1.7383273118513902	0.001195350698622764
1.7317692719775186	0.0011891620872831242
1.731653990326953	0.001189054341676557
1.7252104509060402	0.0011832199205417178
1.7241898741301898	0.0011825462080032772
1.72296597890331	0.0011813222587511837
1.7186891831046434	0.00117729220704906
1.71685952194908	0.0011757083883483228
1.7142201162210178	0.0011735189255834676
1.7121925655908186	0.0011714548436096979
1.7094591757847013	0.0011690311594113256
1.7058214427486074	0.001165767138052918
1.7021159081831925	0.001162361760203498
1.699272909067331	0.0011598668033514703
1.6946537585742318	0.0011559099464054018
1.6884478077111262	0.0011504168401946055
1.6864507401325879	0.0011483933920759613
1.6801256926920536	0.0011427584850385007
1.6796286661043733	0.0011422852306597398
1.6737253231764786	0.0011370923500206673
1.6715478325253195	0.0011352686681611235
1.665623609405865	0.0011298736532714332
1.661095928139571	0.0011258733708256296
1.6544253689410093	0.0011203199604504328
1.6511001413317974	0.0011173076409112242
1.6485618304712277	0.0011149959846926602
1.6378659304116214	0.0011055680906059554
1.636921239411527	0.0011046239773817316
1.6361223110880385	0.0011039664358979606
1.6306613320469836	0.001099118469436726
1.6297449060444225	0.001098492643348747
1.6237766563325655	0.0010930459914841573
1.6228160843955297	0.001092140845392203
1.6215681903492367	0.0010910104667551134
1.6115241579324018	0.0010817853831949324
1.6092490314562322	0.0010793096883915181
1.6065730288316205	0.0010766445311539443
1.602964518372756	0.0010724161720682417
1.5993641129595375	0.0010679832067926173
1.5971888499856222	0.0010650013187827657
1.5956301579939591	0.0010624677597377082
1.5897398026290361	0.0010513044120110272
1.588423346797548	0.0010484776616774148
1.5881413909809745	0.0010475009430601244
1.5801266553849362	0.0010402044971013313
1.5753185980639886	0.0010423071231476975
1.5647274919039524	0.00104695871481442
1.5628767586274737	0.0010478264147939145
1.5610282143670877	0.0010484776616774148
1.5516345935849278	0.001052611635187307
1.5461811077701368	0.001054957809723321
1.5455865113505398	0.001055230959881529
1.5450149996593014	0.001055449530928615
1.539926456076364	0.0010578568025180048
1.5371951655610674	0.0010591721731315388
1.5341055588001757	0.0010602421159783637
1.5293922849479293	0.0010624677597377082
1.5285779972871592	0.0010627978818499113
1.5283066644222212	0.0010627978818499113
1.5277641431740152	0.0010631281065352118
1.5201890360766164	0.0010666568938837262
1.5167745519929874	0.0010679832067926173
1.5115777513288284	0.0010701973941575932
1.50978988266873	0.0010710843539238446
1.5053294571893232	0.0010730271420385136
1.497156676235563	0.0010766445311539443
1.494855029620599	0.0010777600254730552
1.4939707234041064	0.0010782065467425405
1.4922478306411462	0.0010788208155674327
1.4826976989847611	0.0010831305073174217
1.4781369001563625	0.001085144306949702
1.4715097371958732	0.001088189636067859
1.4651669460121537	0.0010910104667551134
1.4617030462601623	0.0010927064738227021
1.460406196182087	0.001093159187479115
1.4578159467735046	0.001094405117381931
1.453423062094153	0.0010963334391496109
1.4493864389312812	0.0010982082947551882
1.4492149166358064	0.0010982651585849216
1.445254120694795	0.0011000578771476147
1.4410056729090521	0.0011021388144154868
1.4384498332380244	0.0011031664788830082
1.4333517453506022	0.0011055680906059554
1.4291171437551717	0.0011076307758474302
1.4275957516673046	0.0011082044266361173
1.424726428639892	0.0011094675043739194
1.4210217461626573	0.0011113072786551436
1.4168235715185333	0.0011131501037417247
1.4129722058761498	0.0011149959846926602
1.4071315099903456	0.0011203199604504328
1.4061326747898213	0.0011212194335878188
1.403970963485659	0.0011233404013598657
1.4003202509541752	0.0011270690483329126
1.3955224481425235	0.001131483601632269
1.391893704085914	0.0011352686681611235
1.3877815834434335	0.0011392728378839846
1.3849922828660517	0.0011418121722713904
1.3815544151141197	0.0011454241966189803
1.3797570342767018	0.0011470266074249974
1.3764136073166895	0.0011504168401946055
1.3753551889522653	0.0011516087688328083
1.374541574842953	0.0011522648558945148
1.3706479910663278	0.0011561418884167547
1.3691837795774917	0.0011578267338574228
1.3690217485701	0.001158066555670073
1.364169724514251	0.0011627530224074532
1.3630400621720196	0.0011640782719930583
1.3612667682202366	0.001165767138052918
1.3569239124781443	0.0011703635645134525
1.3538761368450494	0.0011733974083845962
1.3508352067957226	0.0011766827936711172
1.3461870355273757	0.0011813222587511837
1.3447738219796708	0.0011830361427026003
1.3436602212903945	0.0011840166211323979
1.3387396354374748	0.0011894237958338253
1.3381060350907137	0.0011899165799515502
1.3335213917613955	0.0011948556640553676
1.3314713090639403	0.0011970849352914692
1.3267523695525714	0.0012023027562780544
1.3234590665916006	0.0012057939326559062
1.3165804271511323	0.001213057937142967
1.3148724393583369	0.001215321168802111
1.3134726685036273	0.0012165173540630986
1.306805414630751	0.0012239093283133399
1.3029253983006346	0.0012281943429073548
1.2937253662104944	0.0012387000182616209
1.2875392395500986	0.0012456461799180288
1.2796399098719617	0.0012548384064148916
1.2742749531920357	0.0012610912704291285
1.258984979371232	0.0012791098908258554
1.2570494848688487	0.001282558437650243
1.2551169658896288	0.0012853505886430314
1.2484503895430508	0.0012961773720480262
1.2469737434868426	0.0012985956816558874
1.2456462553971441	0.0013007490777016484
1.2379856338465394	0.001313472588914615
1.2370885637364326	0.0013150377088188708
1.2362470078516754	0.0013164683600567493
1.2277902159793506	0.0013309985801589343
1.227354372639781	0.0013318258246958479
1.2188231747763403	0.0013465081195396945
1.2176607487246849	0.0013486187619142459
1.217624722232652	0.0013486885916797094
1.217588696806522	0.0013487584250608693
1.2080436848860445	0.001365906303542447
1.1993539232595287	0.0013818404941340593
1.198644425609859	0.0013835587157064392
1.1976163994705702	0.0013849921989433555
1.181322330332633	0.0014160272357911243
1.1797854483277515	0.0014189630025653664
1.178250565782489	0.001422199376472761
1.1706060540245151	0.0014373010977200486
1.1635618319818886	0.0014510597576305533
1.1612919068581458	0.0014554239683314961
1.1588892492911858	0.0014604061076897343
1.1521882209228316	0.001474080614041733
1.1460683524570543	0.0014863431849805678
1.1429529834264944	0.001492512671246618
1.1394414581730794	0.0014996392451437197
1.1337917699568438	0.0015111752048105067
1.1288378772844376	0.0015208300148920636
1.1244378050384753	0.0015294374431927278
1.1196572844935184	0.0015399263627655336
1.1159531576249362	0.001549845107170154
1.111866452345638	0.0015597469769983018
1.107598071886934	0.0015706877194761233
1.103737884457059	0.001581295775246948
1.1034766643317313	0.0015816233106268683
1.0995007090232567	0.0015923052228106358
1.0959281142224473	0.0016023953978394209
1.0951501829701387	0.0016040556142911254
1.0914625438839256	0.0016142202496086753
1.088173603947629	0.0016237765579408875
1.0868865305691449	0.0016268060773074258
1.0834831436896983	0.0016364368947099656
1.080202268208893	0.0016454430121763117
1.078685233041543	0.001649879212158072
1.075498435227523	0.0016587875250449538
1.072447967184122	0.0016673985672962387
1.070545819877437	0.0016728464611560903
1.0676357445002649	0.0016816175531971253
1.0647335796100086	0.0016896470808456326
1.062467824117247	0.0016963090790250762
1.0596424088290435	0.0017042322664649503
1.056887045704439	0.0017121924618416365
1.0544507823249207	0.0017192548893390815
1.0518333942099105	0.0017275088532467862
1.0492225030510973	0.001735038671460385
1.0464942345613464	0.0017426013104391124
1.0438965964184563	0.0017505594332832572
1.041305406207813	0.00175818972373297
1.030760798690582	0.0017894154920424102
1.0280729312876427	0.00179719188358925
1.025346566387707	0.0018054226808797466
1.0152639059331232	0.0018354904546988996
1.0123243776524724	0.001844541201830327
1.009273907352044	0.0018539245296658694
0.9999999999999996	0.0018813875025683589
0.9969202990329006	0.0018934811055903566
0.9945707692660046	0.0019037293582808055
0.9849655780689898	0.001942361322132122
0.9833058694717589	0.0019491112399767083
0.9819394417787946	0.0019548721706775358
0.9701571899807796	0.0020036506514839124
0.9696406534213999	0.0020055189103211175
0.9691817406963423	0.002007388911174116
0.9628082075537598	0.0020340686789024225
0.9623525284971142	0.0020359653003429053
0.9563633973449037	0.0020613164897161466
0.9559956200845058	0.002062918055345293
0.9555714374472057	0.0020646277635973883
0.9499336209928054	0.002088821148020732
0.9491469855617654	0.002091851647968102
0.9483610015397161	0.0020953204605713514
0.9457830623726032	0.0021066338768041897
0.9433237650169825	0.0021166928078179183
0.9423055927773933	0.002121026312391294
0.941204973271403	0.002125918990379559
0.9367321863554428	0.0021449363660998484
0.9355411918510402	0.002150719226155016
0.934102942099653	0.002156294370956733
0.9300765875631709	0.002173556785200449
0.9287016923099933	0.002180319750477262
0.927054500579676	0.0021866508353635653
0.9234409553039735	0.002202559093667299
0.9217485489712606	0.0022096411059159484
0.9200592443411293	0.0022169754558700005
0.9167984125895431	0.002231948387145138
0.9149557405350304	0.002239820620745376
0.9131167720649195	0.002247255144036449
0.9098805455049794	0.002261729829271161
0.9080517776634088	0.0022697071040411313
0.9062266854601787	0.0022772408280244795
0.903014878428992	0.002291908652582257
0.9011999098836273	0.002299992370112397
0.8993885892414138	0.0023076266184475164
0.8959358969949659	0.0023224901594343554
0.8942409821388196	0.002329957792790378
0.8926020911058299	0.0023374494372483297
0.8890176171518482	0.002353479722934037
0.8873341493156307	0.0023603059814466627
0.8858668017108228	0.0023669222413665843
0.881891794578997	0.002384882787882584
0.8804285625109336	0.002390801869847485
0.8791823346516432	0.0023965184830760204
0.8745901681232865	0.0024167048717326145
0.8735298720491559	0.0024214645179504294
0.8725483064392281	0.0024256682958727818
0.8700606004816834	0.0024367458534082106
0.8674003216768916	0.002448951565557485
0.8666820316713084	0.002452504549305072
0.8659643364782001	0.0024547913318308237
0.8637125898700295	0.0024652359087930604
0.8632016464023684	0.0024677901006102793
0.8626910051917663	0.0024692599590331733
0.8600405363671056	0.0024816285350336346
0.8597352375182821	0.0024831709210878785
0.8594300470450328	0.002484199710990853
0.8579564863173078	0.0024906393117238215
0.8562320805814173	0.002497871484390347
0.8561814152677302	0.0024980978278540387
0.856175082314319	0.0024980978278540387
0.856168749407751	0.0024981301643088086
0.85294506326638	0.002512528980603646
0.8527179681254325	0.002513569933694802
0.8524404895071677	0.0025147415214360324
0.8497209446236264	0.0025271416347426106
0.8492936591558545	0.0025292360828938322
0.8488163590704446	0.0025314633360524422
0.8465090130975702	0.00254183927483105
0.8458580745422186	0.002544868103354791
0.8451076135557566	0.0025482963426469067
0.8433092226211061	0.0025564900233357476
0.8424613132449137	0.0025607293224378814
0.8401215273012614	0.002571092088493325
0.8390285422420021	0.002576422583935878
0.8376890947344642	0.0025822988941779333
0.8337822394262586	0.0026002776206845396
0.8321556621348907	0.0026078281546559417
0.8301883069474613	0.0026167551502060643
0.8287648834938126	0.002623810058254363
0.8274907857864899	0.0026292498507924198
0.8252902437428276	0.002639343216091968
0.8226086378013693	0.0026516711646231844
0.8212468054401421	0.00265799433575198
0.8184330346405582	0.00267096252524701
0.8149534860881714	0.0026870530720997637
0.808899834457661	0.002714742224137272
0.8046747691916925	0.00273406771584633
0.7991938779358537	0.0027592395152875515
0.7967384930465006	0.002770405612905641
0.7910073529645122	0.002797794544017016
0.7888804901136228	0.0028075171857845174
0.7847599903733626	0.002828088780091399
0.7842957526217474	0.0028304326476592126
0.7835999108701521	0.0028333652140241816
0.7788384429185059	0.0028566395576768194
0.7776410993844579	0.0028634514961318816
0.7758829679703729	0.0028711715103656842
0.7729615775635144	0.002886076239761798
0.7709060447663153	0.002895955721162309
0.7682136100047718	0.0029094822655167953
0.7671290571515784	0.002915212425795301
0.7643197722399817	0.002929435566397023
0.7637772291389638	0.002931863428303061
0.7613405470699656	0.0029443378381735054
0.7605750534989009	0.002948304210596808
0.7577225104740809	0.0029628422082248044
0.7555957152308238	0.002973754237801459
0.752917767571756	0.0029876441665400134
0.7512266451701036	0.002996940143482212
0.7498942320521299	0.0030031535248884757
0.7490959188023262	0.0030075105549806636
0.7479221706348134	0.0030135898115549705
0.7470596438965998	0.0030181182490386245
0.7452493691220629	0.003027509045294118
0.7446762960180472	0.0030306457993883066
0.7442357704387805	0.0030331575424597133
0.7415103224830905	0.0030470093857837897
0.7414225711772867	0.0030474827211118306
0.7414116029942539	0.0030475616174816026
0.7413786994186884	0.0030476405158939286
0.7386200057638276	0.00306250976493304
0.738183062883227	0.003064730532348216
0.7375499547921115	0.003067905851034669
0.7358280340026284	0.003077451560115909
0.7349468364737606	0.003081836597398984
0.7337192742400405	0.0030883059408507805
0.7330466158498538	0.0030919859332154864
0.7317464477403699	0.0030991986057239515
0.7302757114130332	0.0031069106689093668
0.7298868939025643	0.0031088416813956667
0.7285061074602182	0.0031162550206611296
0.7275152809504893	0.0031215841732576423
0.7260530488403224	0.0031295139746810533
0.7253659569067533	0.0031340543308262204
0.7222820808185723	0.0031503237287166075
0.7220256837320682	0.003151465744412078
0.7215558587731423	0.0031539143151399903
0.718913466377719	0.0031683176312682563
0.7165775092554225	0.003181139187265789
0.7145344886849145	0.003192359281306162
0.7126027042976519	0.003203618949380509
0.7111704449578145	0.003211590852734488
0.7069745802852815	0.00323495572472271
0.7062637492410171	0.0032386427705966164
0.7058041806350045	0.0032409912601971073
0.7033859414643443	0.0032544439077890073
0.7004784084234548	0.0032709995228540757
0.69996047224634	0.003273879975204239
0.6993187632153985	0.003278120543071981
0.6951928227826671	0.003300943785119006
0.6936929262145102	0.0033093292161287106
0.691500293596442	0.0033218613203219866
0.6899471204776544	0.0033308172312952458
0.6874611604162414	0.003344989098560828
0.6847410005615429	0.003360526004991915
0.6837591201351602	0.0033661857416355024
0.681265220518771	0.0033808581797304424
0.6795741643583081	0.003390675317845039
0.676034596944717	0.0034111015947203443
0.6750801810876883	0.0034167138258844798
0.6744463154456388	0.00342065230866435
0.6720162065952617	0.0034348506900694553
0.6713405246185434	0.0034387655665444345
0.6693571596379319	0.0034505369882370917
0.6689611903395098	0.0034530391321309917
0.668328126628136	0.0034566167711976496
0.6658781955548922	0.003470941968628315
0.6643064049694142	0.003480322333964191
0.6628535344596128	0.00348934410711456
0.6605384794537437	0.0035027392679884183
0.6567627773105633	0.0035256656712500303
0.6543189421856318	0.003540299940211099
0.6507279862546551	0.0035623653167614656
0.6450157695663441	0.0035968387451426535
0.6447104957069278	0.0035990742585732716
0.644481635131361	0.003600565372707152
0.643605088617087	0.0036054157614830115
0.6396185832007977	0.003630517729370794
0.6386919572210776	0.003635596704355039
0.637191408841085	0.0036448322585868015
0.6357696236749465	0.0036546589160154756
0.634792226302009	0.0036597716637264215
0.6327670456912786	0.0036728700937284343
0.6323927218799332	0.003674772302363256
0.6309723097915558	0.0036835351589486437
0.6300022875460422	0.003691172017801399
0.6298485269103368	0.0036918887845642356
0.6296668581770997	0.003693466161410606
0.6276208890155481	0.0037086049067464985
0.6271011591969062	0.0037126395592625917
0.6263594345266047	0.003718025924677179
0.6252484921332596	0.003726506006305729
0.6243426843412281	0.003733265335346221
0.6231062543333749	0.003742748998488738
0.6228850628730906	0.003745075198312084
0.6223324276819101	0.0037485672091723877
0.621633126915558	0.0037543944644314515
0.6215595620345796	0.0037551721159224173
0.6205305673375736	0.0037625678434553287
0.6202357349285865	0.003764504324985764
0.6198699704791898	0.0037676364687814073
0.6193566591586503	0.003771540057157876
0.618880393551643	0.00377505674457863
0.6183313113774282	0.0037801421939363663
0.618184971757373	0.0037809251785803685
0.6175268719445062	0.003785626493408645
0.6170155009325157	0.003789352513107193
0.6165775199781948	0.0037926894287122594
0.616212773348547	0.0037966189740630783
0.6158482424908005	0.003798585273227296
0.6147923220147907	0.0038064606587794926
0.6140288203157106	0.0038123779110667178
0.6135203460233329	0.0038162784557889233
0.6134477412195044	0.003817118335158113
0.6133751450078236	0.0038179089787073327
0.6112012489671317	0.003834550375659776
0.6107312546116364	0.0038381258156301727
0.6101894025047718	0.0038432962265099666
0.6080222998088469	0.0038591989554700354
0.6065893201677229	0.003871256862986672
0.605370137004347	0.0038808901202678284
0.6035816706657111	0.0038945782833900416
0.60265375728751	0.0039018444926947203
0.6020121915053996	0.003907100740192945
0.599985068904049	0.003923318262902551
0.5983895316577482	0.003935933128979529
0.597469600389477	0.003943250973536825
0.5971161573656918	0.00394654460950227
0.5946435052022743	0.00396615891494088
0.5929612862106957	0.003980199347643681
0.590649995501119	0.003999204335221101
0.5893930909597064	0.004009986398208202
0.5884869903262698	0.004017051920780193
0.5842538556058783	0.0040525667127498475
0.5841155810503577	0.004053406124957666
0.5840464560450498	0.0040540357982126254
0.5836491459845867	0.004057395707948514
0.5815289839423204	0.004075714013406147
0.5796394286127946	0.004092207623433465
0.5789195827839636	0.004097720312656005
0.5779269794131199	0.004106641117746274
0.5752656551975576	0.004129669609429635
0.5737613174798306	0.004142411725748076
0.5716009648520408	0.004161437050969865
0.5709248848751804	0.004167474539998496
0.5686994893679782	0.004188241079696511
0.5666168686148987	0.00420606108978294
0.5654111066224706	0.004216964139951106
0.5636072729225937	0.004233590930090662
0.5623413592650539	0.004244565343756321
0.5592882782743355	0.004273232140683016
0.5585606529104951	0.004279431824073674
0.5556596054406199	0.00430610393553726
0.5538868820006055	0.004322634536471249
0.5535592210547069	0.004325769078615809
0.5530680930373706	0.004330250939335252
0.545559512914557	0.004402139635658939
0.5437224803185136	0.004420411956814556
0.5410585589652446	0.004446581136407583
0.5373573410089233	0.004482642828460815
0.5339973369217412	0.0045161900699257585
0.5295917727886921	0.004561310589103389
0.5292784840164697	0.004565090918784617
0.529215848505273	0.004565090918784617
0.5291532204064451	0.004566036490645277
0.5244771742189438	0.004614521261084205
0.5213210879687609	0.004647611384129856
0.5197809306989177	0.004664486830125895
0.5175098444094628	0.004688700957956213
0.5151267380140538	0.004714993421290657
0.5134833267707054	0.004732603589350724
0.5105142196351686	0.0047660468927112724
0.5061226668052691	0.0048146607496850555
0.5058681610621728	0.004816406099883318
0.5057634017814961	0.004817653165951791
0.5052249823515946	0.0048236435791963895
0.5013237123797518	0.004868305582845036
0.5004937686816233	0.004878903964850342
0.4981595414018503	0.004910837749016081
0.4970847492548995	0.004925352567552265
0.4957481863481559	0.004944004393204537
0.49067000066745653	0.005015164226794468
0.4887574289020079	0.005042242967942394
0.486391585034204	0.005076822794134493
0.48329306084853313	0.005120646385254951
0.4805269563833245	0.005161105709201013
0.47704217589684816	0.005213209300232372
0.47602702905540717	0.00522821175896276
0.4724909968157751	0.005283864673316303
0.47237917302215304	0.005283864673316303
0.4688702378500231	0.005338865906706754
0.4679278561087211	0.005353259767000115
0.4645069566496963	0.005407863217304903
0.46182104486329295	0.005450591902963606
0.4589333563925746	0.00549707262505358
0.45665782888999823	0.005534771684212022
0.4548778324181984	0.005564655979715026
0.4501117487667099	0.0056447489493017915
0.4489413338190168	0.0056646583623507375
0.44803900715856004	0.005679636491698191
0.44140746698080385	0.005796392529984656
0.4413552302412135	0.005797593142583004
0.44130299968338754	0.005797593142583004
0.4411202414018302	0.005800595762184453
0.4376103852616235	0.005865225859312528
0.43709278708153976	0.005873735236323959
0.43466826418672727	0.005917386752508622
0.4338973148322376	0.005933647555927278
0.4327946713967944	0.005952109945619058
0.43015210992005726	0.006001313573540695
0.42813327810292434	0.006040281082865208
0.4264897032706051	0.00607100847326619
0.42440015378788676	0.00611201063790465
0.4228459681689211	0.0061411947757079996
0.4216965417572186	0.006164131705291284
0.4192581720071495	0.006212835830268302
0.4185145547622186	0.006226361276924211
0.41604534298926327	0.006276206988641953
0.41564547436140914	0.006283848328359303
0.4153565780215929	0.006290521775214067
0.4132482069683955	0.006332350701992022
0.41207609884804924	0.006356001585485049
0.41192981927948674	0.0063599519785708025
0.40911193197579593	0.006416844831443768
0.40851924477949036	0.00642848403598124
0.4077343518279312	0.006444814398716799
0.40602490441417133	0.006480954482675026
0.40501705769716423	0.006502466387067529
0.40362938085905353	0.006530809159229091
0.4029611705734612	0.006544264393614154
0.40148549614045936	0.006575597608943975
0.4011055549691032	0.006583773902597938
0.3999205546867107	0.006609390405215914
0.39977859011666556	0.006613840723494413
0.3995184526119855	0.006617951369206653
0.3984088614118262	0.006641981106571689
0.3980200553531714	0.006650584284413272
0.3969028823132462	0.006680610301879354
0.3964803522866199	0.00669376761451937
0.39591767854234144	0.006706256339352921
0.39540259579147624	0.006719986056017268
0.39488818315527024	0.006735487385569683
0.39425777314410404	0.006750849699871629
0.39390798032866736	0.006760643956158027
0.3933024077897862	0.006777467180480499
0.39259321112706125	0.006795739584665846
0.3924190144883076	0.0068006674896163655
0.3917230005143515	0.006819708619884137
0.390935676914915	0.006840750865078268
0.39017302323342984	0.006862923986281328
0.3894579463337307	0.006882139427977318
0.3893657738578343	0.00688641682716387
0.38860618280894255	0.006905698046262482
0.38798580155041423	0.006922882223995982
0.38771039454464334	0.006932208167774256
0.38705708615561013	0.006949098497954495
0.38651922145073936	0.006963685937438325
0.3862905696125678	0.006971081371826362
0.3860620530371728	0.006978303998648232
0.3855027585802511	0.00699240965170771
0.3850581850002912	0.007005818293829526
0.3844207194143592	0.0070247063444987545
0.383964613022042	0.00703630952211426
0.3836026712441648	0.007047293278269548
0.3835572752000494	0.007048023096941968
0.38321697606503535	0.00705897945102764
0.3828769788497314	0.007067756796041937
0.3827863638823477	0.007071417243502143
0.3824693803482413	0.007081676585047286
0.38215265930666426	0.007088646756695381
0.38167806944234645	0.007102975452010247
0.3814297100178288	0.007109506432675525
0.3811589567739517	0.007118438747387599
0.38093347588900417	0.0071258140488486485
0.38070812839100354	0.0071317197914692355
0.38014534269617994	0.007147245663750371
0.37953846854811346	0.007165772921527337
0.3794037392503277	0.007170226605092792
0.37926905777900805	0.007173197265175315
0.37862997339892895	0.007192164177140676
0.37792486978936873	0.007213421845027292
0.3778801456637373	0.007214915968328905
0.3778354268308176	0.007215663146030422
0.3772545633547482	0.00723286960567324
0.3764072149845905	0.007258192520614683
0.37636267046022265	0.007259883863792294
0.3763181312073123	0.0072613876108184525
0.3749844017562082	0.0073021067288058465
0.374873471235683	0.007305888547960204
0.37356696673898193	0.007344575158399137
0.37336807010894085	0.0073514234417738035
0.3731251180337509	0.007358278110675762
0.37263968805012065	0.007375060887420251
0.37215488960335996	0.007388055609595168
0.3718687143087591	0.007397242137693183
0.3715387854819574	0.007407207100559558
0.3707481500966358	0.007431601071475929
0.3703753795585693	0.007443346404551646
0.36995919718522263	0.0074564614445567804
0.36934672804265806	0.007476564452609662
0.3688989561604552	0.007490125831322623
0.36795060334154056	0.007520047513436852
0.3674175472401938	0.0075368090077960566
0.3668201387866736	0.007555954863067238
0.3665597559693747	0.007564566774503423
0.3659420872995985	0.007583783143195268
0.3652606117039697	0.007606198307728706
0.36517416597794167	0.007608561649324882
0.3646127672303444	0.007626705014156285
0.36447794432802444	0.007631247611438442
0.3637938134944268	0.007653406781627037
0.3637077149135113	0.007656775846992
0.3630142891212278	0.007678810347630063
0.36241867872113426	0.007699712152809389
0.36216142022676884	0.00770768970242462
0.36155918595965664	0.007726769542056911
0.36104874193520314	0.007744493021618145
0.36062169957505563	0.0077589421103663936
0.36010858359770065	0.00777497795186023
0.35968398348832475	0.0077895343321384095
0.35908852500901833	0.0078105353220277295
0.3586631379225976	0.007823461823319477
0.3575618686981296	0.007862471603588501
0.3569699233895616	0.007881220441720491
0.35578831313290843	0.007921287203080944
0.35562058281128905	0.00792746740018197
0.35452800011078967	0.007967382516573042
0.3543598810214245	0.007970670545361833
0.35427634271873487	0.007973572874073437
0.3529476263670323	0.008019946493466554
0.3529371838321451	0.008020309847097609
0.35293653118397317	0.008020335801558327
0.3516030869446427	0.00806867842299474
0.35142628197069714	0.008073693281947285
0.35010566513480074	0.008120544077266739
0.3499218481849848	0.008127379436639388
0.3489500027021264	0.00816280483523913
0.34869714628054327	0.008171050647265782
0.34841354609390385	0.008181422578289627
0.3476309772952703	0.00821027901156985
0.34729686293914763	0.008221977775585108
0.34693227420160366	0.00823582508068858
0.3463169377832715	0.008258029293658813
0.34589708571664635	0.0082730081336573
0.34541641803071793	0.008290589333411383
0.3450078653195275	0.00830605728731351
0.3445080467407535	0.008324570725176738
0.3437037411286757	0.008354364607680728
0.3424856021021894	0.008401212727682345
0.3417365693853534	0.008428225619918487
0.34111026281878254	0.008451823736162226
0.339489241294499	0.008513312197400766
0.338997417637274	0.008533613029048072
0.3385363540652806	0.008550419789134124
0.33657884025306933	0.008626907438208263
0.3362603227473343	0.00863942351339365
0.3359818672025673	0.008650166029564404
0.3336835168682399	0.00874201840855027
0.3335650652496666	0.00874745176293387
0.3334466556792774	0.008751075875142192
0.3321911469217534	0.00879992078062551
0.3321856183995133	0.008800120124034827
0.33093057404987536	0.008851100368924905
0.33084246435958664	0.008854538187860023
0.33075437812834985	0.008858665333182733
0.328433477966311	0.008953658822407293
0.32818092304915286	0.008964792068107998
0.32788975484178806	0.008976868706725542
0.32595522416973827	0.009057171148050961
0.32553116148543887	0.009075948853347157
0.32501147487059207	0.009096649297263395
0.32349567048229655	0.009160872170725703
0.32288129910581087	0.009187413512459587
0.3221965901679842	0.009218028149994706
0.3210546757989536	0.009266840044908358
0.320276696174978	0.009301451039239688
0.3193493881119829	0.009341026590929193
0.3186321000794108	0.009373973026345609
0.3176907540324768	0.009416782146500881
0.31660227617043474	0.009465666230634842
0.31622780434006853	0.009480380880324999
0.315293561388803	0.009542432611415123
0.3145481546676974	0.009591968968034822
0.3138416506460531	0.009637769500912247
0.31316452913483767	0.009683287337679999
0.3114735021033032	0.009798785668498186
0.3110682799144995	0.009827238808839804
0.3107279329733996	0.00984965279652318
0.3089723498018255	0.009972555699015744
0.3089037954879636	0.009981079162119509
0.30784542366372397	0.010053693217776279
0.3070449404805541	0.01011425918238069
0.30691778293636474	0.01012159349931188
0.3067906780523529	0.010130965581194678
0.30526951900884897	0.010249216256756833
0.30489040920527033	0.010273656522651076
0.3044757338897046	0.010304422211014621
0.30343253357096306	0.010385974096922716
0.30287642747840005	0.010428004083802313
0.3021782575540132	0.010480780832929679
0.30167800006693374	0.010524556730943886
0.30087574929363436	0.01058467050480454
0.29989811723865295	0.01066029579556366
0.2998626269014346	0.010664988507498339
0.2996497730601665	0.010680461467996326
0.29887060083366185	0.010742578120453355
0.2981287356165645	0.010807294100154543
0.2978818566544302	0.010822973520210569
0.2976351821315688	0.010842604788507437
0.2968963835063713	0.010903970583761117
0.29633472045343534	0.010951498511706525
0.2959141705680361	0.010985573813841746
0.29538932240777155	0.011028317076980113
0.2949352070537754	0.011067787746886798
0.2946212285304571	0.011097627078566796
0.2942727555123632	0.011122938570583244
0.2939594822136222	0.01115061695328045
0.2931604092218898	0.011217210248161545
0.2929869853331732	0.011234066037610738
0.2928483200911877	0.011245705475217919
0.2920522675825327	0.011313452420048045
0.292017705733471	0.011318139638925591
0.2919831479745041	0.011320483976540764
0.29162053832308427	0.01134982920051385
0.2915342690863893	0.011360412092640737
0.29115498753006847	0.011395759718723465
0.29105163277088736	0.011402842430990648
0.2909483147007781	0.011408748053781604
0.29024328880478717	0.01147153600817719
0.2900887558370057	0.011488179122549128
0.28984853474318945	0.011507229393426329
0.2894029374924586	0.011547816173299157
0.28912906435850516	0.011574154457583587
0.28875291193618047	0.011604157252124957
0.28854794419105645	0.011624603564618807
0.28817254779704427	0.011660773215579645
0.2877295271167837	0.01170190155494499
0.2876614305657888	0.01170432538155073
0.2872191956491451	0.011748040211791646
0.28657407497745035	0.01180291342198675
0.28623459069346974	0.011833470916678064
0.28599809008016286	0.011858042936139184
0.2852860671769991	0.011921914607837767
0.2844116788243243	0.012005073890342591
0.2843443675039163	0.012016267750594781
0.28384004012452946	0.012058649943337456
0.28339529504102184	0.012100555069591106
0.2826333009547714	0.012176603798079675
0.2822655994197506	0.01220943255553114
0.2815233012738799	0.012282349269100273
0.2809990345495063	0.012339079249300958
0.28013571364277257	0.01241855588936729
0.2796553988254392	0.012466229190954227
0.2792750451401269	0.01250372265085447
0.27802189930146465	0.012631261090628948
0.27780810928778815	0.01265351714127004
0.277625284917924	0.01267056293024039
0.27697098098651607	0.012737656909146085
0.2768890454848063	0.012748213643124683
0.276218088007071	0.012815718803074264
0.2759893531461094	0.012839629400945721
0.27597302219160696	0.012843618835485168
0.27592403512592256	0.012847609509592163
0.27435291443389254	0.013010951767594597
0.27413383481362574	0.01303522661635027
0.2738420007613057	0.013067663547341358
0.2727423175665027	0.013184560131167334
0.27232301847646834	0.013231062970510184
0.27177567676093267	0.013288562152056932
0.2711251316793019	0.013360484994289126
0.27052416365369	0.013429841496581598
0.2697249445794283	0.01351564396916198
0.2695334836056724	0.013538757266589275
0.268800808049521	0.013620318129411925
0.268737191332404	0.013631606396651471
0.26792739672617205	0.01371940827013194
0.26768968656592307	0.013746428338013367
0.2669620230216503	0.013836402536882338
0.26636240181868903	0.013902469744919361
0.2660463689203385	0.013936974525763467
0.265669785957303	0.013981877357393282
0.2651632740680597	0.014041003547094238
0.2647752106726009	0.01408797385446854
0.2642821330773663	0.014145717512907828
0.2636651268715112	0.014219886537485495
0.2634078168347306	0.014251581356907954
0.2632286280483766	0.014275953191462274
0.26253639306493526	0.01435823746566639
0.26167559430089987	0.01446344495561555
0.26166011032597036	0.014464942791987512
0.261644627267265	0.014466440783475618
0.26153627150604786	0.014479929689746082
0.26079446843847703	0.014573195656913198
0.26068646475636825	0.014586028858320298
0.26013172336310186	0.014659470098778769
0.2599316903267288	0.014682258665572817
0.25970107410563176	0.014711175045782905
0.25932867724146585	0.01475694848344654
0.2590717665165865	0.014792137880927089
0.25871940821573186	0.014835090425182827
0.2585663584707873	0.014855075052217389
0.258199408380509	0.014901296230999872
0.2577414530071324	0.014963148260445319
0.25707125399529535	0.015053290011171352
0.2564938483672487	0.015125167714942891
0.25579661858159125	0.01521589158675516
0.255524305739139	0.015254149801593012
0.2547995545880092	0.01535240256006912
0.2544642998691912	0.015394191966607091
0.2540467912806959	0.015457689714126066
0.25386645925351164	0.015475307640283464
0.2531164526226422	0.015583051296255104
0.25195086428931	0.015740368928853336
0.25099478093937005	0.015872953428843557
0.2497244129837831	0.016048147542117107
0.24816292868970194	0.016269019507118624
0.24798677325086718	0.01629937301199612
0.24698909146358206	0.016435176857237024
0.24646532115251366	0.01651685959763715
0.2463778304173203	0.016527125184748057
0.24629037073975704	0.016536540911073174
0.24495320348944968	0.016737248160851127
0.24470691409477016	0.016770211796931486
0.24443194251214584	0.01681020201912529
0.24345036299291078	0.01696057742344615
0.2430760957483473	0.01702039853232182
0.24258753738851074	0.01708706477305336
0.24195674274548817	0.017186886623905016
0.2414132856967757	0.017268952002609018
0.24075704955500196	0.017369386753771938
0.240472286178974	0.017416215524279376
0.23977603855133262	0.01752294965745503
0.23915963051257025	0.017620299381334813
0.2389969370722184	0.017648604417175823
0.23896865386067662	0.017652259990309786
0.23894037399620724	0.017655459237922926
0.2381780814026814	0.017784366127461093
0.23803718321935052	0.017800948758348905
0.2375306395490003	0.01788409413283519
0.237347986028521	0.017911895470192597
0.23713740648912707	0.017947172547888687
0.23654877718582243	0.018044076022587476
0.23624103090049542	0.018096471354496414
0.23607333807591127	0.018122726046306367
0.23576621032948242	0.018179114435975738
0.23534804359719505	0.01824228884515077
0.23534108043900298	0.018243233407682115
0.23494452077927153	0.01830947446673787
0.23462497746025238	0.018364542084715826
0.23415340499315396	0.01844458894711774
0.23357218266434415	0.01854417815837636
0.23337876267106383	0.018582624722620986
0.23318550284794323	0.018609584734634105
0.23256539382461222	0.018715878272402717
0.2318097218091171	0.01884813545027657
0.23178228914207255	0.01885399180330838
0.23175485972144594	0.0188578970495406
0.23150814096123393	0.018900908182212225
0.23101549110774283	0.01899509147147465
0.23093348478302522	0.01900296123112187
0.23033299389769846	0.019109522657387978
0.2302103587068157	0.019131302765884612
0.2300605599188215	0.019161042924839868
0.2294351840047342	0.019272481915340697
0.228919851526064	0.019364505768267544
0.228676150824278	0.019416713483454452
0.22832459664372884	0.01947309459968744
0.22751537908629088	0.019622891182176846
0.22711184644060473	0.019700260987275845
0.22660173239131756	0.01979330256331848
0.2261195233864856	0.01988472429689091
0.2255715906041955	0.01999001916657164
0.22489186832055938	0.0201208594048984
0.22473223156109845	0.020150051115938563
0.22403846632313154	0.02028351408782032
0.22401526727088486	0.020288240661698462
0.22335345106892107	0.020418918256685164
0.2231949063362487	0.02045066005085774
0.2225355137555167	0.020584515311960667
0.22198312969109685	0.020691372958523177
0.22151074908337504	0.020784790243272993
0.22102629427074671	0.020887279406422807
0.22062121552914293	0.020967463091171992
0.21983929994153736	0.02112875508810918
0.21952081512568056	0.02119339929150132
0.21926765700298495	0.02124723716308857
0.21818046301940153	0.021472852402569097
0.21805139475797	0.02150845975604184
0.21792240284900333	0.02153074432999029
0.21729144466914635	0.021662694082764333
0.21671360263400133	0.02178642625758127
0.21658540211809155	0.021818034403491483
0.21655977111704186	0.021822553594840328
0.21653414314919853	0.021824813541526863
0.21581619372656358	0.021981031867551414
0.21525660417372713	0.02210915785985522
0.21509107867927543	0.02214352717997759
0.2149002458812648	0.0221824001003982
0.2139359586900534	0.022404165848861884
0.21362602614193005	0.0224680583869228
0.2132786774786238	0.022548472226119096
0.2126234156499737	0.022703110202796122
0.21219606409616093	0.022802067896928402
0.2116693449116081	0.022915690678215625
0.21131892534325683	0.023006043445553643
0.21074449500131942	0.023135052644303333
0.2100721558525224	0.023291301353495258
0.21002243836465467	0.023313018801869517
0.20956310904792072	0.023412210377112955
0.20931524133840312	0.023475330914548356
0.20868373305181082	0.023624090206669696
0.20861042561787227	0.02364856675176622
0.20848701867034655	0.023672455799718557
0.20788952983371928	0.023819380776759304
0.20769894108760867	0.023865056812390456
0.20739804420964578	0.023939312314547274
0.20718338479136858	0.02399391315022495
0.20691384242547872	0.024063585270965682
0.20676696714919998	0.024098497160844955
0.20649796653619532	0.02417347900656066
0.2061317114236847	0.02425622853096363
0.20611951411403348	0.024258740509365165
0.20607073209244342	0.024271304304024174
0.20577828231594403	0.02434682383466113
0.20549840741145498	0.024420049398635638
0.2053525368645182	0.024455478453194693
0.2050853764033467	0.024526490840248653
0.20485492663967184	0.0245824309139869
0.2045763075726736	0.0246525354612125
0.20437968562081413	0.02470428568021848
0.20423763056006952	0.024745892187863515
0.20380301241508758	0.024853753904090187
0.20368244937235272	0.024884657800953735
0.20358605029135496	0.02491044040013736
0.20303264030077986	0.02505523631466663
0.2030086131513701	0.025070889819869203
0.20298458884536472	0.02507608277842296
0.2026245652350962	0.025164527826053808
0.20233700616149747	0.025242826598394996
0.20230108998341417	0.02525066986249244
0.2022651801806938	0.02526113133897689
0.2016198926296567	0.025437006785701897
0.20109562518555507	0.025579647908317345
0.20092612644164667	0.025621402041437123
0.20073895193562832	0.025672527439585452
0.2002525213488272	0.025811142985101468
0.1998382084332887	0.0259209635087018
0.19957822202776435	0.02600161591095076
0.19922424011990553	0.026090623428228515
0.19921245154196193	0.02609332537682084
0.19888265441754274	0.026188070067557467
0.1986121581179179	0.026266833367983165
0.19847117569134876	0.026298132645998527
0.19818914450095146	0.026375775907879345
0.19772095783423937	0.026506949150633573
0.1973352355139103	0.02661731825476992
0.1968279328399786	0.026759649497443156
0.19622901883505808	0.026933404272716007
0.19608972805094496	0.026972479748521246
0.19547570884206453	0.02714902213445662
0.1953456221531042	0.027186298897262318
0.19488667546754415	0.027332380250366353
0.19474833752955606	0.02736353237373422
0.1941385186403708	0.027545486626965945
0.1936222470638161	0.02769708299406818
0.19327882897078374	0.027799090245071698
0.19279906669234362	0.02794484682516328
0.19241156007425664	0.028066652057133535
0.19213281027703985	0.02814669295876316
0.19182040885277404	0.028247430797454714
0.1914801865900338	0.028352932960270454
0.19118015890000922	0.028441152372071322
0.19081284215516514	0.028556248101165523
0.19037299350570555	0.02869557226437455
0.19017032854760274	0.02876697848727226
0.18999036304927175	0.02882064973780103
0.1896533866472192	0.02892230212750382
0.1895075492141717	0.028973262694005315
0.1893730295835783	0.02901229311662621
0.18893649989110262	0.029153842295178273
0.18884638136337642	0.02918083727350922
0.18880238561293083	0.029205210831213465
0.18822232295541255	0.02938419304798358
0.18820004847841612	0.029393323086787562
0.18817777663741056	0.02939941135527917
0.1879329602725568	0.029478673698096838
0.18788848243762252	0.029503105076527928
0.1875885322609292	0.029594903218885818
0.18754968490658774	0.02960563159060007
0.18751084559707137	0.029617897349107813
0.187023265574682	0.029791695008816656
0.1869126288687144	0.029822561711407344
0.18680205761171997	0.02985268753739348
0.1865797311973796	0.0299273605200601
0.1864045424058523	0.0299897953689529
0.18626120323087922	0.030036415366149243
0.18609594883357158	0.030095571414728628
0.1858098551217442	0.0301892130006534
0.18563401610717675	0.030258068623431056
0.1853925091352661	0.030333362971028417
0.18521569506833624	0.03038995666313683
0.18498704667510343	0.030475045240770996
0.18469172842772455	0.03057303336935012
0.18466987176592325	0.030585699927163958
0.18464801769066805	0.030592035173866435
0.18433960499766847	0.030692783162436538
0.1843368779825945	0.030693577768802306
0.1843205167393097	0.03069993536035032
0.18405893425558034	0.030795457408937302
0.18402626255806953	0.03080502594534975
0.18399359666000456	0.03081459745482697
0.183710734989179	0.030916878789484313
0.1836455209980506	0.030935693856448003
0.18346630186382795	0.031000232303466296
0.18340660102739403	0.031032351152376042
0.18329810381915607	0.031061286567956935
0.1831896707942361	0.0311031298064869
0.18307588515382153	0.031140191963669052
0.18295134387761497	0.031186985462902345
0.18290804503497352	0.03120636885198448
0.18275657976869897	0.031251643622997385
0.1826052399300779	0.031306708446541154
0.1825944347383877	0.031309950573623714
0.1824540254152443	0.03136836630894413
0.18230293612041812	0.03141387610883217
0.18191499505537467	0.031554069455958095
0.18181813884834358	0.031593304724475496
0.18173208773521277	0.03162276318855668
0.18191499505537467	0.03162276318855668
0.18329810381915607	0.03162276318855668
0.18469172842772455	0.03162276318855668
0.18609594883357158	0.03162276318855668
0.18893649989110262	0.03162276318855668
0.19474833752955606	0.03162276318855668