0.10000002423774075	0.15283061087818836
0.10000002423774075	0.19474821952311377
0.10000002423774075	0.3162276127239614
0.1274275262047496	0.3162276127239614
0.16237770498993423	0.3162276127239614
0.20691384242547872	0.3162276127239614
0.2636651268715112	0.3162276127239614
0.3359818672025673	0.3162276127239614
0.42813327810292434	0.3162276127239614
0.545559512914557	0.3162276127239614
0.6951928227826671	0.3162276127239614
0.7847599903733626	0.3162276127239614
0.8337822394262586	0.3162276127239614
0.8858668017108228	0.3162276127239614
0.9131167720649195	0.3162276127239614
0.941204973271403	0.3162276127239614
0.9701571899807796	0.3162276127239614
0.9849655780689898	0.3162276127239614
0.9924543203941375	0.3162276127239614
0.993159302454433	0.3162276127239614
0.9962200160577668	0.3141573314989655
0.9964632164725121	0.31399471114061417
0.9964558458907483	0.31384146047581973
0.9981082186104703	0.31284021059552175
0.9982263500282628	0.3127291579740209
0.9999999999999996	0.3115470467786113
1.000029587516888	0.311491745084543
1.000029587516888	0.31147331336803347
1.0000591759091977	0.31143645320689695
1.0010657023082967	0.3097822528822765
1.001658249812609	0.309123035539582
1.0022511480556828	0.3081733085066683
1.0033266707666268	0.3067904921546088
1.0034379975886716	0.3065727206523898
1.0037943264352291	0.30613764128558585
1.0040319492941714	0.3056308290206347
1.0046262525696028	0.30498044591741325
1.0049830033749936	0.3044755493946854
1.0058159146627852	0.3033964411251317
1.0058159146627852	0.30332463670717097
1.0060540160814897	0.3031093254003184
1.006709085652384	0.3021780744511343
1.0070069855344983	0.30182066332318863
1.0076030497835557	0.30107147537597617
1.008318792623704	0.2998979355174097
1.0093933602885026	0.2988350510168897
1.0093933602885026	0.2986936179951606
1.0102299267983668	0.2976350017815359
1.0114262246715673	0.29637399804892167
1.0119650207918773	0.2957039403105894
1.012144683273695	0.29538914341860223
1.0129835300290588	0.2944816113925785
1.0132233281989904	0.29420293211412146
1.0140630689152779	0.29316023158331544
1.0145507375591993	0.29274851759782494
1.0152639059331232	0.2919484174008643
1.0158047464217954	0.2912582025052979
1.0159850906017174	0.29094813840260747
1.0170678282579673	0.28991697336230887
1.0170678282579673	0.28977976109937753
1.0181818443714408	0.2887527369682994
1.018513273597054	0.2884112051030087
1.0191161486101397	0.28772935276901573
1.0198702442240721	0.2869981593018754
1.0202022230421364	0.28657390132982086
1.0210477477371294	0.2857949046362505
1.0211685941702366	0.2855582392598186
1.0212894549061622	0.28549065658453116
1.0216521229477777	0.28515298305287873
1.0218939731873196	0.28488313181432007
1.0222568558982046	0.28441150648698416
1.022619867471638	0.28420962043575404
1.0229830079533804	0.28387556184646023
1.0235279604792131	0.2833364355594771
1.0240126064292892	0.28283389589855507
1.024558107431769	0.2822654283828128
1.024921936198	0.28200248153234964
1.0254375814571126	0.2814814865313285
1.0268645394232485	0.28016869942841766
1.0268949217951509	0.2801521211719335
1.0268949217951509	0.2801355438964247
1.0269860743045982	0.28006924460298205
1.0283543332888592	0.2788290340665031
1.0290543694752348	0.27802173083596843
1.0298158188817403	0.27751219556444284
1.030760798690582	0.27664321675321796
1.0313098945175982	0.27621792063458195
1.031492991454118	0.275923867931613
1.0332111069103493	0.27461668720629273
1.034304551830978	0.2736474515303269
1.0346718416374519	0.2733884884189007
1.0366942682076294	0.27177551208029294
1.0374306757642084	0.27116507933916933
1.0385977243579645	0.2702679924625758
1.039335484019533	0.26972478114141596
1.0406278246747407	0.26873702849291403
1.0409357616057902	0.2685144886611055
1.042052797045872	0.26768952436116156
1.0421684208299076	0.2674995082057096
1.0425385031590653	0.2673254452211275
1.0432790621216204	0.26667766225757245
1.0438348265435429	0.26633071876069286
1.0445144962441535	0.26585834128889035
1.0447617585709745	0.26566962497648666
1.0455348306695937	0.26518272762464495
1.0462465622118182	0.2646653980601365
1.0464942345613464	0.2644775285439851
1.0471136719724339	0.2639771948775369
1.0477334760388681	0.26366496710540455
1.0504649752998578	0.2618303258000307
1.0505893034183522	0.2617373807658448
1.0507136462517408	0.261675435740337
1.05158445824882	0.2611185898145547
1.052331442933875	0.2606246105258835
1.0537022932525568	0.25970091674151613
1.0540764713519233	0.259516571202092
1.0544507823249207	0.2592709806863778
1.0570121339091325	0.257741296830436
1.057575214065627	0.25731460493502084
1.0584517128029447	0.2568924197500623
1.0602068901573563	0.2557964635833541
1.0612739532363784	0.25522192125156096
1.062467824117247	0.25452814895806514
1.06372598126011	0.2538663054248417
1.0650171385724925	0.25316123706898797
1.0664991738688758	0.25236850884171486
1.0672567531039574	0.2519507116213819
1.0687893374380286	0.2511246209654176
1.070545819877437	0.24911912988575505
1.0711161095538304	0.2484272459627338
1.0713062736154368	0.2481627783170479
1.0719403976867352	0.24751748650673824
1.0734638273032917	0.2457661153470746
1.0746078201819225	0.2446054245880427
1.074735005734553	0.24443179440025772
1.0759440195090677	0.243191046216494
1.0780471189513363	0.24104200408532897
1.078302319276476	0.24075690366989047
1.078445896006784	0.24065007797299262
1.078685233041543	0.2404223415456721
1.0809895707211243	0.23815151233567022
1.0820095200500082	0.2371372627973139
1.0827781169365642	0.23640869959400343
1.083563289407683	0.23568934803130115
1.0848945746820788	0.2344305436010063
1.085865999900589	0.23357204113285432
1.0868865305691449	0.23263407234904634
1.0888177120733902	0.23087869017369345
1.0897201040140378	0.23006042051517586
1.0910105328641782	0.22902810751898664
1.0915917242827766	0.22856778419422094
1.0926903751566408	0.22762297090545364
1.0938548578116993	0.2266015950835252
1.094380898776515	0.2262833559917954
1.0951501829701387	0.22566490928134383
1.0959281142224473	0.22489173204884763
1.0970960473435019	0.22398862128535366
1.0982977200744763	0.22319477109279964
1.0993055402599288	0.2224037344276677
1.1001026975297878	0.22183198651415534
1.1004770727117077	0.22151061486042972
1.1019758479065969	0.2204383865957907
1.1026933748328704	0.2198391667313954
1.1030196778642551	0.21965711898210058
1.1034766643317313	0.21934538778815293
1.1059607536791336	0.217510009504128
1.1074014657872921	0.21653401194179403
1.1076636150098642	0.2163803079051047
1.1090409168955222	0.21543487431651476
1.10989439044386	0.21490011566390935
1.111866452345638	0.2136322173565058
1.1121954698242733	0.21340479137773283
1.1124093833934547	0.21327854824384676
1.1132160428657814	0.2127617317098658
1.1147651498315514	0.21166921665199537
1.1153589955546845	0.21139383828852337
1.116085236618218	0.2109190283279962
1.117406886630219	0.2100720285607156
1.118597709728608	0.2094266186059548
1.119922334970464	0.20863498935054814
1.1200548837370012	0.2084868923390429
1.120320028335488	0.2084128832597793
1.1217794459725658	0.20745315257958571
1.1225098675687872	0.2069137170474307
1.1236396365286387	0.20569293803196792
1.1241716858914463	0.20520664551835743
1.1245708882349184	0.20481843940535802
1.1253697182520233	0.20380288892202603
1.1261857758623322	0.20321882401582758
1.1264690361351253	0.2029484347416936
1.1269690810170245	0.2022650576194714
1.1276361528334438	0.2018346371142189
1.1287042891269041	0.20078635012822657
1.128570716778369	0.20073883029921363
1.1287042891269041	0.20069132171665316
1.1288378772844376	0.20069132171665316
1.1304588923226662	0.19922411940132023
1.1311112965531458	0.19851803841988208
1.1315297024134219	0.19827736809856766
1.1321157306462646	0.1977208380265579
1.1331210566833063	0.19689188315999914
1.1336743664817184	0.1964205862149255
1.1337917699568438	0.19622889993140696
1.134328626408994	0.19581132438352103
1.1347650094486723	0.19548715784066426
1.1348657370655382	0.19534839365756163
1.1352687369519865	0.19507116072164407
1.1355374830445255	0.19474821952311377
1.1359407214733357	0.19451787461496114
1.136142394382008	0.19431079714991148
1.136478595465494	0.19401207438053797
1.137420487862995	0.1933244656898778
1.1374541413108892	0.19329014929828292
1.137487795754505	0.19327871185478027
1.1375551076290207	0.1932329688481799
1.1387716143409892	0.19227628477727715
1.139306615173852	0.19182029262049036
1.1399809897827424	0.19123095796594056
1.1407907662433412	0.19068856393999237
1.1412634014581584	0.19037287815047343
1.1413309367575744	0.19023774427665158
1.1417362324880653	0.19001835628750186
1.1420065095962109	0.189653271728028
1.1426824823176907	0.1892496891319993
1.143088257992804	0.18893638540630414
1.1439002416767474	0.1884227977458659
1.1440356283561104	0.1882667657395793
1.14445881501575	0.18803852339261662
1.145119298804764	0.1875107319761385
1.1460683524570543	0.1869125156102669
1.1467467294511453	0.18631620773686727
1.1472218322507586	0.18609583606998586
1.1483085207828692	0.18537045721810813
1.1496683290846725	0.18445133559033927
1.1515108836470496	0.1832979927509057
1.1547819671961435	0.18124869869085594
1.1554655019242928	0.1807560085458744
1.1559442169541436	0.18054221338878146
1.1573130673233494	0.17975336770153433
1.1584778645496976	0.17896796872908383
1.160536249636064	0.1778278655763361
1.161704290888531	0.17726054050446063
1.1635618319818886	0.17625642788911758
1.165491308171732	0.17515432641417056
1.1681150016640387	0.1738738184626694
1.1685989574437308	0.17364761132524906
1.1708831653310119	0.1725209823678181
1.1724084505166927	0.1717976792028877
1.1747696185956846	0.170612367098487
1.176439187942508	0.169927229126948
1.181322330332633	0.16780882077934695
1.1819166617032537	0.16754092630923131
1.18216147328682	0.16737247146668613
1.1845422834334107	0.16646376770057447
1.185594164585908	0.16605056653987296
1.188632320896771	0.1648561231110201
1.1893182978570165	0.16458320304541135
1.1903039828205788	0.16419410082210323
1.193142379933718	0.1631529407277106
1.195103228123962	0.16237760659825853
1.1969433432154182	0.16172553743176096
1.1993539232595287	0.16094270048980439
1.200916296710358	0.16035331608844114
1.2023384022860655	0.1599363531485128
1.2051163536787513	0.15904919746582463
1.2080436848860445	0.15764370400050287
1.2081866632831662	0.15753180253317103
1.2084726708461744	0.1573454765750982
1.2107721258480255	0.15575444769045982
1.2116232260998083	0.15516340294633482
1.2132015825166713	0.1540290434627733
1.2134887772346714	0.15388327985298236
1.215069563866259	0.15283061087818836
1.2157887838295187	0.1523610652736223
1.2165264261098176	0.15196038826413907
1.2167964070412758	0.15167740005453337
1.2176607487246849	0.15124943045344497
1.2183815024535283	0.15071114959513118
1.2188186671074526	0.15053289099027173
1.2195355959071494	0.15007040473244054
1.220690782558342	0.14939701802471497
1.2211423244875614	0.14911880345094228
1.2222809510927124	0.14844529458241051
1.2225702951210462	0.14826971599262928
1.2238731911066123	0.14753455082792552
1.226192879976926	0.1462135053899855
1.226483150055249	0.1460405665228051
1.2266464571698816	0.14597576719594735
1.226918684016721	0.14583546727260432
1.2293896327982163	0.14442490649478068
1.2305541535368396	0.14384493102665752
1.2323030032362445	0.14292857677324067
1.2336892717557764	0.1422703979790118
1.2347847957494296	0.14168230564096576
1.235223277691586	0.14144774993614015
1.2362470078516754	0.1410136977239787
1.2369787630976368	0.14061321635677923
1.2383153331521932	0.14001954532481667
1.2392499580937495	0.1395521940778012
1.2409377325540405	0.13879453301671757
1.2413049441045347	0.1385811579089789
1.242186695232992	0.13822080859765856
1.2438968708317437	0.1374541075106374
1.2444858626365976	0.1371981336201274
1.2456462553971441	0.13669165926052848
1.2462729485758552	0.13641692285485243
1.2475641922073144	0.13580480121286004
1.2486720372194062	0.1353875644621721
1.2503726439129421	0.1347003303193193
1.2508166612244682	0.13446141908225548
1.252001478391745	0.1340165846118259
1.2536324347194001	0.13335209069383602
1.254077609608675	0.13313132569794492
1.2551169658896288	0.13280086328522894
1.256315149095052	0.13234585854268846
1.257570286641529	0.13186119794998874
1.2588359894346426	0.1313472190969626
1.259879289372609	0.1304332750256406
1.2599165660723608	0.13036382900616442
1.2599538438750377	0.13034068855060943
1.2607742346400073	0.12937248958559405
1.2616791479403826	0.12876340112458678
1.262715464185276	0.12782015429567817
1.2631638645308525	0.12742744899089908
1.2634815777789847	0.1271901472436709
1.2643603773997447	0.12646592228782144
1.2646596826654737	0.12624161600833
1.2654082558480728	0.12566027981593444
1.265558023647358	0.1255116509571777
1.2659325207006047	0.12525938523708194
1.2667568043472683	0.12456458025225206
1.2674316174328992	0.12416718128884603
1.2679567205740687	0.12362465583942987
1.2694582143309803	0.12277897695965756
1.2695333356750025	0.12270634502516987
1.2696084614643985	0.12269182379508056
1.2696084614643985	0.12266278649008296
1.2706982851221444	0.1220040411926099
1.2709614861324148	0.12176603060246399
1.2717137894577093	0.12133447302473706
1.2717137894577093	0.12127704769560843
1.2718643035504438	0.12127704769560843
1.2726171412684424	0.12084722314866021
1.272918401113695	0.12064716001816822
1.272918401113695	0.12059005998138753
1.273370424603657	0.12039042258569486
1.2735211347679747	0.12024802682515408
1.2741241538198553	0.11996374037477328
1.2739733722934707	0.1199353487215223
1.2741241538198553	0.1199069637876848
1.2742749531920357	0.1199069637876848
1.2750292178138087	0.11948199502924883
1.2755197292165843	0.1192630182946009
1.2755574686781141	0.11924184830753284
1.2757839288974056	0.11903035500665235
1.2761614519449656	0.1189317865461323
1.27669017189943	0.1186646548391129
1.2767657212011165	0.11859445679992324
1.2768412749735016	0.11855235791085131
1.277597058643988	0.11813219008440012
1.2780507435626034	0.11793662170356038
1.2783532896754481	0.11782501374106465
1.2786559074084152	0.11768565230282028
1.2791099683326832	0.11749082316731978
1.279488475603759	0.11731019921544829
1.279412765190139	0.11724080242688445
1.280037510105978	0.11707095374477092
1.2801700709686215	0.11699131373115663
1.280624669584462	0.11679763407633635
1.2807762383272672	0.11665948780542493
1.2815343511682658	0.11638368526157387
1.281610187128665	0.116356140895037
1.281686027576726	0.11632860304738743
1.2822929127489133	0.11605358277045444
1.2824446789371724	0.11591631655087357
1.2830614138096401	0.11575352377228697
1.2835075453194573	0.11556018372760471
1.283659455265943	0.11547815473566851
1.2837354169813093	0.11543716207751546
1.2839633290990935	0.11537570037302071
1.2847233284323358	0.11504164916508902
1.2852555956142606	0.11483760554729881
1.2858641709959586	0.11460679357855698
1.2867775744180616	0.11424116298858367
1.2874630527533928	0.11398456685253568
1.2879202411653081	0.11374200743355806
1.2883013555244451	0.11364781822805192
1.2888351051005595	0.11348653244669443
1.2899032677496145	0.11307093613952843
1.2903613227013628	0.11288374668773683
1.29143075025128	0.11248366929304585
1.2920422496016446	0.11232403563905446
1.2928070309828288	0.11203196210252188
1.2931895914142535	0.1119391889772727
1.2937253662104944	0.11174064803790693
1.2947975818173258	0.11137097997747249
1.2952573747790865	0.11118660481088019
1.2961774505890462	0.11093686949281785
1.2965226474909968	0.11082532747562512
1.297251698437966	0.11058294707883243
1.2980387658247399	0.11034762631451368
1.29817319089993	0.11026929739310536
1.298634182567434	0.11015190825021974
1.3006337055386625	0.10951497848107697
1.30173090371432	0.10920758899207628
1.3034073593806916	0.10871434281523623
1.303253112441287	0.10868861354141589
1.3035616245760422	0.10866289035690735
1.3052597472354672	0.10814970320533907
1.3063415223235249	0.107868484086827
1.3071147676829928	0.10763893970596404
1.3085077629081219	0.10727014520541132
1.3089724244646794	0.10713058841249025
1.3092822905015622	0.10705454306633777
1.310522488352044	0.10672563650856912
1.3108327213272555	0.10662463793268377
1.3109878653536966	0.10660571134304647
1.3123073311684843	0.10624674378400722
1.3126956620227743	0.10612107692811312
1.3134726685036273	0.10595166241498018
1.3137835998591976	0.10584513279858913
1.3145612503086215	0.10561989411389552
1.3154171974649262	0.10544503989624698
1.3159621812674733	0.10532032128218456
1.3166242508709975	0.10515218511668825
1.3168969645726158	0.10504645933865109
1.318456412571682	0.10471132912775069
1.3186124589025414	0.10467415849812371
1.3186124589025414	0.10464938540916256
1.3191587665175886	0.10453797904359109
1.3204864560734546	0.1041798091110789
1.3218937015377674	0.10385973467591467
1.3234590665916006	0.10352839047826029
1.3245559249382517	0.10324696822208491
1.3254183799033978	0.10307604239410037
1.3284807023139134	0.10240728309881092
1.3287976436413071	0.10234708089495674
1.3304080864282788	0.10200207594478715
1.3325748078086612	0.10152635368176884
1.332969136104504	0.10144228019997446
1.3335213917613955	0.10134628146743063
1.3363651799209182	0.10076026834533477
1.337354024148502	0.10057560324546667
1.3401663333571694	0.09999996364340018
1.341138149923475	0.09962491295318758
1.3434217125731467	0.09853149889846946
1.3433422190759685	0.09849652199689966
1.3435012107744249	0.09847321096066299
1.3436602212903945	0.09842660543785654
1.346525630912868	0.09701568372646129
1.3482797218911855	0.09635202877691221
1.3485190930908244	0.09624945551000286
1.348758506788003	0.09615837094724675
1.3501958818420223	0.09555710900339226
1.3508352067957226	0.09526352632214952
1.3510750316916362	0.09516211183989931
1.351634788709955	0.09483606567479025
1.352434843910073	0.09463425431011693
1.3535957651965878	0.09415945767804901
1.353555716843956	0.09412046310812776
1.3537159173642108	0.09409818774772269
1.3538761368450494	0.09405365284130152
1.3554793749793796	0.09341026024915844
1.3562817058543049	0.09303514725285914
1.357245129814165	0.09270541635341811
1.3590131848611071	0.0920712466393086
1.3590936057019336	0.0920167803705735
1.3591740313017364	0.09198411607635514
1.3611056741223708	0.0913116440086709
1.3619314829359914	0.09101225332463249
1.364169724514251	0.09021599927130099
1.3646541520779	0.0900027135577842
1.3649771993521715	0.08993882622543041
1.3655427161068006	0.08975805828405362
1.3675643321046314	0.08902807552976146
1.3690217485701	0.08858664796397751
1.3704807182076602	0.08806399184224818
1.3723472200698592	0.08753405923993153
1.37328142405308	0.08725479892103324
1.374541574842953	0.08686327454363556
1.3766579733566389	0.08620783210441323
1.3774728401975695	0.08594297345854905
1.3797570342767018	0.0853399124736733
1.3798386826536777	0.08530457037139179
1.3799203358622707	0.08527428879042839
1.3820450161202376	0.08465087053356764
1.383067661170397	0.08441576784828293
1.3845006356334983	0.08401212218616405
1.3849922828660517	0.08389537673201403
1.3863247043596074	0.08353869753615531
1.3866323682351744	0.0833781936291387
1.3886441198506447	0.08294023662701394
1.3896305321947824	0.08267563200189913
1.3902473956975192	0.08253387809781274
1.3917289855562183	0.0821246506862728
1.3930472797918174	0.08183358826807222
1.3955224481425235	0.08124493871508932
1.3965344059868599	0.08100731066253684
1.3970096596367896	0.08088995403691857
1.3982502131834045	0.0805937288773353
1.3985398341524649	0.08054128622022132
1.3996575056577076	0.08027958436042305
1.3999888390885464	0.08018463102256294
1.4008175158584668	0.08002346802668767
1.4023103703186204	0.07967382033794754
1.4036386876109221	0.07939144404019706
1.403970963485659	0.07931631286227339
1.4051345486003244	0.07907262721670238
1.4061326747898213	0.07886701653201934
1.4072980514907525	0.07860610326951752
1.4077977942677404	0.07847597050613137
1.409214696065812	0.07822560825011711
1.4102157205557218	0.07802220004884447
1.4108834652232742	0.077883815975933
1.4109669555351017	0.07782853109573834
1.4114680011692164	0.07777357309492032
1.4131394386539884	0.0772961296540967
1.413892231125086	0.07703129624335972
1.4139758994833713	0.07698572710603023
1.414478013617512	0.07671287782495373
1.415231519159894	0.07654057366137502
1.4161634905067357	0.07620501648276519
1.416320624753724	0.07613402702724296
1.416320624753724	0.07607998421346715
1.4168235715185333	0.07596302301567742
1.4171589685802766	0.0758462416276225
1.417662213047674	0.07564902043717245
1.4178300009128129	0.07555954405219137
1.4183334836691504	0.07539875316962194
1.418921106194308	0.07521159621195185
1.419592972908406	0.07498939594160853
1.4202021269071294	0.07477891375534808
1.4208640903479115	0.07456350686102406
1.4211899316464136	0.074423549985996
1.421358137035817	0.07433552306678771
1.4221994626500023	0.07411591101022395
1.42295708147982	0.07386197372267082
1.423293930494552	0.07374842237264058
1.4237151039002074	0.0735827766480575
1.4240521323575304	0.07349574418136735
1.4245578246424349	0.07330463493390298
1.4248950525925292	0.07325260052971705
1.4254010442051408	0.07307941912844515
1.4259494045532353	0.07291959087429789
1.4264135665391582	0.07275150164506704
1.4267512337891006	0.07266545239642469
1.4275957516673046	0.07241648469665751
1.4283139848861262	0.07220254212280802
1.4286521020119332	0.072095807974503
1.4294554510084796	0.07184454053484796
1.4299630620549888	0.07165772487322057
1.4314869769910004	0.07126867855101074
1.432164793711963	0.07103290263032032
1.4330125159666771	0.07083142990622665
1.4338607400023486	0.07058039240286036
1.4351340175449137	0.07025537330159541
1.435898526731957	0.07004781537533238
1.4375988944483493	0.06960158057857162
1.4379392095411074	0.06951925700341952
1.4379392095411074	0.06946990960375123
1.4384498332380244	0.06938979477778792
1.4399827925456758	0.06899468696363412
1.4410056729090521	0.06871762100014543
1.4420292798673868	0.06847407516129979
1.443907781466031	0.06803786576848352
1.4440786756338235	0.06797347891848479
1.4444205246505044	0.06790915300023938
1.4463021412740724	0.06744460702398913
1.4471582316608644	0.06723739514020594
1.4483576095830015	0.06693569162824282
1.4493864389312812	0.0667784323383757
1.4505018287857965	0.06653290037939777
1.450931053404865	0.06643061634501933
1.45214429930911	0.06617853066000738
1.4536811002566408	0.0658202058540365
1.4548858842113814	0.0656024549436677
1.4556609154007905	0.06543187042975127
1.4563501786105642	0.06530035899009369
1.4571259898431659	0.06513826855743295
1.457988487046655	0.06493814249947606
1.460406196182087	0.06449392030746624
1.4605790430250356	0.06446339654527301
1.4605790430250356	0.06444814008197522
1.4609247980853848	0.06440239235302087
1.4632607865706069	0.06396183506572294
1.4640402791480926	0.0637955166169201
1.4656005102530207	0.06347919955131398
1.4657739718706744	0.06346417601656357
1.4659474540184336	0.06346417601656357
1.4677268302940625	0.06315323876497321
1.4685521515004363	0.06277692341141673
1.4690736460975224	0.06252482648141679
1.469464888570642	0.062351174934656674
1.4708568169648357	0.061639489558359566
1.4709003359657482	0.06158480185893199
1.470987377830469	0.06154108663581513
1.4715097371958732	0.06130846231654415
1.4726421522562065	0.06075230723055262
1.4725550124744988	0.060658909963247166
1.4730779285194846	0.06052982766410103
1.4741243177503875	0.05995944382620965
1.4746477910682094	0.059746938316984605
1.4754333496084866	0.05942959137913792
1.4758699518277179	0.05919794208664139
1.47656878412406	0.05884867763724103
1.4770931254914133	0.058688708690007314
1.4776176530565734	0.058446111632568146
1.4774427898421272	0.05840462437056177
1.4778362611786566	0.058345901155768876
1.4784950136369621	0.05807399947226737
1.4786672670448193	0.05796392178756077
1.4790173040336387	0.057813199570971294
1.4792798861526197	0.057697000888939934
1.4795425148899661	0.057526544605052576
1.4803306808949706	0.05727519304708645
1.4807687323058636	0.05709246773063053
1.4810316253703253	0.05696423280869975
1.4826976989847611	0.05632736569314544
1.4828731841456615	0.056247427482898404
1.4828731841456615	0.056234115481685665
1.4828731841456615	0.05622080663100592
1.4849806268087051	0.05538866806261687
1.4865741698967254	0.054841574230191745
1.4872670696846066	0.054555931456766835
1.4884996890683584	0.05413145562759651
1.489380756888276	0.05373571456440655
1.4902623462269475	0.05346927697677278
1.4920270906955184	0.05292782915888095
1.4939707234041064	0.05228656187657701
1.494368596446173	0.05215986109065486
1.4945012443390724	0.05209508451303594
1.4968909208662295	0.05134831400856276
1.4983974919419396	0.05087649015249135
1.5011486732777974	0.05009380282373024
1.5021261126613035	0.04981593602879799
1.5026595296401248	0.049639380674415326
1.5047950924344693	0.04906698222765284
1.5053294571893232	0.048953876392520745
1.5072012286114667	0.048449551386445994
1.507647231408824	0.04832928851396095
1.5083611104165882	0.048135209788828064
1.5118461141720931	0.047293838482303965
1.5135468522770472	0.04688700673847474
1.5165950548996743	0.04619302013455639
1.5165950548996743	0.04617115784498159
1.5167745519929874	0.04616057201849173
1.519109948365266	0.04562795068657024
1.5198292550306656	0.045487766704008545
1.5209088536958044	0.04524080312299836
1.5216290121524758	0.04509113440139488
1.5225296897718978	0.04492069063742056
1.5228901100773131	0.044803884426681144
1.5241522531767386	0.04456063380034945
1.525787831610755	0.0442761083380717
1.5264990090859754	0.044130283924062215
1.5269055450340645	0.04404940558360251
1.5279449621883472	0.04379729094065551
1.5283066644222212	0.04378692549611506
1.5295732966615023	0.04353888944617066
1.5299353843622818	0.043466810615612604
1.5306598169293824	0.04333326636193338
1.532381719345224	0.04304193023166464
1.5335609790492561	0.04281331224482219
1.5350136214958834	0.04254057297970942
1.5361040062553897	0.04237977029695275
1.5373771007870738	0.04216963884426946
1.5379230356732987	0.0420599861285219
1.539926456076364	0.041757438084900546
1.5410203306289751	0.04153564270120641
1.5439525499440698	0.041125380191879536
1.5483556171114443	0.04046695447376898
1.549524246570685	0.040296102407048125
1.5499827733655311	0.04021035220895717
1.5516345935849278	0.040001508030745286
1.553127332070343	0.03969027380128538
1.553196262351957	0.03961050036650925
1.5535639421909826	0.03919083409604408
1.5534720140721359	0.03909355347839957
1.5538512526258972	0.038982094588190144
1.554219087517265	0.03863418640192673
1.5542075913589783	0.03850580450062281
1.554391540096087	0.0383693339953719
1.5547595028868162	0.03807981129435253
1.5549435169455905	0.037926891988967475
1.5551275527834076	0.03775670876745723
1.5558639139766626	0.0369959062680638
1.5562322253145808	0.036795046956721235
1.5565085160342602	0.03656497378431325
1.557245531120982	0.035955617145150394
1.5576141695217331	0.03569697936074352
1.5579828951882797	0.03540666359621122
1.55844392502046	0.034936309661179624
1.5590088724913056	0.03463168118742083
1.5594586709256573	0.034285046515009146
1.5599201374613745	0.0339579530327623
1.560104762308706	0.03359817450509846
1.5610282143670877	0.03319503136293524
1.5613053565581894	0.033003088218249516
1.5619579897433205	0.03259551056635022
1.5625068747370052	0.032143474666932625
1.5627380419086494	0.032076971350943964
1.563431748645842	0.03167145890204413
1.563478006709109	0.03162276893703914
1.5642183218868497	0.031178687649971917
1.5643571700029881	0.03111049833931334
1.5650979014692388	0.030679056651369392
1.565746329213186	0.03030735285026665
1.566116979962376	0.030114281940531205
1.5667658299155458	0.029763507392153686
1.5673222009741872	0.029462112141619638
1.5679715502563385	0.029146516610548904
1.5682499251550266	0.028875280695543994
1.5690389224536982	0.028645529095555358
1.5694567875961791	0.028441157542190856
1.5698283167023253	0.028243257445820864
1.569921212720251	0.028206513406524223
1.5702928517672712	0.028013561179495234
1.570664578790414	0.02784828278169587
1.5710363938105059	0.027743016719962297
1.571222334325917	0.027592393480932544
1.571640780952834	0.027463706728753638
1.5720593390201092	0.02729036590798093
1.5723500699260855	0.027177557795253774
1.572524534277056	0.02708123634211431
1.5731294939159652	0.02684351198809677
1.5732691330338657	0.026768958924305523
1.5734786149518558	0.02670646278206447
1.5742469539833384	0.026402412491577987
1.574200377303089	0.02636650310118364
1.5743866922927796	0.026335317246185735
1.574759388428881	0.0261861378281342
1.574759388428881	0.026167549916455136
1.5753185980639886	0.026000851336975835
1.5753652078296136	0.025971634772874435
1.5753652078296136	0.025970097968715168
1.5754118189743058	0.02596702463320047
1.5762510554457838	0.025609943567410292
1.5764376131441424	0.025579652558263843
1.5765309002731946	0.025540327802440196
1.5773707328896482	0.025260762232172072
1.5775632575331282	0.02519507726885427
1.577744135421711	0.02511766975395712
1.576822458133359	0.02486368763153951
1.5764376131441424	0.02481628384660992
1.5764842560186452	0.024779598920531287
1.5758780062789033	0.024646523154610328
1.5756915148051562	0.02462902811969526
1.5753185980639886	0.024475026994503362
1.5751321727913445	0.024448971668960272
1.5749457695805125	0.02444318536450028
1.5751321727913445	0.024437400429476997
1.574200377303089	0.02425874491919307
1.5738743791243912	0.024119901165625564
1.5734553378058425	0.0240756962023925
1.573501892442223	0.02402019856219274
1.5727106509218085	0.02389402871256118
1.572524534277056	0.023798076076521797
1.5719663164841022	0.023713732027402932
1.571780287924865	0.023640875689413143
1.571780287924865	0.023607325224767273
1.571222334325917	0.023534795803264872
1.5712688228932696	0.02347776629094334
1.57094343180463	0.023404249949075095
1.5704787042805257	0.023357209774544054
1.570571638785728	0.023321301680444134
1.5701302488602407	0.02320360808730082
1.5697354261812804	0.02318096375309844
1.569921212720251	0.023164509027712582
1.569363919059406	0.023025114613563904
1.5689924998616107	0.02300604762766245
1.5686269699426545	0.022853910011807924
1.5683427277701976	0.022802746698649554
1.567507701895116	0.022660165000663278
1.5672294587460436	0.02255047784454029
1.5665804167887218	0.022409473540805837
1.5660243090500614	0.022319482519017005
1.5658389836757909	0.022250909771366685
1.5647274919039524	0.02202037683608379
1.564542319996727	0.021983922001544302
1.564553892598905	0.021952398282808688
1.563431748645842	0.021712427550792505
1.5631542290058575	0.021661095740029904
1.5630617334066501	0.021653406442474675
1.563107980522085	0.021644439045121543
1.561767369555084	0.021373342515534903
1.5615825479526262	0.021327859993774866
1.5613053565581894	0.021269884259281998
1.5602894090073707	0.021091907945000373
1.5599201374613745	0.021007207947742947
1.5594586709256573	0.02090057429490305
1.5590088724913056	0.02080894527507429
1.5583517081412803	0.020691376719864117
1.558282549062869	0.020671184065006773
1.5576141695217331	0.02053767667617333
1.5575680849497147	0.020535246220531822
1.5575680849497147	0.02053403110057194
1.5575220017411837	0.020520669525581223
1.5567963710278945	0.020380293831924204
1.5561401393069976	0.020262449156769405
1.5556797909968942	0.020226510664395184
1.5557258196989836	0.020179885902148934
1.5549435169455905	0.0200738878953771
1.5546675040237645	0.019995642330824032
1.5542075913589783	0.019922416768874594
1.5536558757497592	0.019823635526143163
1.5534720140721359	0.01977208859496222
1.5532881741529452	0.019730013545207686
1.5528286695312128	0.0196531083608941
1.5525530320090124	0.01962289474928591
1.5525530320090124	0.01959968512046475
1.5518182377940613	0.019479436844064012
1.5518182377940613	0.019474826672568248
1.5518182377940613	0.019470217592155427
1.5516345935849278	0.019435684241273392
1.5509920099810728	0.019327875870117358
1.5503496924925064	0.019213842515478526
1.550189154687963	0.019182033911339574
1.549891057153066	0.019138949302828695
1.549065855420457	0.01903729242925583
1.5488825369318702	0.01896084327061397
1.548332711620745	0.018893643120021564
1.54796913234004	0.018804482802410795
1.5475999148042352	0.018751077742450377
1.5473252054211308	0.018713389973281574
1.5466844064785537	0.01860958811754124
1.5459523897739356	0.01847353823486621
1.545860912048971	0.01846916612800922
1.545860912048971	0.018466980462623718
1.5450607128166969	0.018329803717819816
1.5437584177029025	0.01814418998248335
1.5432104113615066	0.01805422571481352
1.5428680061884765	0.017985448886749387
1.5415675592552125	0.017782790867779327
1.541202718583618	0.017753351376186572
1.539926456076364	0.017536178382673174
1.539744219156303	0.01751958322239996
1.539562003802399	0.017515436886762225
1.539744219156303	0.017511291532432034
1.5379230356732987	0.017252102418300667
1.5366949546982884	0.017064269867662303
1.535922221689063	0.016992727031346938
1.5353769970556463	0.016892470920387412
1.5342871283547848	0.016737251203399195
1.5334702345538982	0.016624724121867714
1.5331980332839743	0.01659131010834775
1.532291044629502	0.016485616306841987
1.5319510622289128	0.01640727348990754
1.5310221618362903	0.01629551842407726
1.5306598169293824	0.01623776459549219
1.530297557778145	0.016195541919786074
1.5299353843622818	0.01614960602489897
1.529757158611546	0.01611523962633919
1.529482788126912	0.01609046494021311
1.5288493783240549	0.016005000146181073
1.5286684522799292	0.015993639191347147
1.5287136817835778	0.015985123767820762
1.5283066644222212	0.015929412607428053
1.5277641431740152	0.015872956314277487
1.5266796783649572	0.01578677837201665
1.5263183611876332	0.015753184071532096
1.5255959833500636	0.015697352359471194
1.5241522531767386	0.015601045732416725
1.5228901100773131	0.015516344055443828
1.5225296897718978	0.015470503573157761
1.5216290121524758	0.015417498251346286
1.521178873166497	0.015371949792704172
1.5198292550306656	0.01528306479208757
1.519109948365266	0.015236110220250237
1.5189414101164709	0.015211111794634203
1.5183011352840956	0.015167743681770849
1.5167745519929874	0.015058638292076999
1.5165950548996743	0.015056856233036568
1.516415579048283	0.015053292747604363
1.5165950548996743	0.01504973010553735
1.5149805366447466	0.014939705423517698
1.514084324851714	0.014879711182517862
1.5133677371539591	0.014826975192985876
1.5119355790404672	0.014732520965878763
1.5115777513288284	0.01470465025689466
1.5099685743337048	0.014604060191973911
1.5090753274498712	0.014531648936280192
1.507491115419168	0.014425838623728222
1.5068445213720252	0.01438449658914191
1.5064878985539947	0.014362382652499275
1.5053294571893232	0.014286096598630355
1.5049731929394468	0.014275955786588626
1.503949402821224	0.014194248043926081
1.5035489789061083	0.01416823399815558
1.5026595296401248	0.014118019593410183
1.5012375051153803	0.014031402511969064
1.4999943376078488	0.013955222790210029
1.4996393360133775	0.013918935354041557
1.4987521995613098	0.013866322001910307
1.4983974919419396	0.013849921150206676
1.4980428682707334	0.01382044848632029
1.4968909208662295	0.013745414082640767
1.4961824704839306	0.013704805521209134
1.4939707234041064	0.013567631678951787
1.493639243457961	0.01354476964656912
1.4934403907944853	0.013538759727705902
1.4933520203309294	0.013527548346343255
1.4909679933988251	0.013388979201363822
1.4900859866228982	0.013335212301537008
1.4884996890683584	0.013237722015475243
1.4884116109580188	0.013233022863375452
1.488323538059473	0.013225194649836888
1.4865631740904717	0.013134725093256108
1.4856837730582588	0.013081979216388226
1.4849806268087051	0.013035614665991322
1.4835753325098704	0.012952572178085582
1.4830486900761644	0.012937252094256278
1.4832242167787277	0.01292806874309254
1.4826976989847611	0.012897504625989832
1.4816452240433873	0.012839631734972748
1.481119266763308	0.012812308969272802
1.4806153995690803	0.01277861533741768
1.4799803330710577	0.01274274798764339
1.4798927590715238	0.012739732179023222
1.4792798861526197	0.012705101638006127
1.4786672670448193	0.012673564668633324
1.4781423668856608	0.012646595294030392
1.4779674415758906	0.012631637114496939
1.4770931254914133	0.012580864988218067
1.476481411994091	0.01255116813783663
1.4753678704164768	0.012485610571513156
1.4737754387778943	0.012400567177057089
1.4730779285194846	0.012362468580325355
1.4715097371958732	0.012277900671850778
1.4699432153182428	0.012202573115079569
1.469595325881505	0.012176606011579891
1.4688128756547265	0.01213201435490376
1.4676834051865244	0.012084725243929699
1.4674228815208312	0.012060436168831321
1.4661209566987279	0.011993537779114128
1.4659474540184336	0.011980769845035091
1.4647335100313066	0.011922776596864687
1.4636937867511302	0.011866468360074439
1.4626548015058876	0.01181322187169742
1.4621572158033067	0.011784944751837254
1.460751910325328	0.011724083084340631
1.460406196182087	0.011695673288636153
1.4594559041127109	0.011650774386244341
1.4591968408837381	0.011635616909713686
1.4585062304021308	0.011605361089922099
1.4567811338415326	0.011517790753427218
1.4556609154007905	0.011460682135665458
1.4540252224039139	0.011387672647273207
1.4535144453712359	0.01135276996721813
1.4521765231979182	0.011288377404820677
1.4493864389312812	0.011154248627604477
1.4487861996963751	0.011127878117977587
1.4483576095830015	0.011118663176000125
1.4481862090405435	0.01110025617827259
1.4461309839784346	0.011000862899193331
1.4449334499141773	0.010951500502503356
1.443907781466031	0.010897199719522991
1.4433952202961224	0.01087658459989561
1.4433098111257943	0.010868863988508032
1.4430536139368115	0.010856008479567894
1.4415173855316	0.01078685102317106
1.440664632080631	0.010753710290068339
1.4403236719658727	0.010733366621073206
1.4394716246759065	0.010705456901394043
1.4394729556065515	0.010690244250271635
1.4387903497689685	0.010664990446212512
1.4384498332380244	0.010644184736457401
1.4381306721823324	0.010629393297451006
1.4379392095411074	0.010624676953581762
1.4378115819416086	0.010615250542949296
1.4374500319230452	0.010599244834642918
1.4371310927017442	0.01058451584530581
1.4367909688648857	0.010568869176216956
1.436493426540686	0.010555743850339513
1.4360684729618411	0.01054450654537425
1.435728600613733	0.010522067811327373
1.435431278293365	0.01050900060738856
1.4352189429052233	0.010504648479953964
1.4351340175449137	0.010495949631421463
1.4344547955460314	0.010464941077380937
1.4341153051047355	0.010448852850551454
1.4333517453506022	0.010425383768152028
1.4330125159666771	0.010399505580163943
1.4327581466167718	0.010389664127933077
1.4326733668677034	0.010385975984916798
1.432503822419135	0.010378603626091857
1.4314022724600992	0.01033081068660685
1.4306401571940985	0.01030760673774044
1.4303015695580088	0.010280804111428529
1.4300476814193057	0.010272290627333525
1.429793838347453	0.010261355077541138
1.4291171437551717	0.010229828839794224
1.4287789165685754	0.010212893311374439
1.4282928552229306	0.010191160251048015
1.4275957516673046	0.010161052147019557
1.4274268081103905	0.010155041208566225
1.4272578845464787	0.01015263782894633
1.4273423438294572	0.010149033825982945
1.426075979204459	0.010097516815614296
1.4256541073880828	0.01007602927673475
1.4248950525925292	0.010042100816535853
1.424726428639892	0.010040318276168674
1.424726428639892	0.010035566381944453
1.4238836081571813	0.00999999878811322
1.4221994626500023	0.009932767277677614
1.4220311576970206	0.009926891384914382
1.421862872661468	0.009924542001199107
1.4218839072017582	0.009920138405291743
1.4198450049366318	0.009849654587023134
1.4192150087461701	0.009816488385888694
1.418921106194308	0.009804297430840556
1.4181866160658725	0.009775332249281055
1.4178404883137268	0.0097613149677263
1.4171589685802766	0.009738381650348776
1.4168235715185333	0.009722259714998242
1.416320624753724	0.009708462157956293
1.416320624753724	0.009701570724087127
1.4159854261016596	0.00969009586992493
1.4149803060563912	0.00965346746313791
1.414478013617512	0.009628365779729552
1.4136412557542084	0.009598784292061286
1.4133066912247159	0.009580625490575465
1.4124706262765465	0.009555713216427673
1.4114680011692164	0.009537071531122205
1.409141732497854	0.009514946568517129
1.406777674738253	0.009492311217258166
1.4061326747898213	0.009486976571336944
1.4057998873058466	0.009483608866091005
1.4028913543892563	0.009455591106064514
1.4008175158584668	0.009436586324587161
1.3982502131834045	0.009412048592080167
1.3965963864232998	0.009397579024448597
1.3955224481425235	0.009387574664459376
1.3905765015233869	0.009341028288969521
1.3904119388731728	0.009338817560666462
1.3902473956975192	0.00933633111671883
1.3890961385620746	0.009325564173925644
1.3873299924947007	0.009309574757244407
1.3849922828660517	0.009287565365222185
1.3841729677744448	0.009281521909823653
1.3831904294160813	0.009270543882311662
1.3811457139796597	0.00925191102703236
1.3797570342767018	0.009238780975595298
1.3794304890792497	0.009235501375300763
1.3779619918038386	0.009224577780100532
1.3755179695560213	0.00920059132840366
1.374948321716447	0.009195148566432833
1.374541574842953	0.009190796675171836
1.372103619217582	0.009167983014839556
1.3717788853433337	0.009167983014839556
1.3693458297621153	0.009143061595191323
1.3680904423219928	0.009131166614055051
1.3656235233385752	0.009111735470614743
1.364169724514251	0.009095574441254813
1.3604614883492199	0.009062265756357645
1.3594957812963444	0.00905583301715048
1.3590131848611071	0.009048869369072923
1.3557801934214415	0.009019200127876
1.3538761368450494	0.00900213777292564
1.353395535282041	0.00900027353724086
1.352915104323903	0.008993884802457
1.3473226619171768	0.008945054926669489
1.3452513619034312	0.008926019829325626
1.3436602212903945	0.0089112427626843
1.341277038376879	0.008890175094129784
1.3400870324886172	0.008878609114403855
1.3385812072300998	0.0088660088425226
1.3376310316288507	0.00885866694353796
1.335258542387408	0.008835631961145788
1.3335213917613955	0.00882048257195776
1.3321017678325295	0.008810571196705894
1.3300538675870932	0.008791822281046989
1.3291883962918363	0.008782462790178957
1.324869479973804	0.008744089449310903
1.3234590665916006	0.008731680083947967
1.3231849939566869	0.008729097016993086
1.3225196252580937	0.008725482006962526
1.3134726685036273	0.008645306237882353
1.3111430277422589	0.008624867287758076
1.307578934575821	0.008594299428918421
1.3035616245760422	0.008556748232928513
1.2994028658238082	0.00851936110991885
1.2938019235852927	0.008465089105102621
1.2937253662104944	0.008464588205399573
1.2883775919284794	0.008407181990838347
1.2830519233348265	0.008337821383812918
1.279422228746838	0.008270868140591229
1.2768412749735016	0.008212467059143282
1.2759349247127967	0.008191112375045845
1.2745766054822327	0.008150498413941288
1.2742749531920357	0.008134598080489032
1.2732197322745782	0.008102410942645114
1.2727677622776699	0.008088997364281598
1.272315952721943	0.008064145319681892
1.2714128147062387	0.008027960381838072
1.2710366964339126	0.00800803314725926
1.2705103177720787	0.007980595877874953
1.270209627844595	0.007967383964908167
1.2694582143309803	0.007921783028030089
1.2692328769685264	0.007910072571033771
1.2690075796049685	0.007901651762511107
1.2679567205740687	0.007847598952693378
1.2676753882702516	0.007810305654300238
1.266906731754443	0.00775710722233116
1.2665319465032372	0.007729614838893232
1.2662321981314038	0.007710428166217696
1.2651087734185593	0.007618812669617947
1.2649590587841366	0.00761340454804112
1.2650339138865385	0.007608900712661039
1.2646596826654737	0.007569829595239596
1.2643603773997447	0.0075559562366117865
1.2639115523137217	0.007507821536371525
1.2637619793600172	0.007498941411734404
1.2637993709389246	0.007488742252290763
1.2629396444577796	0.007406331868284617
1.2625660327782122	0.007386199162514462
1.2625847107369634	0.007361981449168947
1.26204316210054	0.0073053494961767785
1.2618191409596782	0.007275151927838745
1.261445860755329	0.0072382228877225984
1.261221945639469	0.007204891241104714
1.2607742346400073	0.0071657742241434215
1.2605131432883803	0.00711886128156066
1.2603266825698594	0.0071066554313617995
1.2600284027892967	0.007058040950995298
1.259879289372609	0.007033858562219321
1.2596556523336955	0.007007270689802198
1.2595811154759782	0.0070047832353340314
1.2596183833535048	0.007001882321114802
1.2593016415386493	0.0069583066144047094
1.258984979371232	0.006951927385331685
1.2591339869415732	0.006943704762917062
1.2588359894346426	0.006910911414084643
1.257793553448302	0.006899470368638752
1.2551169658896288	0.006881529838819784
1.2531132637424562	0.006869324413615648
1.251408929586992	0.00685876389076947
1.2503726439129421	0.006852273178622291
1.2501137066070653	0.006850246091023651
1.2494850820883039	0.006847409175786863
1.247139778938746	0.006831018642188298
1.2456462553971441	0.006821324253009953
1.2416722643182756	0.006795740820016141
1.2412498554454643	0.0067923235554264985
1.2409377325540405	0.006790916945988392
1.2396900256507137	0.006782082068510028
1.2383336523546056	0.006772857895046251
1.2362470078516754	0.006758845175095842
1.2354425770498734	0.006753248208139252
1.2340543383811398	0.0067444623371038185
1.2315740140133626	0.0067269248710076215
1.229680659626727	0.006714198999727886
1.226918684016721	0.00669515531838457
1.2266283108611749	0.006693570785194228
1.2240904753905812	0.006673795733035502
1.2196799344330795	0.006643063244629998
1.218534717573819	0.006633537462230851
1.2176607487246849	0.006627161850611729
1.2130602538272062	0.006592912434611662
1.2130490379697483	0.006592839285634117
1.2084726708461744	0.006558306386034511
1.2064720388138928	0.006543188628895844
1.2022672570280315	0.006511516143163327
1.1993539232595287	0.006487574501250477
1.1969433432154182	0.00647080073986448
1.193972255959961	0.006444815570274835
1.1918545671019232	0.006428057268588104
1.1903039828205788	0.006415896789476565
1.1877710132225694	0.006396185056862675
1.18671720072955	0.0063863519125308245
1.1858046528791413	0.00637955320795121
1.182021574744876	0.006347921493723784
1.1816719008172554	0.006344166275774573
1.181322330332633	0.0063415389450577914
1.179157300309493	0.006323178070645819
1.1784597503061656	0.006317194203965826
1.1768569508933748	0.006304497282742215
1.176613237813318	0.006302632242057997
1.176334770378457	0.006300022111968978
1.1724084505166927	0.006268784736470041
1.1714375847567637	0.006262852344294853
1.1704675229660688	0.006252484163602218
1.1679767654000015	0.006233274488002744
1.16645724576783	0.0062214824953305105
1.1646984578473683	0.006205304921362948
1.1635618319818886	0.006196131865729704
1.16149808057148	0.0061803859187202536
1.159163586941202	0.006159939542979402
1.1588892492911858	0.006158481678569662
1.1565599991478392	0.006139560809338309
1.1547819671961435	0.006122871579969357
1.1534161105694618	0.006112011748964602
1.1517962539427737	0.006097381524400189
1.1479688200877536	0.006065892466559649
1.1469503208393816	0.006056567095952811
1.1460683524570543	0.006048329680816319
1.142141672142307	0.006015847875626565
1.1375551076290207	0.00597469527982926
1.137487795754505	0.005973988226539927
1.137420487862995	0.005973281256924215
1.13660469651916	0.005966127899835876
1.1327188191845432	0.0059338241964930205
1.1288378772844376	0.005898116901918305
1.127369276737846	0.005884869190083097
1.123539905310128	0.0058511874258233695
1.120320028335488	0.00583977268448644
1.1165476362108273	0.0058453043208517574
1.115424997937329	0.005847380035097611
1.111866452345638	0.0058529188774107555
1.1091065454001177	0.005855690265726056
1.105699007470408	0.005861236979779494
1.1034766643317313	0.005864012306760658
1.101780239789487	0.005866788947873942
1.0960578231453055	0.005875126762230573
1.0951501829701387	0.005875822114739638
1.0945023287664843	0.00587790866609782
1.0886888599547888	0.005884869190083097
1.0870794944834345	0.005886958954129985
1.0866373362070407	0.005887568608418356
1.078685233041543	0.005898640449308804
1.0725669635463975	0.005907110917093278
1.0678884801964488	0.005914193513118676
1.062467824117247	0.005921021816697522
1.058764924082113	0.005926104383370421
1.0581972968653666	0.00592676193029639
1.056199325137117	0.005929612143505011
1.0544507823249207	0.00593206881092568
1.0510867630586893	0.005936633893908569
1.0495950903411868	0.005939444921730823
1.0464942345613464	0.005942960578352819
1.04398925808456	0.00594612644851187
1.0406894047724027	0.005950702349690598
1.0385977243579645	0.005953520039001735
1.0370010411420245	0.005956339062503782
1.0318592828530488	0.00596198111460794
1.030760798690582	0.005963216025735902
1.0299072306651342	0.005964804144474441
1.0231040834348302	0.005973281256924215
1.0229830079533804	0.005973281256924215
1.022861946800162	0.005973281256924215
1.0208060977725995	0.00597469527982926
1.0191161486101397	0.005976816941837983
1.0156244342541771	0.005978939357265829
1.0152639059331232	0.005978939357265829
1.014903505593108	0.005978939357265829
1.0114262246715673	0.005978939357265829
1.008318792623704	0.00597469527982926
1.0077223049651318	0.005973281256924215
1.0076030497835557	0.005973281256924215
1.0074838087147944	0.005973281256924215
1.0022511480556828	0.005947885993938947
1.0005919166973212	0.005929612143505011
0.9999999999999996	0.0059211751062054315
0.9984626548099481	0.005929612143505011
0.9969129250702148	0.005937863554841279
0.9943942262720012	0.005951406646972521
0.9924543203941375	0.00596198111460794
0.9917351673748042	0.005966039640339404
0.9901043305703133	0.00597469527982926
0.988702858999648	0.005982478391303663
0.9865697069063846	0.005994172073075213
0.9849655780689898	0.006002868527613311
0.9819394417787946	0.006020121185483382
0.9814456697276773	0.00602261535124447
0.9806619538153456	0.0060272501152245864
0.9775333433940785	0.006044394008848015
0.9763193588632649	0.006050835533495499
0.9738382830530518	0.0060651746208754175
0.9736078060875237	0.006065892466559649
0.9712485598532344	0.00607954768859173
0.9701571899807796	0.006085306448203767
0.9672910203906305	0.006101893285567255
0.9664900113812106	0.006106047054328684
0.9662040975150795	0.006108396087326664
0.9654611172399967	0.006112011748964602
0.9628366946578613	0.006127946102459317
0.9611289593815943	0.00613665507042181
0.9606740750815959	0.006139560809338309
0.959197187413062	0.006148286283991365
0.9573259453918076	0.006158481678569662
0.9561370561365143	0.006165774452559808
0.9555714374472057	0.006168693979659108
0.9541023942940957	0.006177460858045606
0.951959392757999	0.006189901934686437
0.951171079795171	0.006195032010692116
0.949231236761895	0.006205304921362948
0.9483610015397161	0.006210447763078514
0.9462308956986365	0.006224428400485292
0.9412328211894452	0.006252114189060665
0.941204973271403	0.006252299173594825
0.9411980114206319	0.006252391667914354
0.9411771261772871	0.006252484163602218
0.9376472335860874	0.006274722748014005
0.9362888485902895	0.006281781442662569
0.9348217903768999	0.006290336803277921
0.934102942099653	0.006295550117841324
0.933163743734819	0.006300022111968978
0.9313984019310381	0.00631121600004909
0.9305720479781239	0.006316446618903814
0.9289765086681663	0.006326172129198078
0.9284818977592459	0.006328418603442961
0.927054500579676	0.006337412480665301
0.9265060861571095	0.006340413279286642
0.9253007161283999	0.006347545871925638
0.9252459638572567	0.006347921493723784
0.9240969142673774	0.00635543859926653
0.9235502494539101	0.006358447933351203
0.9222532162514531	0.006365789156238643
0.9216940068904003	0.0063704995257961115
0.9200592443411293	0.00637955320795121
0.9173410808780328	0.006396185056862675
0.916784849996247	0.006399024353371291
0.9160392162641088	0.006403759315333097
0.9131167720649195	0.006421974150688079
0.9119827855430231	0.006428818063364288
0.9096652053291306	0.006443290284647974
0.9094499161175448	0.006444815570274835
0.9071924533307141	0.00645855939944945
0.9062266854601787	0.0064646771721731154
0.9039237329606166	0.00647769668714948
0.9028011631411164	0.006484216274067974
0.9023471860798958	0.006487286585068728
0.9013065716875119	0.006493815823901475
0.8999742060053291	0.006502275182928922
0.8993885892414138	0.006505354044919377
0.8980059185197564	0.0065138284345477625
0.8975809091704354	0.0065169127670644915
0.8972091909980314	0.006518455480947614
0.8959889148162539	0.006526174530068568
0.8952469507351458	0.006532356350202225
0.89429389966198	0.00653622296099876
0.8932361439264795	0.006543188628895844
0.8927869766722143	0.0065458995040665775
0.8926020911058299	0.006547836531077041
0.8922060366667611	0.006548999022405832
0.8903864484756994	0.006560247084422067
0.8892280695346464	0.006567626977183508
0.889122837116576	0.006568015622481161
0.8880711976266054	0.0065757933599168645
0.8863911610623583	0.0065851388033561315
0.8858668017108228	0.0065882569017129584
0.885630941214222	0.006589426569202935
0.8852379799281802	0.00659293681778454
0.8833019212878107	0.006604651157122695
0.8825182394253988	0.006608462797143414
0.8809529609749848	0.006619519204733527
0.8807444670507351	0.006619519204733527
0.8791823346516432	0.006629711359603639
0.8785322641684984	0.006633243068266319
0.8768962175950602	0.006643063244629998
0.8758590395443653	0.006650929852241078
0.8751337449154813	0.006654079103010557
0.873891779763473	0.006663535805265937
0.8725483064392281	0.006669847738790317
0.8695587655002297	0.006688819435323954
0.8691472196545956	0.006691986627013174
0.8659643364782001	0.006711021295339482
0.8644284188572806	0.006720558923197088
0.8604477701496165	0.0067444623371038185
0.8597352375182821	0.006749253212468345
0.8594300470450328	0.0067506511920555476
0.8587183571852725	0.006755646340510463
0.8550675365436493	0.00677807001569213
0.85294506326638	0.006790916945988392
0.8504251775946052	0.006807009855957473
0.8482138370942106	0.006819911637872236
0.8465090130975702	0.006830412339428314
0.8458080230834455	0.006836073258586829
0.843908260643323	0.006847409175786863
0.8411101640490679	0.0068635344226174256
0.8401215273012614	0.006869730912133406
0.8379493752848987	0.006882955216997265
0.836500269974909	0.006892125414675263
0.835263704872799	0.006899470368638752
0.8337822394262586	0.006908458165418071
0.8319094879998432	0.006920733123527019
0.8279315977944233	0.0069445265873175465
0.8274907857864899	0.006947814857707507
0.8272827061516338	0.006948431581722801
0.8266954695772109	0.006951927385331685
0.8243628839038714	0.006966752650907787
0.8227059979100829	0.006976653721286807
0.8212468054401421	0.006986568862955516
0.818190920029597	0.007003954280082652
0.8181182996139617	0.007004368745445163
0.8180456856439182	0.0070047832353340314
0.815049940168953	0.007023045093591187
0.8136043268656084	0.0070330261661555645
0.8094744300437251	0.007058040950995298
0.8090434451050794	0.007060547317703621
0.808899834457661	0.007060547317703621
0.8086126896338639	0.007063054574442777
0.8044605259326639	0.00708733733903837
0.8027961354736087	0.007097409783017636
0.8004244065472589	0.007111703587720088
0.7999272343906219	0.007114650001429213
0.7994067185855624	0.0071180188261634
0.7967384930465006	0.007134464703857829
0.795407721845542	0.007141856609558145
0.7928818583100181	0.0071657742241434215
0.7907265596483144	0.007191261161941207
0.7879182747909912	0.007223567929098815
0.7868990258419103	0.007235653449397652
0.7847599903733626	0.007261174090704618
0.7835999108701521	0.007275151927838745
0.7807765088662401	0.007311404034448771
0.7788384429185059	0.00733306837688871
0.7746099493073959	0.007386199162514462
0.7736021937936594	0.0073984473258915965
0.7729615775635144	0.007405455393240435
0.7702676612041225	0.007437954153201136
0.7699942301037176	0.007441476064176099
0.769948667691271	0.0074423568024583235
0.7671290571515784	0.007477450703062902
0.7664938012945375	0.007486526879938653
0.7654966047633153	0.007498941411734404
0.7613405470699656	0.007551486385730473
0.7594507256266331	0.007575655033441686
0.7564904794059406	0.00761340454804112
0.7555957152308238	0.007626029474706219
0.7538985779129725	0.007647720931935337
0.7527395755604315	0.007663123033936198
0.7525168948501251	0.007666751563577531
0.7498942320521299	0.007700169190036616
0.7490959188023262	0.00771316620083621
0.7476787930841637	0.007729614838893232
0.7456022486744424	0.007758025317240167
0.7442357704387805	0.007776410051431623
0.7433555009266618	0.007788383485321054
0.7422127069228139	0.007804992527271346
0.7414225711772867	0.007814003875697572
0.7389588143799487	0.007847598952693378
0.7387511390546324	0.00785038569775364
0.7386200057638276	0.007853173432409325
0.7380083581141722	0.007860612232186115
0.7353927427591002	0.00789791205901373
0.7346968123138494	0.007907264638212085
0.7330466158498538	0.007929521425116425
0.7319846391399321	0.007944315725851518
0.7304485856740168	0.007967383964908167
0.7275152809504893	0.00800803314725926
0.725278774965109	0.008039339896060326
0.7223729099518721	0.00808122288409265
0.7220256837320682	0.008087082952413498
0.7219829597340004	0.008088040101705692
0.7218548029076893	0.008088997364281598
0.7192964382416813	0.008126419109123624
0.7187007923447075	0.008137005226549171
0.7165775092554225	0.008165825797385777
0.7153488804919295	0.008184329354557408
0.7138688577770719	0.008206637539213144
0.7134465568474273	0.008212467059143282
0.7120968719287596	0.008233877416086118
0.7111704449578145	0.00824655521808513
0.7093212052491936	0.008274906855039758
0.7087967306772791	0.00828225502545226
0.7070582544880936	0.008308270859893283
0.7058041806350045	0.008327959549360466
0.7055536329052975	0.00833190288263893
0.7051153883709912	0.008337821383812918
0.7031362521658434	0.008368467347269395
0.702299399704284	0.008381228390084294
0.701058951946351	0.008401214254880449
0.7004784084234548	0.00841116283636553
0.6991118858251572	0.00843209322112275
0.697005229014885	0.008465089105102621
0.6951928227826671	0.008492181752294815
0.6926879618431474	0.008532478474661084
0.6920785153506883	0.008541445197524663
0.6899471204776544	0.008576010740076044
0.6895389708473559	0.008584134236561649
0.6888049098649464	0.008594299428918421
0.6863433719170682	0.00863456975701665
0.6847410005615429	0.008661692266113219
0.6832030094352157	0.008686329559733096
0.6807816326818731	0.008725482006962526
0.6800468341054731	0.008737624039089445
0.6795741643583081	0.008745124358817392
0.6774061157209937	0.008781423461993433
0.6770053849294774	0.008789741532573588
0.6769252672227342	0.008789741532573588
0.6768451589972256	0.008791822281046989
0.6753648656207766	0.008815786320910159
0.6744463154456388	0.00883145022234741
0.6738878097181444	0.008844001379907014
0.672831904109914	0.00885866694353796
0.6722946262087116	0.008869157233067929
0.6718969192033563	0.008874932186430253
0.6707448988421627	0.008895437337210115
0.6701894582398318	0.008903863405709431
0.6693571596379319	0.008919683802633874
0.6689611903395098	0.008926019829325626
0.6676956620093081	0.008949290457901464
0.6650930658258561	0.008993884802457
0.6645816303742017	0.009001338767497112
0.6643064049694142	0.009006133864052083
0.6630693004692262	0.009027476328198886
0.6615604120402664	0.00905583301715048
0.659293761677393	0.009094498059025116
0.6572681956855106	0.009131166614055051
0.6554815369951973	0.009163643980524333
0.6543189421856318	0.009185359707390133
0.6496122617017689	0.009270543882311662
0.6494585188622725	0.009272738448552231
0.6493816610878524	0.009274384714153
0.6489975086259766	0.009281521909823653
0.6465443084648212	0.009329979878316312
0.644481635131361	0.009365380867608753
0.6435289235452928	0.0093842422450941
0.6420075135211758	0.009412048592080167
0.6396185832007977	0.009458948861980124
0.6376157342991963	0.009495962966430418
0.6353183303345287	0.00953989368950474
0.634792226302009	0.00955006037623055
0.6344894444632466	0.009555713216427673
0.6317755716467661	0.009609582360762656
0.6300022875460422	0.009646044253145619
0.6275466155349357	0.009701570724087127
0.6262111949016981	0.009731468978491566
0.6252484921332596	0.009751644666196938
0.6234381888078688	0.009792701073262874
0.6209713563077545	0.009849654587023134
0.6207509226976899	0.009856651211090625
0.6205305673375736	0.00985869282914191
0.6195216057096391	0.009881763284948402
0.6180020959354008	0.009918670974234224
0.6177461606684005	0.009924542001199107
0.6158482424908005	0.00996684238491573
0.6152563397190453	0.009980785669845978
0.6145377160221582	0.00999999878811322
0.6135203460233329	0.01002132418890887
0.6125771534703753	0.010045072420440157
0.6112012489671317	0.010075731160868859
0.6111922072041356	0.01007602927673475
0.6098645220237583	0.01010827776259276
0.6088909180605633	0.010131032992424335
0.6079548425364169	0.01015263782894633
0.6071549206915057	0.010171579851956712
0.6065893201677229	0.01018513150164777
0.604797251953284	0.010229828839794224
0.6045110127635163	0.010237095517628914
0.6031889176930424	0.010267428944948679
0.6020121915053996	0.010296633591554227
0.60158486046793	0.01030760673774044
0.5991601775095003	0.010366021284006625
0.597469600389477	0.010408124497654174
0.5951759548157735	0.010464941077380937
0.5939094190225871	0.010498434281407069
0.5929612862106957	0.010522067811327373
0.5920497000294529	0.01054450654537425
0.5912619585915347	0.010563867128770488
0.5907199020704536	0.010578254399897992
0.5889050173954982	0.010624676953581762
0.5886959667562844	0.010632224108644507
0.5884869903262698	0.010634426371887936
0.5875475140239445	0.01065868139472354
0.5860544063526051	0.010697857762923408
0.5858463676287989	0.010705456901394043
0.5840464560450498	0.010749892917243091
0.5834592236836232	0.010765170543947223
0.5826311947935902	0.01078685102317106
0.5796394286127946	0.010866291669433703
0.5783375052622947	0.010902359601729594
0.5764924324123348	0.010951500502503356
0.5752656551975576	0.010985250784539779
0.5732098652052107	0.011039337063466619
0.572430253992254	0.011060260658744171
0.5709248848751804	0.011101569952646698
0.5703170966288418	0.011118663176000125
0.568161307161604	0.01117935849271512
0.5672878471088657	0.011203198925653845
0.5666168686148987	0.011221776628172938
0.5656453592196569	0.01124970096004675
0.5644750659501362	0.011282367183295871
0.5643414724135292	0.011288377404820677
0.5631322216889836	0.011320151099251078
0.5623413592650539	0.011344627427527103
0.5612443202041032	0.011374203500205102
0.5606800143615126	0.011393064771027896
0.5602157179569786	0.011403856679344333
0.5582962966353817	0.011460682135665458
0.5581641654196005	0.011463395161613888
0.5580981115389149	0.01146475191541864
0.5577349548974847	0.011475611728298536
0.5556924871029766	0.011535524837050164
0.5553308958108508	0.011547818272496433
0.5538868820006055	0.011588891088469297
0.5532276618292662	0.011607936641204603
0.5522995350719562	0.011635616909713686
0.549707429051139	0.0117157608864541
0.5483429294313854	0.011754648418953899
0.5464641868746148	0.01181322187169742
0.545559512914557	0.011839815183145244
0.5435133874519489	0.011902334054252884
0.5434932866066127	0.011902862298924963
0.5414428956241736	0.011968015503287502
0.5406105109928981	0.011993537779114128
0.5386945040288582	0.012053301618345572
0.5373573410089233	0.012095456557530724
0.5348116273523205	0.012176606011579891
0.5339262442578326	0.012205100646287713
0.5296857955763326	0.012343463198716223
0.5292784840164697	0.012356526257221239
0.529215848505273	0.012359542771908894
0.5291532204064451	0.012362468580325355
0.5268723599429415	0.01243731116391756
0.5252847181538051	0.012490413860936158
0.5245237295281221	0.012514828311826112
0.5213210879687609	0.01262565879769504
0.5178621311711022	0.01274274798764339
0.5152944173503299	0.01283279558587384
0.5134833267707054	0.012897504625989832
0.5107559508418927	0.012995564995744883
0.5068419626372814	0.013134725093256108
0.5062125229292992	0.013158062891131072
0.5057634017814961	0.013175203626427606
0.5032575382809372	0.013265853866826414
0.5017688910548632	0.013325746463156823
0.5014127165058923	0.013335212301537008
0.4981595414018503	0.0134549003239521
0.49727598074532253	0.013490776276782787
0.4959242304882511	0.013538759727705902
0.49440058910982876	0.013596162924098194
0.4928233005963387	0.01365784986630235
0.4910221761779484	0.013725703925034898
0.49067000066745653	0.013742160974416514
0.4905538744740244	0.013745414082640767
0.488439392516139	0.013828629040543815
0.48524167396409956	0.013955222790210029
0.48329306084853313	0.014033063203106006
0.47981661248241386	0.014178298290878692
0.47888056615163327	0.014213579647833033
0.47602702905540717	0.014333515716445993
0.4755484053543612	0.014355585206313285
0.4748454210475625	0.01438449658914191
0.47243508161042463	0.01448689580299759
0.471373949061495	0.014538529749581667
0.46975196968484545	0.014604060191973911
0.4688702378500231	0.01464386676101239
0.4671808436186602	0.014720321036616133
0.4667111143579621	0.014739496893157959
0.46533229325848247	0.014802429067758098
0.4647819060733594	0.014826975192985876
0.4630798394083797	0.014907913696205057
0.4623679258446554	0.014939705423517698
0.46182104486329295	0.014964479187236682
0.4610019359801238	0.014999941558255186
0.46007536872952454	0.015042607350700551
0.45984401804859604	0.015053292747604363
0.45897409369316533	0.015095217018834116
0.4583362912235101	0.01512427547169004
0.4574150816491817	0.015167743681770849
0.45698221215927876	0.015192895589888851
0.4566037874025427	0.015207286830486746
0.4550393631692161	0.01528306479208757
0.45493166962969916	0.015286682670226204
0.4548778324181984	0.015289396640858453
0.45455830516800877	0.015304558501322008
0.45293052905880254	0.015383779430668452
0.45144547003496166	0.015456777855189232
0.45096487572593963	0.015483325239803503
0.4502715870433602	0.015516344055443828
0.44803900715856004	0.01562645381561284
0.4470326704316907	0.015682497351008913
0.4456065000108662	0.015753184071532096
0.444658248359613	0.015801732159099125
0.4430757562942498	0.015880002393939642
0.4423749626012434	0.01591622153799357
0.44130299968338754	0.015970705204254608
0.44085928942724883	0.015993639191347147
0.4391668602941821	0.01608094635955416
0.4379730686386709	0.01614387320659579
0.4362142748012783	0.01623776459549219
0.43528279012825105	0.016283710352878962
0.43466826418672727	0.016318677431273885
0.43149051699685675	0.016485616306841987
0.431439453842157	0.01648951885856508
0.431388396730338	0.016491470480849268
0.4311332017894291	0.01650513830594646
0.42813327810292434	0.01667003845362229
0.4268684288651903	0.016737251203399195
0.4238480157790827	0.016908472058015846
0.4222458770854905	0.016992727031346938
0.4216965417572186	0.017022919732449265
0.42045070879660373	0.01709357815814708
0.4200528201148621	0.017117871358846706
0.4185145547622186	0.017202660785584023
0.41816798488627527	0.017223541483862577
0.41767338284931266	0.017252102418300667
0.41629160717462155	0.017329863919851397
0.4153565780215929	0.017387386060575497
0.4144481729260747	0.01743890643668616
0.4131015113226311	0.017515436886762225
0.4125884865263003	0.017546558339465085
0.4122224303616548	0.017569415876653532
0.41083437640334497	0.01764860762539301
0.4107371447971781	0.01765487478690534
0.41029988726023087	0.017679965696050116
0.40911193197579593	0.017753351376186572
0.4088941102950143	0.01776385988129955
0.4086280412854171	0.017782790867779327
0.4075654954423516	0.017846039983721498
0.40705934574413005	0.017873517750264155
0.4063133209868672	0.017917994312037628
0.40602490441417133	0.017939212509914072
0.4052328140361076	0.01798385254689573
0.4040834402119672	0.01805422571481352
0.4034144782290399	0.018094868449928286
0.4029611705734612	0.018122193150014954
0.4016043015467833	0.018206569663891524
0.40060742777758956	0.01826700180964598
0.3999205546867107	0.01831029039907592
0.39980224737821374	0.018318960419270072
0.39963667594147745	0.018329803717819816
0.3984088614118262	0.018405886733801034
0.3980082792764865	0.01843204497266372
0.39741991945620947	0.01846916612800922
0.3969028823132462	0.018499792619280038
0.3962223609582988	0.018545827606948614
0.3958825379588062	0.018564493367464803
0.39540259579147624	0.018596378327591204
0.3951920733127386	0.01860958811754124
0.3944444563031561	0.018660312631439482
0.39390798032866736	0.01869346830096316
0.39306974324554717	0.018751077742450377
0.39267452935264147	0.018775504382052822
0.3911670782696597	0.018871296037723164
0.390935676914915	0.018889171587519866
0.3908894130732739	0.018889171587519866
0.3908431547065566	0.018893643120021564
0.3894579463337307	0.018987790207454565
0.38913543809450657	0.019005776104591896
0.38867517526403605	0.01903729242925583
0.38798580155041423	0.019086923706093856
0.3873893334445924	0.019123100431600464
0.38651350350562763	0.019182033911339574
0.3850581850002912	0.01928161104342082
0.38392059402876244	0.019359926316657113
0.38228836476791533	0.019474826672568248
0.38215265930666426	0.019482895188864386
0.38192659058054856	0.0194978884460431
0.38048291420104235	0.01959968512046475
0.37926905777900805	0.01968569812415074
0.378103819231542	0.01977208859496222
0.3770760158494445	0.019842413165118828
0.3764072149845905	0.019891789137280767
0.373876572117678	0.0200738878953771
0.37369962335223555	0.020088147222537878
0.37356696673898193	0.020097659067423265
0.372882324048434	0.020147670194919476
0.37202278134267275	0.02021215312162683
0.37189071997803075	0.020226510664395184
0.3707481500966358	0.020308062929792044
0.37035346355563875	0.020336924520034286
0.3697841024398226	0.020380293831924204
0.36934672804265806	0.020414089450351915
0.36869163622890416	0.02046246614325485
0.36795060334154056	0.020520669525581223
0.36773293607652174	0.020535246220531822
0.3670372657517353	0.02058878274595401
0.3665597559693747	0.020627806045537763
0.36568773753248507	0.020691376719864117
0.3653903186642145	0.020715879112148235
0.36517416597794167	0.020735501915368076
0.3640630029479607	0.020817874491029453
0.3637507616565635	0.02084376005538614
0.36241867872113426	0.020947314694868217
0.36169025384371045	0.021007207947742947
0.3604936853884149	0.021101895075943174
0.35968398348832475	0.021165674297562796
0.3577311761506442	0.021327859993774866
0.35726577344632365	0.021363226913612907
0.3569699233895616	0.02138599375384742
0.3556626723992319	0.0214951039917484
0.3554102095738437	0.02151546490395187
0.35427634271873487	0.02160988528625468
0.3540667646887489	0.021627795158682735
0.3537526300821301	0.021653406442474675
0.3516030869446427	0.021836120755486226
0.3508964003124492	0.02189563989173737
0.349859734705829	0.021983922001544302
0.3489500027021264	0.022062113531877075
0.34775442383154354	0.022166801689730856
0.34699386794459386	0.02223248390074559
0.3463169377832715	0.022293083411680133
0.3460711089140152	0.022319482519017005
0.34464058105676243	0.022441321632133648
0.3437037411286757	0.022526471332043944
0.34220199143373764	0.022660165000663278
0.3415546200748834	0.02271924130715604
0.34111026281878254	0.022762302607611962
0.3400220171507376	0.022859489181372726
0.3387818424266792	0.022972718387420887
0.3385363540652806	0.023000602818048485
0.3384962912283509	0.023000602818048485
0.33845623313251005	0.02300604762766245
0.33697741144966326	0.023142587561611094
0.3359818672025673	0.023235209829032214
0.3354653470950789	0.023285448789479964
0.3347019581398211	0.023357209774544054
0.33396006758284513	0.023429191912269786
0.3334466556792774	0.02347776629094334
0.3324615424684339	0.023573822373995443
0.33100891347364597	0.023713732027402932
0.33096974144392594	0.02371934565227821
0.33093057404987536	0.023722152963027453
0.33073480659546606	0.023741813443759245
0.3294846343373978	0.0238657672585532
0.328433477966311	0.023970501917021516
0.3274244229407157	0.0240756962023925
0.3265343818669076	0.024161327671143148
0.32595522416973827	0.02421858445605714
0.3237637776986291	0.02444318536450028
0.3236105463783721	0.02446054838748717
0.32349567048229655	0.024472130587652068
0.3229219023954886	0.024530123903934855
0.3221584610001823	0.024611545503418104
0.32196550132082785	0.02462902811969526
0.3210546757989536	0.02472833111223861
0.3207128913303622	0.024763474737822352
0.32021984490948796	0.02481628384660992
0.3198410942798548	0.02485743544464823
0.3192738081320251	0.024916341844749227
0.3191038185715129	0.02493109024352329
0.3186321000794108	0.024987213818851082
0.3184436079906857	0.025004963288138563
0.31784118229947445	0.025070152613768236
0.31675218903735736	0.02519507726885427
0.3164337090020277	0.025227898372827854
0.31622780434006853	0.02524880678744923
0.3150697540862319	0.025392646338274497
0.3150324683175756	0.025392646338274497
0.31499518696136614	0.025392646338274497
0.3138416506460531	0.02552824004457925
0.3136745533054479	0.025552421283918977
0.3134704440369785	0.025579652558263843
0.31232249144614	0.025719288509898262
0.3114735021033032	0.02581687588618667
0.3109394561713457	0.025881118744878133
0.31022269990737555	0.025970097968715168
0.3095991836665695	0.02605013249282053
0.30912322285071586	0.026099507054542212
0.3086114679418322	0.026167549916455136
0.30822820782017524	0.026214044455663027
0.30795474203216894	0.02624819294703169
0.3070086043788834	0.02636650310118364
0.3068996218722079	0.026385232337680576
0.3067906780523529	0.026388355170302042
0.3063190348790964	0.026447759264736366
0.30552252072862657	0.026548110696867133
0.3044757338897046	0.02668020267402215
0.30418534679131753	0.02671792265042526
0.30382780883156385	0.026768958924305523
0.3021782575540132	0.026978869703605305
0.3015263001162728	0.02706041173116639
0.3006799682573935	0.027177557795253774
0.29989811723865295	0.027274221840666992
0.2988882867731988	0.027406885629425427
0.29800527057000187	0.02752390284678229
0.2976351821315688	0.02757280735576954
0.29748991602386216	0.027592393480932544
0.29628211904950047	0.02775943827479291
0.29538932240777155	0.02787796076093842
0.2943772541179542	0.028013561179495234
0.29368129704609525	0.02811319868815004
0.2931604092218898	0.028183155729375704
0.2912928509700518	0.028441157542190856
0.2911205318663071	0.028474837099068485
0.2909483147007781	0.02849169183060093
0.2900715905869002	0.02861334076732747
0.28981423368676734	0.0286506147721791
0.28875291193618047	0.0288036056417843
0.288539407026478	0.028832595515749834
0.28827488017015834	0.028875280695543994
0.28657407497745035	0.029115488167601497
0.2860150142771723	0.02920175995657624
0.2852037814269815	0.02931603026387332
0.2844116788243243	0.029434231011403664
0.2835043189141759	0.02957390101255627
0.2822655994197506	0.02975646330384191
0.2822321957378576	0.02975646330384191
0.28219879600900033	0.029763507392153686
0.28099072073181114	0.029945468089991444
0.28013571364277257	0.030074213906113603
0.27920068864464953	0.03021781476922735
0.278515889000118	0.030325292278470337
0.27802189930146465	0.03040075390578774
0.27625077988731783	0.030679056651369392
0.2760536656740853	0.03070788978381662
0.27592403512592256	0.03072993019131257
0.27515770536246226	0.030850180428674972
0.27363142495689946	0.031099454674593244
0.27177567676093267	0.03139529841799149
0.27122943514686926	0.03149577955090946
0.2704281324641704	0.03162276893703914
0.26768968656592307	0.03207317532000961
0.26642348568411317	0.03228787934482092
0.2646342375625294	0.03259551056635022
0.2636651268715112	0.032763749891255266
0.2617220517235748	0.03310479697817549
0.26139702289022376	0.033163617627643464
0.25970107410563176	0.03346721292227973
0.25942460470556794	0.03352667751290293
0.2590257795373429	0.03359817450509846
0.2577414530071324	0.033829592515587335
0.2571016797458722	0.03394188137084439
0.25579661858159125	0.034183756993338844
0.2548146325833152	0.0343662941832166
0.2534461821694226	0.03463168118742083
0.2525469958236901	0.034795756520352786
0.25195086428931	0.03491047763202522
0.25073128915445053	0.035160295911371556
0.2503754583737759	0.03525196075218697
0.25004972379096285	0.03531877615561913
0.24836860152578272	0.03569697936074352
0.24825105332754785	0.035722336427098045
0.24816292868970194	0.03573925114398428
0.24745997203070355	0.035900075404501394
0.24721024791301396	0.03596412872597531
0.24629037073975704	0.03617115256872703
0.24615923943235235	0.036203272784428295
0.24599906264479302	0.03624185469580257
0.24443194251214584	0.0366126062163777
0.2440832461524682	0.03669014129494082
0.24368096766775682	0.036795046956721235
0.24258753738851074	0.03704848443325074
0.24204266351714174	0.037189058477121
0.24132044827003635	0.037356683092273496
0.24075704955500196	0.03749398892939826
0.23998896121293797	0.03768528132848106
0.23902522363122874	0.037926891988967475
0.23713740648912707	0.038405678766771256
0.23595462768360378	0.038704549371973256
0.23445149493399584	0.03909355347839957
0.23357218266434415	0.039325572089164346
0.23200184141041008	0.03975609019037879
0.2301422562609485	0.040267498708500896
0.2300605599188215	0.040291333713345825
0.2300469466815933	0.040296102407048125
0.228149022277962	0.040848283720445584
0.22660173239131756	0.04131013611329679
0.22583870881851079	0.04153564270120641
0.2243867405458584	0.04198041782952009
0.2231949063362487	0.0423490610349329
0.2217730585151093	0.04281331224482219
0.2206995598846931	0.04314903601215765
0.21983929994153736	0.0434231066986086
0.21771617449505487	0.044130283924062215
0.21707296792495906	0.04435018527779526
0.21653414314919853	0.044526368087707595
0.2137587993587485	0.045487766704008545
0.21350596905752336	0.04558477120139059
0.2132786774786238	0.04565766030613264
0.21174451038641087	0.04621489277604192
0.21094411953729436	0.04650018137267082
0.2100721558525224	0.046819773384359185
0.2099975840333584	0.04685372456659164
0.20992303868584264	0.04688700673847474
0.20691384242547872	0.04802141010087894
0.20654684969470882	0.04815800206747701
0.2061073175261265	0.04832928851396095
0.20380301241508758	0.04924732969194223
0.20316484046342856	0.04950444545094657
0.2024088576482806	0.04981593602879799
0.20073895193562832	0.050503051039648326
0.19983229589185916	0.05088552267466273
0.19892973484397286	0.05134831400856276
0.19772095783423937	0.05202115263698609
0.19690365372864052	0.05249116603406714
0.1961245414748052	0.05292782915888095
0.19474833752955606	0.05372299700683174
0.19403515431601473	0.054157087160641645
0.19334746382650642	0.054555931456766835
0.19182040885277404	0.05548051631105238
0.19118298715217924	0.05586100305540037
0.19059843011296135	0.056234115481685665
0.18893649989110262	0.057268415025489655
0.18837831812834333	0.057621937986863984
0.18784401512919618	0.05796392178756077
0.18609594883357158	0.05909294565833255
0.1856010648220544	0.05942959137913792
0.18510749685307548	0.059746938316984605
0.18423328129768252	0.0603581451223939
0.18329810381915607	0.06096838859552782
0.18285393589190257	0.06128669892031231
0.18241084427227852	0.06158480185893199
0.1814822327920556	0.0622276964898096
0.18054232278718482	0.0628959087210127
0.18013680816173455	0.06319435958389254
0.1797322043593473	0.06347919955131398
0.1787775535221235	0.06415895234408503
0.17782797332999775	0.06486133476019983
0.17744430485964102	0.06514983309054415
0.17706146416397237	0.06543187042975127
0.17613142113159405	0.06616384706853166
0.17515443254781826	0.06689609471279669
0.17480238985920987	0.06717376580635931
0.17445105474078856	0.06744460702398913
0.17415194462233266	0.06769250211157243
0.17383277331826583	0.06794130834649809
0.17349365306815162	0.06820717157510015
0.17315519438801558	0.06847407516129979
0.172842963688276	0.0687298210051652
0.17252108690580775	0.06898652204172942
0.17219216737381016	0.06925442626176401
0.1718664174361496	0.06951925700341952
0.1715641245916183	0.06979955512262581
0.17121929805876143	0.07006439741979487
0.17091561495559873	0.0703302446150932
0.1706124704799634	0.07058039240286036
0.17057209186149896	0.07059710052143241
0.17026955667558974	0.07086496896619145
0.16996755808120445	0.07111701864004222
0.1699273320932694	0.07113385379127157
0.1696259404855049	0.07140375885315156
0.16932508344095695	0.07165772487322057
0.16928500950661038	0.07167468802294283
0.16898475715428357	0.07194664518644509
0.16864511488901468	0.07219826972455454
0.16864012524646085	0.07220254212280802
0.1683161149400983	0.07246792517258845
0.16796787692619858	0.07275150164506704
0.16766996070603574	0.07301026126253816
0.16737257288496837	0.07323093043072483
0.1669966387263938	0.07353054480835623
0.16654269009812883	0.07386197372267082
0.16629649665865376	0.07402824796120554
0.1661096330751696	0.0741597814554881
0.16554050521740463	0.07447641616484724
0.16529090272063082	0.07459550241131914
0.16485622300453706	0.07475900399950265
0.16465149044386457	0.07480325510224507
0.16386418658377855	0.07475900399950265
0.16361227076471233	0.07463468806890056
0.16315786688250936	0.07427396618014119
0.16284920786638568	0.07386197372267082
0.16266621792275546	0.07360019550498421
0.16237770498993423	0.07297570687598795
0.1623104589699696	0.07281179674132286
0.1622624431495357	0.07275150164506704
0.16223364047564548	0.07262246594623045
0.16208011254004567	0.07220254212280802
0.1620034030643642	0.0719892316070472
0.16187882759083574	0.07165772487322057
0.1617639198724957	0.0712012342585768
0.16174477651768274	0.07113385379127157
0.1617352056898367	0.07109177338356365
0.16157258823744053	0.07058039240286036
0.1615152328883558	0.0702636883987972
0.16138625778356613	0.0697211229532303
0.16132419539606957	0.06951925700341952
0.1613074903699235	0.06938568881656682
0.16123830225865313	0.06906821476079153
0.16119060361115098	0.06899468696363412
0.161152454852945	0.06866071627099285
0.1611190820958728	0.0685024443067916
0.16111431512335309	0.06847407516129979
0.16109524864361965	0.06842546967125936
0.1610094774033236	0.06795739172882492
0.16098089713927194	0.06781277824378788
0.16094279801200795	0.06762043885379788
0.16088566622707245	0.06744460702398913
0.16086662680594982	0.06720557294285823
0.16077622032064717	0.06674189043293166
0.16071439252797878	0.06643061634501933
0.16063832942195	0.06600742466624146
0.1606240715978114	0.06586306320892577
0.1605528014571614	0.06543187042975127
0.1605433011613495	0.06538542441176547
0.1604768148291541	0.06499196202847744
0.16046969292685054	0.06493814249947606
0.16044832911628823	0.06486133476019983
0.16039166945366515	0.06444814008197522
0.1603629023125333	0.06430338364490915
0.1603344368199045	0.06412858711594285
0.16027752099219866	0.06396183506572294
0.16027989208158977	0.06375211835587084
0.16025855353978213	0.06370497981731328
0.16023958833199883	0.06349422664250538
0.16020166464926947	0.06347919955131398
0.16020403461646845	0.06326732139529635
0.16018270617379224	0.06319435958389254
0.16016404611575677	0.0630002058498632
0.160135319800141	0.06284382492360406
0.16010689470493733	0.06265816319601511
0.1600891315827337	0.06252482648141679
0.16006900242662597	0.06242131634528437
0.1600216496896162	0.062119164235131315
0.16001454798737497	0.062053034173375876
0.15999324477162086	0.062008986581241335
0.15994591444577289	0.061592090747874494
0.15994118218334386	0.06158480185893199
0.15994118218334386	0.06158115773793336
0.15993645006092658	0.06154108663581513
0.15987967551132826	0.061163518856011415
0.15987021504599921	0.061120102675514
0.15986548502326117	0.061065875785770884
0.15980400746119922	0.060759497589326826
0.15980400746119922	0.060658909963247166
0.1597874598496253	0.06054594791752447
0.15975673311686206	0.06033671907159303
0.1597283752233383	0.060201197263423684
0.15971183544343845	0.060032222977707786
0.15969057252871147	0.05993106614664131
0.15965277878079634	0.059746938316984605
0.15963860843147007	0.059524618064512196
0.15963624682886388	0.05951933482022464
0.15959610492937634	0.059296107063013415
0.15957721811663195	0.0591139300352614
0.15956305447386612	0.05901955898319334
0.15952057108788226	0.05884867763724103
0.15949225511470547	0.058522248168538044
0.1594450729951379	0.05840462437056177
0.1594545083022996	0.05831483630220889
0.1594120538165453	0.05796392178756077
0.15935075062511217	0.057540162556095065
0.159275332905206	0.05709246773063053
0.1592282149570907	0.05673547823726649
0.1591434377733936	0.056234115481685665
0.15907753117128698	0.055631740626331555
0.15903988251102574	0.05538866806261687
0.15901165186330102	0.05519236208709679
0.15891758589071425	0.054555931456766835
0.15881417759105684	0.053792980839455835
0.15880595482055088	0.05368406820707625
0.158692054530663	0.05292782915888095
0.1575318979885627	0.052178383473885
0.15660246886189744	0.05292782915888095
0.155918223444412	0.0534439709713803
0.15516349696660986	0.05405463379104004
0.154828727692566	0.054320773732480905
0.1545403979183021	0.054555931456766835
0.1537559430215661	0.05521849596501071
0.1528307034849229	0.055981785210746614
0.152668004839762	0.05611444915531704
0.15253255495169984	0.056234115481685665
0.15160122034824283	0.05703506383013921
0.15153171200938964	0.05709246773063053
0.15106727445254367	0.057498467758878874
0.15058643766887847	0.05792277680215548
0.15056861707199515	0.05796392178756077
0.15055079858402468	0.05797764327656298
0.1505329822047175	0.05797764327656298
0.1500704956666457	0.05840462437056177
0.15001722335257206	0.058446111632568146
0.14996396994920727	0.058480706861936974
0.14957402218062563	0.05884867763724103
0.14948553919396865	0.05891836528559768
0.14939710855088578	0.05900209940255874
0.14907919116217544	0.059296107063013415
0.14895573940596069	0.05939443482143914
0.14883238987954742	0.059514052044863576
0.14858599717757134	0.059746938316984605
0.1484366006610881	0.0598814375210099
0.1482698058357186	0.06002867072653954
0.14809443481106604	0.060201197263423684
0.14791051847289183	0.060365288829985604
0.14770934835054164	0.06055848886044244
0.14760449866482883	0.060658909963247166
0.14739066159570882	0.06085665076717867
0.1471510093856589	0.061083946067898104
0.14687154546562334	0.06135110469010995
0.14662948353106425	0.06158480185893199
0.14636941415174362	0.06186238696416387
0.14604065501515553	0.06215593360566574
0.14585065839110903	0.06236224465209043
0.1456781486932368	0.06252482648141679
0.1453337411808352	0.06286614126771513
0.14493867902298094	0.06325421948537224
0.1447244219344194	0.06347919955131398
0.1443219419223548	0.06390083285889686
0.14384501818857665	0.06441382623997091
0.1438109745861887	0.06444814008197522
0.143636627540763	0.06463528081926107
0.143333088856859	0.06496696884512361
0.14292866337990076	0.06543187042975127
0.14275960976842625	0.0656024549436677
0.14235048466460976	0.06605040392447287
0.1420097425909628	0.06643061634501933
0.1416823914924558	0.0668011576601217
0.14137670805355437	0.06715389399096744
0.14113013082589557	0.06744460702398913
0.1408964892490011	0.06771654025967522
0.14061330156046142	0.06803786576848352
0.1404054385054891	0.06827177978693391
0.14024766811400777	0.06847407516129979
0.1399326589808165	0.06884786611196483
0.1395522786385637	0.06928106885575279
0.13944496736692036	0.06941238190804933
0.1393537145922788	0.06951925700341952
0.1389754219839818	0.06999809278492772
0.13849926185568912	0.07056368823857573
0.13849106652091192	0.07057203982649063
0.1384828716710724	0.07058039240286036
0.13839276032051973	0.07068906589830835
0.13802473315592195	0.07116753605055945
0.13797573686986353	0.07120966130345499
0.13761696182056982	0.07165772487322057
0.13754369102207942	0.07175107190341536
0.13745419080007767	0.07185942176658687
0.13718603941139781	0.07220254212280802
0.13708054770259476	0.07235651695639136
0.1369346161660608	0.07252798524591945
0.13677265221249593	0.07275150164506704
0.1366027962324965	0.07294980181877349
0.13641700551581729	0.07319194040597882
0.1361428211363807	0.07356536191362767
0.13589934097836773	0.07386197372267082
0.13566833781959137	0.07416855866016707
0.13538764649940382	0.07454696282381403
0.1352115092739866	0.07479440278675524
0.13505158338218043	0.07498939594160853
0.13474027175405778	0.07540767701319483
0.1343660546963276	0.07591696274414278
0.13428656823436366	0.07604397698465042
0.13422301292163044	0.07613402702724296
0.13382251366651646	0.07667203392215009
0.1334626913059995	0.07716816555802072
0.13338373924359007	0.0772961296540967
0.1333521714976854	0.07732357812703591
0.13290707432573637	0.07795297730453682
0.13256540136492784	0.07847597050613137
0.1323459387368179	0.07875509068440495
0.1319998499591706	0.07925766610403971
0.1313472986859728	0.0802225988731581
0.1310983334577605	0.08058359524906317
0.1308972741730023	0.08088995403691857
0.13021742104680292	0.08194988924176974
0.12937256797802954	0.08321922919807016
0.12932664305425803	0.08331900863174388
0.12928073443300458	0.0833781936291387
0.1288072985577539	0.08411160797690172
0.12844195860454038	0.08471100160850803
0.1276992705445533	0.08594297345854905
0.1274275262047496	0.08634567664192522
0.12669820091999046	0.08757550708399874
0.1260923759597587	0.08858664796397751
0.12551172701016255	0.08937645403722055
0.12478598238549662	0.09025871702828189
0.12388836547409919	0.0913116440086709
0.12362473074900206	0.09163641759464602
0.12271368064222862	0.09273833678712523
0.12249240527991591	0.09300762494189481
0.12176610438581408	0.09392017454735309
0.12169407163284952	0.0940091390124158
0.12162208149205142	0.09412046310812776
0.12069007591953575	0.09530863411011888
0.11993542139558239	0.09626084714512731
0.1196731167790338	0.09659179170549582
0.11935487066742537	0.09701568372646129
0.11867877134493242	0.09791539818903573
0.11823016749496466	0.09849652199689966
0.11813226166584777	0.09862483137079046
0.11767875986608278	0.099233651126597
0.1172408734682014	0.09983441324634244
0.11711606260993933	0.09999996364340018
0.11668372230585505	0.10056370099643626
0.11635621140029895	0.10099605876483529
0.11595754962430226	0.10152635368176884
0.11569025225049437	0.10189951745940046
0.11547822470892033	0.10217726694299717
0.11481729067349081	0.10307604239410037
0.1147018470678719	0.10324696822208491
0.11460686302381308	0.10336311499881717
0.114254753269905	0.10385973467591467
0.11421419489716449	0.1039335106152491
0.11394417343479465	0.10427849185983405
0.11374207635480246	0.1045751013148062
0.11371494689319264	0.10459946996907575
0.11368151715740253	0.10464938540916256
0.1133121331326251	0.10517085364984746
0.1132283497463712	0.10528916468471809
0.11312454437810854	0.10544503989624698
0.11288381508892362	0.1057825183596873
0.11274362631048114	0.10598301505517492
0.11256030900311703	0.10624674378400722
0.1124571160805495	0.10639616647173818
0.11226429946868066	0.106687750836222
0.11211824535862631	0.10688996327948158
0.11203202998757522	0.10702920661503855
0.11200551552130007	0.10705454306633777
0.11178039576698084	0.10738446324676806
0.11160855071320645	0.10763893970596404
0.11147654200254387	0.107868484086827
0.11130516407689271	0.10809851798034151
0.11118667218369464	0.10826495859368666
0.1109106814222487	0.10868861354141589
0.1108319528230153	0.10881732083247068
0.11076638834824999	0.10889421562037026
0.11037381519781865	0.10951497848107697
0.11036075341551232	0.1095409033758471
0.1103476931789545	0.1095409033758471
0.11030852174194271	0.10959277157802491
0.1099305806706756	0.11017798392196548
0.10989155730106671	0.11026929739310536
0.10951504484098012	0.1108122122607626
0.10940978797067048	0.11097298064619497
0.10928199657506614	0.11118660481088019
0.10894302319831424	0.11170759213426766
0.10873692681450864	0.11203196210252188
0.10868867940058848	0.1121115431188357
0.10853453183989249	0.11235041774915623
0.10847664497555273	0.11244373962311227
0.10827783793775178	0.11276357428632806
0.10824580642692752	0.1128169684403758
0.10820097823046711	0.11288374668773683
0.10801545910326173	0.11319143609717364
0.1078685494490474	0.11341855867737614
0.1076899725722096	0.11374200743355806
0.10755623395172177	0.11394410439109084
0.10746080806425803	0.11409253700979223
0.10714333281036365	0.11460679357855698
0.10709262388158856	0.11468820360600168
0.1070546079353558	0.1147560894687019
0.10676360032710494	0.11523241695825928
0.10664994323641813	0.11542008609834016
0.10663732214201238	0.11545082467979435
0.10662470254120353	0.11547815473566851
0.10624680816354443	0.11610853476107245
0.10618395610693705	0.1162185168148113
0.10609288666205517	0.116356140895037
0.10584519693477272	0.11678381209086396
0.10573251754676108	0.11699131373115663
0.10558246493709983	0.11724080242688445
0.10544510378999682	0.11745954143981314
0.10528299826687079	0.11776924937315672
0.1050713900920991	0.11813219008440012
0.10504652299088357	0.11816015488555681
0.1048353901074918	0.11855235791085131
0.10464944882079064	0.11884736426291276
0.10454422852141725	0.11903035500665235
0.10438968494354076	0.11934067374149437
0.10425387558468452	0.11953503364653607
0.10403202309898177	0.1199353487215223
0.10393280482322254	0.12010402271115865
0.10385979760905889	0.12024802682515408
0.10371086844857809	0.12050089527065024
0.1035407063538566	0.12084722314866021
0.10349017148330299	0.12090086779710481
0.10346720924185311	0.12094737908753754
0.10329744692742109	0.12124475789240038
0.1032684164449672	0.12129857900837995
0.10307610485237124	0.12164719948442906
0.10304866101856777	0.1217011992461165
0.10301512847774853	0.12176603060246399
0.10268647883120137	0.1223727911439157
0.10261055209077989	0.12251045334839344
0.102298325590135	0.12308450085425561
0.1021712827781084	0.1233177911565635
0.10200666477074043	0.12362465583942987
0.10173690400301143	0.12413779481302184
0.10152641520101569	0.12453509972456242
0.10130437197893025	0.12496325109712045
0.10102301716552779	0.1255116509571777
0.10087367885444688	0.12579419626619556
0.10076032940037712	0.1260177075696648
0.10051914101480805	0.12646592228782144
0.10044481681152352	0.126630666818677
0.1003794569732296	0.1267356159684831
0.10003553504496347	0.12742744899089908
0.10001185977262789	0.12745761420895171
0.10000002423774075	0.12748401463241904
0.10000002423774075	0.12839628622936847
0.10000002423774075	0.12937248958559405
0.10000002423774075	0.1313472190969626
0.10000002423774075	0.1353875644621721
0.10000002423774075	0.15283061087818836