#  mHNL (GeV) Ualpha4^2
5.999878680000000353e-01 6.052999069999999600e-03
5.999878680000000353e-01 3.442505650000000084e-01
5.999878680000000353e-01 1.253570169999999873e-01
5.999878680000000353e-01 7.564594310000000155e-02
5.999878680000000353e-01 4.564809250000000096e-02
5.999878680000000353e-01 2.206342099999999973e-02
5.999878680000000353e-01 1.003075479999999964e-02
5.999878680000000353e-01 2.077359480000000036e-01
5.999878680000000353e-01 3.574260819999999870e-03
5.999878680000000353e-01 1.770872489999999935e-03
6.142904489999999607e-01 6.638142500000000501e-01
6.541196759999999832e-01 6.982048669999999513e-01
6.965313429999999695e-01 6.851044039999999447e-01
7.416928870000000229e-01 5.515862969999999477e-01
7.897826060000000536e-01 4.213275570000000192e-01
8.409903549999999672e-01 3.293672389999999783e-01
8.850316830000000135e-01 2.629547729999999750e-01
9.610994910000000280e-01 1.893629910000000083e-01
1.023415050000000104e+00 1.410370940000000017e-01
1.089771000000000045e+00 1.011391670000000020e-01
1.160429329999999926e+00 7.222330629999999807e-02
1.235668989999999967e+00 5.245023780000000052e-02
1.315787019999999918e+00 3.737588149999999942e-02
1.401099730000000099e+00 2.629973379999999902e-02
1.491943919999999979e+00 1.882016209999999926e-02
1.588678250000000070e+00 1.335485930000000071e-02
1.691684619999999972e+00 8.803691940000000354e-03
1.801369690000000023e+00 5.718633560000000240e-03
1.918166500000000108e+00 3.706855770000000178e-03
1.998899989999999960e+00 2.279653249999999843e-03
2.005976130000000079e+00 1.718009300000000045e-03
2.002828089999999950e+00 5.200092020000000479e-04
2.002828089999999950e+00 8.585527440000000109e-04
2.002828089999999950e+00 1.113180229999999966e-04
2.002828089999999950e+00 1.844711660000000037e-04
2.002828089999999950e+00 3.056972270000000253e-04
2.000590959999999807e+00 3.840936139999999828e-05
2.000590959999999807e+00 2.449474080000000210e-03
1.999684989999999996e+00 5.384258639999999992e-05
1.971618169999999948e+00 2.321901400000000076e-05
1.858850990000000092e+00 2.026864330000000016e-05
1.741102410000000100e+00 1.868455940000000160e-05
1.639372609999999897e+00 1.875021340000000082e-05
1.539551509999999901e+00 2.177213929999999929e-05
1.445808500000000052e+00 2.715641400000000139e-05
1.357773490000000027e+00 3.401510070000000023e-05
1.275098910000000085e+00 4.233787579999999775e-05
1.197458370000000105e+00 5.303082759999999733e-05
1.124545349999999999e+00 6.600634849999999448e-05
1.056071989999999960e+00 8.232979300000000669e-05
9.917679560000000061e-01 1.024741500000000055e-04
9.313793870000000030e-01 1.246285350000000036e-04
8.746678660000000161e-01 1.544709329999999887e-04
8.214094990000000429e-01 1.824121489999999885e-04
7.713940249999999832e-01 2.204524279999999935e-04
7.244239839999999653e-01 2.677371960000000180e-04
6.803139400000000059e-01 3.734080050000000207e-04
6.414032189999999689e-01 5.970827609999999680e-04
6.070970409999999484e-01 9.761616569999999977e-04
