0.599987868000000035	0.344250565000000008
0.614290448999999961	0.66381425000000005
0.654119675999999983	0.698204866999999951
0.69653134299999997	0.685104403999999945
0.741692887000000023	0.551586296999999948
0.789782606000000054	0.421327557000000019
0.840990354999999967	0.329367238999999978
0.885031683000000014	0.262954772999999975
0.961099491000000028	0.189362991000000008
1.0234150500000001	0.141037094000000002
1.08977100000000004	0.101139167000000002
1.16042932999999993	0.0722233062999999981
1.23566898999999997	0.0524502378000000005
1.31578701999999992	0.0373758814999999994
1.4010997300000001	0.026299733799999999
1.49194391999999998	0.0188201620999999993
1.58867825000000007	0.0133548593000000007
1.69168461999999997	0.00880369194000000035
1.80136969000000002	0.00571863356000000024
1.91816650000000011	0.00370685577000000018
1.99889998999999996	0.00227965324999999984
2.00597613000000008	0.00171800930000000005
2.00282808999999995	0.000520009202000000048
2.00282808999999995	0.000858552744000000011
2.00282808999999995	0.000111318022999999997
2.00282808999999995	0.000184471166000000004
2.00282808999999995	0.000305697227000000025