0.001	0.000028442623603780105
0.0010092528860766844	0.00002844262350138606
0.001018591388054117	0.00002844262339708836
0.0010280162981264737	0.00002844262329085163
0.0010375284158180126	0.00002844262318263981
0.0010471285480508996	0.00002844262307241618
0.0010568175092136585	0.000028442622960143343
0.0010665961212302578	0.000028442622845783206
0.001076465213629835	0.000028442622729296948
0.0010864256236170656	0.000028442622610645057
0.0010964781961431851	0.00002844262248978726
0.0011066237839776666	0.000028442622366682556
0.0011168632477805613	0.000028442622241289168
0.0011271974561755105	0.000028442622113564538
0.001137627285823431	0.000028442621983465335
0.0011481536214968829	0.000028442621850947417
0.001158777356155126	0.000028442621715965798
0.0011694993910198708	0.000028442621578474692
0.0011803206356517295	0.000028442621438427437
0.0011912420080273747	0.000028442621295776518
0.0012022644346174128	0.000028442621150473514
0.0012133888504649772	0.00002844262100246913
0.0012246161992650487	0.00002844262085171315
0.0012359474334445104	0.0000284426206981544
0.0012473835142429428	0.000028442620541740788
0.0012589254117941673	0.00002844262038241923
0.0012705741052085415	0.000028442620220135673
0.0012823305826560214	0.00002844262005483504
0.001294195841449986	0.000028442619886461246
0.0013061708881318415	0.00002844261971495715
0.001318256738556407	0.000028442619540264556
0.0013304544179780912	0.000028442619362324194
0.001342764961137864	0.000028442619181075674
0.001355189412351036	0.000028442618996457498
0.0013677288255958492	0.000028442618808407022
0.0013803842646028849	0.00002844261861686043
0.0013931568029453031	0.000028442618421752728
0.0014060475241299138	0.0000284426182230177
0.0014190575216890921	0.00002844261802058793
0.0014321878992735436	0.000028442617814394705
0.0014454397707459278	0.00002844261760436807
0.0014588142602753485	0.000028442617390436758
0.001472312502432719	0.000028442617172528168
0.001485935642287007	0.000028442616950568368
0.0014996848355023737	0.00002844261672448203
0.0015135612484362083	0.000028442616494192443
0.001527566058238073	0.000028442616259621458
0.0015417004529495594	0.000028442616020689483
0.0015559656316050743	0.00002844261577731544
0.0015703628043335525	0.00002844261552941674
0.0015848931924611134	0.00002844261527690927
0.0015995580286146689	0.000028442615019707342
0.0016143585568264862	0.000028442614757723687
0.0016292960326397224	0.000028442614490869396
0.0016443717232149317	0.00002844261421905393
0.0016595869074375604	0.000028442613942185044
0.0016749428760264374	0.000028442613660168795
0.0016904409316432641	0.00002844261337290948
0.0017060823890031236	0.00002844261308030963
0.0017218685749860068	0.000028442612782269954
0.0017378008287493754	0.00002844261247868932
0.001753880501841761	0.000028442612169464713
0.0017701089583174213	0.000028442611854491206
0.0017864875748520507	0.000028442611533661915
0.001803017740859569	0.00002844261120686798
0.0018197008586099837	0.000028442610873998504
0.0018365383433483465	0.00002844261053494055
0.0018535316234148114	0.000028442610189579043
0.0018706821403658006	0.000028442609837796808
0.0018879913490962936	0.000028442609479474468
0.0019054607179632475	0.000028442609114490437
0.0019230917289101584	0.000028442608742720863
0.0019408858775927784	0.0000284426083640396
0.00195884467350599	0.00002844260797831814
0.001976969640111861	0.000028442607585425616
0.00199526231496888	0.00002844260718522869
0.0020137242498623883	0.00002844260677759157
0.002032357010936222	0.000028442606362375935
0.002051162178825566	0.00002844260593944089
0.002070141348791042	0.00002844260550864292
0.0020892961308540394	0.000028442605069835845
0.0021086281499332893	0.000028442604622870765
0.002128139045982712	0.000028442604167596015
0.0021478304741305338	0.000028442603703857097
0.0021677041048196945	0.000028442603231496662
0.0021877616239495525	0.000028442602750354426
0.0022080047330189	0.000028442602260267126
0.0022284351492703035	0.000028442601761068445
0.002249054605835781	0.00002844260125258901
0.002269864851883822	0.000028442600734656274
0.002290867652767773	0.00002844260020709448
0.0023120647901755946	0.000028442599669724633
0.002333458062281003	0.000028442599122364367
0.0023550492838960097	0.00002844259856482796
0.002376840286624877	0.00002844259799692622
0.0023988329190194903	0.00002844259741846645
0.002421029046736178	0.000028442596829252347
0.002443430552693972	0.000028442596229083994
0.002466039337234339	0.000028442595617757724
0.002488857318282391	0.00002844259499506611
0.0025118864315095803	0.000028442594360797842
0.0025351286304979076	0.00002844259371473771
0.002558585886905646	0.00002844259305666648
0.0025822601906345965	0.000028442592386360854
0.0026061535499988958	0.00002844259170359338
0.002630267991895382	0.000028442591008132377
0.00265460556197554	0.000028442590299741864
0.0026791683248190323	0.000028442589578181455
0.002703958364108844	0.000028442588843206308
0.0027289777828080415	0.000028442588094567025
0.0027542287033381664	0.00002844258733200959
0.0027797132677592883	0.000028442586555275236
0.002805433637951713	0.000028442585764100395
0.002831391995799379	0.000028442584958216603
0.0028575905433749467	0.00002844258413735041
0.0028840315031266055	0.000028442583301223267
0.0029107171180666053	0.00002844258244955146
0.002937649651961531	0.000028442581582045997
0.0029648313895243423	0.00002844258069841251
0.002992264636608189	0.000028442579798351165
0.003019951720402016	0.000028442578881556544
0.0030478949896279826	0.000028442577947717556
0.003076096814740708	0.00002844257699651733
0.0031045595881283557	0.0000284425760276331
0.0031332857243155854	0.0000284425750407361
0.0031622776601683794	0.00002844257403549146
0.003191537855100762	0.000028442573011558067
0.0032210687912834347	0.00002844257196858848
0.003250872973854344	0.000028442570906228796
0.00328095293113119	0.00002844256982411853
0.0033113112148259113	0.000028442568721890507
0.003341950400261143	0.0000284425675991707
0.003372873086588689	0.000028442566455578153
0.0034040818970100086	0.000028442565290724823
0.003435579478998746	0.000028442564104215447
0.0034673685045253162	0.000028442562895647418
0.0034994516702835728	0.000028442561664610637
0.00353183169791957	0.00002844256041068739
0.0035645113342624426	0.000028442559133452195
0.003597493351557423	0.000028442557832471658
0.0036307805477010136	0.000028442556507304326
0.003664375746478333	0.000028442555157500543
0.0036982817978026624	0.0000284425537826023
0.0037325015779572056	0.000028442552382143054
0.0037670379898390887	0.00002844255095564761
0.0038018939632056123	0.00002844254950263192
0.003837072454922788	0.00002844254802260296
0.0038725764492161725	0.000028442546515058523
0.003908408957924021	0.00002844254497948706
0.003944573020752784	0.00002844254341536753
0.003981071705534972	0.000028442541822169196
0.0040179081084893995	0.00002844254019935146
0.004055085354483838	0.000028442538546363656
0.004092606597300109	0.000028442536862644912
0.004130475019901613	0.0000284425351476239
0.004168693834703354	0.00002844253340071869
0.004207266283844441	0.00002844253162133652
0.004246195639463129	0.00002844252980887362
0.004285485203974395	0.000028442527962714986
0.004325138310350088	0.000028442526082234182
0.00436515832240166	0.000028442524166793144
0.004405548635065534	0.00002844252221574192
0.004446312674691087	0.000028442520228418483
0.004487453899331322	0.00002844251820414851
0.004528975799036208	0.000028442516142245134
0.00457088189614875	0.00002844251404200872
0.004613175745603794	0.000028442511902726625
0.0046558609352295895	0.00002844250972367296
0.004698941086052154	0.000028442507504108338
0.004742419852602446	0.000028442505243279634
0.004786300923226384	0.00002844250294041972
0.004830588020397726	0.000028442500594747193
0.0048752849010338635	0.000028442498205466146
0.0049203953568145095	0.00002844249577176586
0.004965923214503361	0.000028442493292820555
0.005011872336272723	0.000028442490767789092
0.005058246620031141	0.0000284424881958147
0.005105049999754064	0.000028442485576024678
0.005152286445817566	0.000028442482907530102
0.00519995996533516	0.000028442480189425525
0.0052480746024977255	0.00002844247742078866
0.005296634438916577	0.000028442474600680096
0.005345643593969717	0.000028442471728142927
0.005395106225151276	0.00002844246880220248
0.005445026528424212	0.00002844246582186597
0.0054954087385762455	0.00002844246278612213
0.005546257129579108	0.000028442459693940912
0.005597576014951101	0.000028442456544273123
0.005649369748123026	0.000028442453336050048
0.005701642722807475	0.00002844245006818312
0.005754399373371569	0.000028442446739563538
0.005807644175213121	0.000028442443349061876
0.005861381645140287	0.000028442439895527725
0.005915616341754739	0.000028442436377789284
0.005970352865838369	0.000028442432794652963
0.006025595860743578	0.000028442429144903
0.006081350012787179	0.00002844242542730102
0.006137620051647942	0.00002844242164058563
0.006194410750767815	0.00002844241778347199
0.006251726927756859	0.00002844241385465138
0.006309573444801933	0.00002844240985279074
0.006367955209079158	0.000028442405776532248
0.006426877173170197	0.000028442401624492815
0.006486344335482384	0.000028442397395263672
0.006546361740672749	0.00002844239308740984
0.00660693448007596	0.000028442388699469672
0.006668067692136221	0.000028442384229954358
0.006729766562843178	0.0000284423796773474
0.006792036326171845	0.00002844237504010411
0.006854882264526616	0.000028442370316651106
0.006918309709189365	0.00002844236550538574
0.006982324040771714	0.000028442360604675572
0.007046930689671469	0.000028442355612857825
0.007112135136533291	0.000028442350528238813
0.007177942912713618	0.000028442345349093367
0.0072443596007499	0.00002844234007366425
0.007311390834834174	0.000028442334700161547
0.00737904230129101	0.000028442329226762097
0.0074473197390598905	0.00002844232365160883
0.007516228940182055	0.000028442317972810157
0.007585775750291838	0.000028442312188439335
0.007655966069112563	0.000028442306296533807
0.007726805850957024	0.000028442300295094533
0.007798301105232587	0.000028442294182085308
0.007870457896950987	0.00002844228795543209
0.007943282347242816	0.00002844228161302228
0.00801678063387679	0.000028442275152704013
0.008090958991783824	0.000028442268572285413
0.008165823713585926	0.000028442261869533873
0.008241381150130022	0.000028442255042175296
0.008317637711026709	0.000028442248087893297
0.008394599865193975	0.00002844224100432844
0.008472274141405965	0.00002844223378907745
0.008550667128846832	0.000028442226439692348
0.008629785477669703	0.000028442218953679687
0.008709635899560806	0.000028442211328499662
0.008790225168308843	0.000028442203561565244
0.00887156012037961	0.000028442195650241352
0.008953647655495937	0.0000284421875918439
0.009036494737223014	0.000028442179383638914
0.009120108393559099	0.00002844217102284162
0.009204495717531713	0.000028442162506615477
0.009289663867799364	0.00002844215383207122
0.009375620069258803	0.000028442144996265882
0.00946237161365793	0.000028442135996201794
0.00954992586021436	0.00002844212682882559
0.009638290236239706	0.000028442117491027124
0.00972747223776965	0.00002844210797963847
0.009817479430199843	0.000028442098291432807
0.009908319448927677	0.00002844208842312335
0.01	0.000028442078371362215
0.010092528860766845	0.00002844206813273931
0.01018591388054117	0.000028442057703781162
0.010280162981264737	0.000028442047080949714
0.010375284158180127	0.000028442036260641194
0.010471285480508997	0.00002844202523918483
0.010568175092136586	0.000028442014012841624
0.01066596121230258	0.000028442002577803097
0.01076465213629835	0.000028441990930190006
0.010864256236170655	0.00002844197906605097
0.01096478196143185	0.000028441966981361212
0.011066237839776664	0.00002844195467202114
0.011168632477805612	0.000028441942133854964
0.011271974561755105	0.000028441929362609318
0.01137627285823431	0.00002844191635395176
0.01148153621496883	0.000028441903103469358
0.01158777356155126	0.000028441889606667148
0.011694993910198709	0.000028441875858966647
0.011803206356517297	0.000028441861855704287
0.011912420080273748	0.00002844184759212982
0.01202264434617413	0.000028441833063404746
0.012133888504649772	0.00002844181826460063
0.012246161992650488	0.00002844180319069745
0.012359474334445106	0.000028441787836581923
0.01247383514242943	0.00002844177219704571
0.012589254117941673	0.000028441756266783722
0.012705741052085415	0.000028441740040392272
0.012823305826560214	0.000028441723512367247
0.012941958414499861	0.000028441706677102284
0.013061708881318416	0.00002844168952888683
0.013182567385564071	0.00002844167206190421
0.013304544179780912	0.000028441654270229677
0.01342764961137864	0.0000284416361478284
0.013551894123510362	0.00002844161768855339
0.013677288255958493	0.000028441598886143464
0.01380384264602885	0.000028441579734221093
0.013931568029453032	0.000028441560226290252
0.01406047524129914	0.000028441540355734205
0.014190575216890922	0.000028441520115813287
0.014321878992735435	0.00002844149949966261
0.014454397707459278	0.000028441478500289736
0.014588142602753484	0.0000284414571105723
0.014723125024327191	0.000028441435323255617
0.014859356422870071	0.00002844141313095023
0.014996848355023738	0.000028441390526129356
0.015135612484362083	0.00002844136750112642
0.01527566058238073	0.000028441344048132378
0.015417004529495593	0.000028441320159193117
0.015559656316050744	0.000028441295826206763
0.015703628043335523	0.000028441271040920916
0.015848931924611134	0.000028441245794929875
0.01599558028614669	0.000028441220079671776
0.016143585568264864	0.000028441193886425707
0.016292960326397224	0.000028441167206308757
0.016443717232149317	0.00002844114003027299
0.016595869074375606	0.00002844111234910239
0.016749428760264373	0.000028441084153409763
0.016904409316432643	0.000028441055433633538
0.017060823890031235	0.000028441026180034527
0.01721868574986007	0.00002844099638269263
0.017378008287493755	0.00002844096603150351
0.017538805018417612	0.00002844093511617512
0.017701089583174213	0.00002844090362622427
0.01786487574852051	0.000028440871550973046
0.01803017740859569	0.00002844083887954521
0.018197008586099836	0.000028440805600862524
0.018365383433483467	0.00002844077170364099
0.018535316234148114	0.000028440737176387044
0.018706821403658005	0.00002844070200739367
0.018879913490962935	0.00002844066618473641
0.019054607179632477	0.000028440629696269376
0.019230917289101587	0.000028440592529621114
0.019408858775927785	0.000028440554672190416
0.0195884467350599	0.00002844051611114208
0.01976969640111861	0.00002844047683340256
0.0199526231496888	0.00002844043682565552
0.020137242498623885	0.000028440396074337375
0.02032357010936222	0.00002844035456563268
0.02051162178825566	0.000028440312285469452
0.020701413487910422	0.00002844026921951444
0.020892961308540393	0.000028440225353168254
0.021086281499332893	0.000028440180671560438
0.021281390459827118	0.000028440135159544464
0.02147830474130534	0.000028440088801692564
0.021677041048196947	0.000028440041582290578
0.021877616239495523	0.000028439993485332602
0.022080047330189	0.000028439944494515584
0.02228435149270304	0.000028439894593233835
0.022490546058357812	0.00002843984376457341
0.02269864851883822	0.000028439791991306375
0.02290867652767773	0.000028439739255885023
0.02312064790175595	0.000028439685540435918
0.02333458062281003	0.000028439630826753884
0.0235504928389601	0.000028439575096295828
0.023768402866248768	0.000028439518330174504
0.023988329190194904	0.000028439460509152126
0.024210290467361784	0.000028439401613633876
0.02443430552693972	0.000028439341623661278
0.024660393372343395	0.000028439280518905488
0.02488857318282391	0.00002843921827866041
0.0251188643150958	0.00002843915488183571
0.025351286304979077	0.000028439090306949713
0.02558585886905646	0.000028439024532122146
0.025822601906345968	0.000028438957535066758
0.02606153549998896	0.000028438889293083794
0.02630267991895382	0.000028438819783052373
0.0265460556197554	0.000028438748981422633
0.026791683248190326	0.00002843867686420785
0.027039583641088438	0.000028438603406976313
0.027289777828080414	0.000028438528584843093
0.027542287033381664	0.00002843845237246167
0.027797132677592887	0.000028438374744015375
0.028054336379517132	0.000028438295673208693
0.02831391995799379	0.00002843821513325841
0.028575905433749466	0.000028438133096884596
0.028840315031266057	0.000028438049536301372
0.029107171180666053	0.00002843796442320762
0.02937649651961531	0.00002843787772877739
0.029648313895243424	0.000028437789423650238
0.02992264636608189	0.00002843769947792131
0.03019951720402016	0.00002843760786113129
0.03047894989627983	0.000028437514542256156
0.030760968147407083	0.000028437419489696725
0.031045595881283555	0.000028437322671268017
0.031332857243155855	0.00002843722405418845
0.0316227766016838	0.00002843712360506881
0.031915378551007616	0.000028437021289900977
0.032210687912834345	0.000028436917074046562
0.03250872973854344	0.000028436810922225206
0.032809529311311904	0.000028436702798502754
0.03311311214825911	0.000028436592666279148
0.03341950400261143	0.00002843648048827616
0.033728730865886895	0.00002843636622652485
0.034040818970100084	0.000028436249842352824
0.03435579478998746	0.00002843613129637122
0.034673685045253165	0.000028436010548461532
0.03499451670283573	0.000028435887557762083
0.0353183169791957	0.000028435762282654375
0.03564511334262443	0.000028435634680749062
0.03597493351557423	0.000028435504708871774
0.03630780547701014	0.000028435372323048604
0.03664375746478333	0.00002843523747849139
0.036982817978026626	0.000028435100129582693
0.037325015779572056	0.000028434960229860475
0.03767037989839089	0.000028434817732002567
0.038018939632056124	0.000028434672587810807
0.03837072454922788	0.000028434524748194874
0.038725764492161724	0.000028434374163155878
0.03908408957924021	0.000028434220781769602
0.03944573020752784	0.000028434064552169463
0.03981071705534972	0.000028433905421529154
0.04017908108489399	0.00002843374333604497
0.04055085354483839	0.000028433578240917825
0.04092606597300109	0.000028433410080334924
0.04130475019901614	0.000028433238797451096
0.04168693834703355	0.000028433064334369802
0.04207266283844441	0.00002843288663212382
0.042461956394631295	0.00002843270563065551
0.04285485203974396	0.000028432521268796792
0.04325138310350088	0.000028432333484248718
0.043651583224016605	0.000028432142213560682
0.044055486350655336	0.000028431947392109274
0.04446312674691087	0.000028431748954076694
0.04487453899331322	0.000028431546832428862
0.045289757990362084	0.000028431340958893026
0.045708818961487506	0.000028431131263935064
0.04613175745603794	0.0000284309176767363
0.046558609352295895	0.000028430700125169947
0.046989410860521545	0.00002843047853577709
0.04742419852602447	0.000028430252833742255
0.04786300923226383	0.00002843002294286854
0.04830588020397727	0.000028429788785552278
0.048752849010338634	0.00002842955028275725
0.049203953568145095	0.000028429307353988447
0.049659232145033615	0.000028429059917265324
0.05011872336272723	0.000028428807889094615
0.050582466200311406	0.000028428551184442624
0.05105049999754063	0.000028428289716707018
0.05152286445817566	0.00002842802339768816
0.0519995996533516	0.000028427752137559846
0.05248074602497726	0.000028427475844839576
0.05296634438916578	0.000028427194426358288
0.05345643593969717	0.00002842690778722951
0.05395106225151276	0.000028426615830817997
0.05445026528424212	0.000028426318458707784
0.054954087385762455	0.000028426015570669674
0.055462571295791074	0.000028425707064628147
0.055975760149511014	0.00002842539283662767
0.05649369748123026	0.000028425072780798406
0.057016427228074755	0.00002842474678932131
0.057543993733715694	0.000028424414752392608
0.058076441752131204	0.000028424076558187626
0.05861381645140287	0.000028423732092824
0.0591561634175474	0.000028423381240324207
0.05970352865838369	0.000028423023882577433
0.06025595860743578	0.000028422659899300785
0.06081350012787179	0.000028422289167999777
0.06137620051647942	0.000028421911563928143
0.06194410750767815	0.000028421526960046922
0.0625172692775686	0.000028421135226982838
0.06309573444801933	0.000028420736232985905
0.06367955209079158	0.000028420329843886334
0.06426877173170197	0.000028419915923050637
0.06486344335482384	0.000028419494331336946
0.0654636174067275	0.000028419064927049624
0.0660693448007596	0.00002841862756589296
0.06668067692136222	0.000028418182100924154
0.06729766562843179	0.000028417728382505385
0.06792036326171845	0.000028417266258255135
0.06854882264526617	0.000028416795572998576
0.06918309709189366	0.000028416316168717116
0.06982324040771713	0.000028415827884497076
0.0704693068967147	0.00002841533055647745
0.07112135136533292	0.00002841482401779677
0.07177942912713618	0.00002841430809853903
0.072443596007499	0.00002841378262567869
0.07311390834834174	0.000028413247423024665
0.0737904230129101	0.00002841270231116344
0.0744731973905989	0.00002841214710740109
0.07516228940182056	0.0000284115816257044
0.07585775750291839	0.000028411005676640862
0.07655966069112563	0.000028410419067317727
0.07726805850957025	0.000028409821601319956
0.07798301105232587	0.0000284092130786471
0.07870457896950987	0.000028408593295649117
0.07943282347242815	0.000028407962044961104
0.08016780633876791	0.000028407319115436825
0.08090958991783824	0.00002840666429208123
0.08165823713585925	0.000028405997355981707
0.08241381150130023	0.000028405318084238202
0.0831763771102671	0.0000284046262498922
0.08394599865193975	0.000028403921621854417
0.08472274141405965	0.0000284032039648313
0.08550667128846834	0.000028402473039250315
0.08629785477669703	0.000028401728601183904
0.08709635899560808	0.000028400970402272233
0.08790225168308843	0.000028400198189644582
0.0887156012037961	0.000028399411705839448
0.08953647655495939	0.000028398610688723286
0.09036494737223015	0.000028397794871407924
0.09120108393559098	0.000028396963982166556
0.09204495717531713	0.000028396117744348374
0.09289663867799364	0.000028395255876291758
0.09375620069258803	0.000028394378091236047
0.09462371613657931	0.000028393484097231818
0.0954992586021436	0.000028392573597049736
0.09638290236239705	0.000028391646288087852
0.09727472237769652	0.000028390701862277404
0.09817479430199844	0.00002838974000598709
0.09908319448927677	0.00002838876039992575
0.1	0.00002838776271904349
0.10092528860766845	0.000028386746632431163
0.1018591388054117	0.00002838571180321828
0.10280162981264736	0.00002838465788846921
0.10375284158180126	0.000028383584539077765
0.10471285480508996	0.00002838249139966006
0.10568175092136585	0.00002838137810844566
0.10665961212302578	0.000028380244297167036
0.1076465213629835	0.000028379089590947183
0.10864256236170655	0.000028377913608185557
0.1096478196143185	0.000028376715960442114
0.11066237839776664	0.000028375496252319625
0.11168632477805612	0.00002837425408134406
0.11271974561755105	0.000028372989037843173
0.1137627285823431	0.000028371700704823144
0.1148153621496883	0.00002837038865784337
0.1158777356155126	0.00002836905246488928
0.11694993910198709	0.00002836769168624319
0.11803206356517296	0.000028366305874353273
0.11912420080273747	0.000028364894573700406
0.12022644346174129	0.00002836345732066309
0.12133888504649772	0.000028361993643380312
0.12246161992650487	0.000028360503061612342
0.12359474334445104	0.00002835898508659944
0.12473835142429429	0.000028357439220918506
0.12589254117941673	0.000028355864958337568
0.12705741052085415	0.000028354261783668134
0.12823305826560213	0.000028352629172615438
0.1294195841449986	0.00002835096659162644
0.13061708881318415	0.00002834927349773567
0.1318256738556407	0.000028347549338408846
0.1330454417978091	0.000028345793551384262
0.1342764961137864	0.00002834400556451194
0.1355189412351036	0.00002834218479559047
0.13677288255958492	0.000028340330652201647
0.1380384264602885	0.000028338442531542713
0.13931568029453031	0.000028336519820256346
0.1406047524129914	0.00002833456189425833
0.14190575216890922	0.000028332568118562837
0.14321878992735435	0.000028330537847105366
0.14454397707459277	0.00002832847042256336
0.14588142602753484	0.00002832636517617436
0.1472312502432719	0.000028324221427551867
0.1485935642287007	0.000028322038484498694
0.14996848355023737	0.000028319815642818034
0.15135612484362082	0.000028317552186121982
0.1527566058238073	0.000028315247385637758
0.15417004529495593	0.000028312900500011397
0.15559656316050743	0.000028310510775109096
0.15703628043335524	0.000028308077443816046
0.15848931924611134	0.0000283055997258329
0.15995580286146688	0.00002830307682746973
0.16143585568264862	0.000028300507941437656
0.16292960326397224	0.00002829789224663792
0.16443717232149316	0.000028295228907948622
0.16595869074375605	0.000028292517076009003
0.16749428760264373	0.00002828975588700133
0.16904409316432642	0.000028286944462430355
0.17060823890031235	0.000028284081908900427
0.1721868574986007	0.000028281167317890167
0.17378008287493754	0.00002827819976552485
0.1753880501841761	0.000028275178312346438
0.17701089583174212	0.00002827210200308123
0.17864875748520506	0.00002826896986640529
0.1803017740859569	0.000028265780914707595
0.18197008586099836	0.000028262534143850913
0.18365383433483465	0.000028259228532930483
0.18535316234148114	0.000028255863044030562
0.18706821403658005	0.000028252436621978766
0.18879913490962935	0.000028248948194098397
0.19054607179632474	0.000028245396669958634
0.19230917289101584	0.000028241780941122807
0.19408858775927784	0.00002823809988089465
0.195884467350599	0.000028234352344062703
0.19769696401118608	0.000028230537166642844
0.19952623149688797	0.000028226653165619075
0.20137242498623883	0.00002822269913868257
0.20323570109362218	0.0000282186738639691
0.20511621788255657	0.00002821457609979492
0.2070141348791042	0.000028210404584391115
0.20892961308540392	0.00002820615803563659
0.21086281499332893	0.000028201835150789758
0.21281390459827118	0.000028197434606219005
0.21478304741305337	0.00002819295505713201
0.21677041048196946	0.00002818839513730413
0.21877616239495523	0.000028183753458805795
0.22080047330188998	0.000028179028611729226
0.22284351492703036	0.00002817421916391441
0.2249054605835781	0.000028169323660674624
0.2269864851883822	0.00002816434062452149
0.2290867652767773	0.000028159268554889853
0.23120647901755947	0.00002815410592786253
0.23334580622810028	0.00002814885119589511
0.23550492838960096	0.00002814350278754099
0.23768402866248767	0.000028138059107176812
0.23988329190194904	0.00002813251853472844
0.2421029046736178	0.00002812687942539775
0.2443430552693972	0.000028121140109390307
0.24660393372343392	0.00002811529889164427
0.2488857318282391	0.000028109354051560616
0.251188643150958	0.000028103303842734994
0.25351286304979076	0.000028097146492691355
0.2558585886905646	0.000028090880202617726
0.25822601906345966	0.0000280845031471042
0.2606153549998896	0.000028078013473883553
0.2630267991895382	0.000028071409303574746
0.265460556197554	0.000028064688729429436
0.26791683248190323	0.000028057849817082013
0.2703958364108844	0.000028050890604303278
0.27289777828080414	0.00002804380910075821
0.2754228703338166	0.00002803660328776805
0.27797132677592884	0.000028029271118077074
0.2805433637951713	0.000028021810515624443
0.2831391995799379	0.00002801421937532141
0.28575905433749466	0.00002800649556283435
0.28840315031266056	0.000027998636914373905
0.2910717118066605	0.00002799064123649076
0.2937649651961531	0.000027982506305878293
0.2964831389524342	0.00002797422986918273
0.2992264636608189	0.00002796580964282107
0.3019951720402016	0.000027957243312807402
0.3047894989627983	0.000027948528534587845
0.3076096814740708	0.000027939662932884875
0.31045595881283555	0.000027930644101551353
0.31332857243155854	0.000027921469603434815
0.31622776601683794	0.000027912136970252533
0.31915378551007617	0.000027902643702477993
0.32210687912834346	0.000027892987269239204
0.3250872973854344	0.000027883165108229467
0.328095293113119	0.00002787317462563133
0.3311311214825911	0.000027863013196054076
0.3341950400261143	0.00002785267816248562
0.3372873086588689	0.000027842166836259308
0.34040818970100084	0.000027831476497036318
0.3435579478998746	0.00002782060439280438
0.3467368504525316	0.000027809547739893404
0.34994516702835726	0.000027798303723008848
0.35318316979195696	0.00002778686949528348
0.35645113342624424	0.000027775242178348248
0.3597493351557423	0.000027763418862423145
0.36307805477010135	0.000027751396606428657
0.3664375746478333	0.000027739172438118797
0.3698281797802662	0.000027726743354236335
0.37325015779572057	0.00002771410632069124
0.3767037989839089	0.00002770125827276299
0.3801893963205612	0.00002768819611532779
0.3837072454922788	0.00002767491672311145
0.38725764492161724	0.000027661416940968843
0.39084089579240205	0.000027647693584190876
0.3944573020752784	0.000027633743438839923
0.3981071705534972	0.000027619563262114536
0.4017908108489399	0.000027605149782744537
0.40550853544838383	0.000027590499701417376
0.40926065973001086	0.00002757560969123671
0.4130475019901613	0.000027560476398214284
0.4168693834703354	0.000027545096441796055
0.4207266283844441	0.000027529466415423563
0.4246195639463129	0.000027513582887131624
0.4285485203974395	0.000027497442400183362
0.43251383103500873	0.000027481041473743622
0.436515832240166	0.00002746437660359183
0.4405548635065533	0.00002744744426287533
0.4446312674691087	0.000027430240902904335
0.4487453899331322	0.000027412762953989463
0.4528975799036208	0.000027395006826323087
0.457088189614875	0.00002737696891090539
0.46131757456037936	0.00002735864558051638
0.46558609352295893	0.000027340033190734838
0.4698941086052154	0.000027321128081005337
0.47424198526024464	0.000027301926575754388
0.4786300923226383	0.000027282424985556797
0.48305880203977264	0.000027262619608353277
0.48752849010338634	0.000027242506730720414
0.4920395356814509	0.000027222082629194036
0.4965923214503361	0.00002720134357164696
0.5011872336272722	0.00002718028581872226
0.505824662003114	0.00002715890562532293
0.5105049999754063	0.000027137199242159065
0.5152286445817565	0.000027115162917353453
0.519995996533516	0.00002709279289810654
0.5248074602497725	0.00002707008543242174
0.5296634438916578	0.00002704703677089192
0.5345643593969717	0.000027023643168548034
0.5395106225151276	0.000026999900886770623
0.5445026528424212	0.000026975806195265082
0.5495408738576245	0.00002695135537410144
0.5546257129579107	0.000026926544715819376
0.5597576014951101	0.000026901370527599148
0.5649369748123025	0.000026875829133499078
0.5701642722807475	0.000026849916876760282
0.5754399373371569	0.000026823630122179
0.580764417521312	0.000026796965258547228
0.5861381645140287	0.000026769918701161953
0.5915616341754739	0.000026742486894403385
0.5970352865838369	0.00002671466631438259
0.6025595860743578	0.00002668645347165864
0.6081350012787179	0.00002665784491402559
0.6137620051647942	0.000026628837229369322
0.6194410750767815	0.00002659942704859428
0.6251726927756859	0.000026569611048620146
0.6309573444801932	0.000026539385955448293
0.6367955209079158	0.00002650874854729775
0.6426877173170197	0.000026477695657810553
0.6486344335482384	0.00002644622417932599
0.6546361740672749	0.000026414331066223303
0.660693448007596	0.000026382013338332428
0.6668067692136221	0.000026349268084411916
0.6729766562843178	0.000026316092465693522
0.6792036326171845	0.000026282483719492497
0.6854882264526616	0.00002624843916288273
0.6918309709189365	0.00002621395619643565
0.6982324040771714	0.000026179032308021873
0.7046930689671469	0.000026143665076674235
0.7112135136533291	0.000026107852176510997
0.7177942912713617	0.000026071591380717754
0.72443596007499	0.000026034880565586483
0.7311390834834174	0.000025997717714610178
0.737904230129101	0.00002596010092263129
0.744731973905989	0.00002592202840004214
0.7516228940182055	0.000025883498477035398
0.7585775750291838	0.000025844509607902598
0.7655966069112563	0.00002580506037537856
0.7726805850957024	0.000025765149495029543
0.7798301105232587	0.000025724775819682755
0.7870457896950986	0.00002568393834389495
0.7943282347242815	0.000025642636208457518
0.8016780633876791	0.000025600868704935652
0.8090958991783823	0.000025558635280238867
0.8165823713585925	0.000025515935541220328
0.8241381150130023	0.00002547276925930205
0.831763771102671	0.000025429136375123454
0.8394599865193975	0.000025385037003210173
0.8472274141405964	0.000025340471436660446
0.8550667128846833	0.000025295440151846046
0.8629785477669702	0.000025249943813124997
0.8709635899560807	0.000025203983277562964
0.8790225168308843	0.000025157559599660555
0.8871560120379609	0.00002511067403608352
0.8953647655495938	0.000025063328050393064
0.9036494737223014	0.000025015523317773298
0.9120108393559098	0.00002496726172975318
0.9204495717531713	0.00002491854539892016
0.9289663867799364	0.00002486937666362281
0.9375620069258802	0.00002481975809266006
0.9462371613657931	0.00002476969248995448
0.954992586021436	0.000024719182899207368
0.9638290236239705	0.000024668232608533487
0.9727472237769651	0.000024616845155073465
0.9817479430199844	0.00002456502432958211
0.9908319448927676	0.000024512774180991038
1.	0.000024460099020944262
1.0092528860766845	0.00002440700342830568
1.0185913880541169	0.000024353492253637685
1.0280162981264735	0.0000242995706236503
1.0375284158180127	0.000024245243945620796
1.0471285480508996	0.000024190517911783847
1.0568175092136585	0.000024135398503692913
1.066596121230258	0.000024079891996553695
1.076465213629835	0.00002402400496353126
1.0864256236170655	0.000023967744280032522
1.096478196143185	0.00002391111712796667
1.1066237839776663	0.00002385413099998637
1.1168632477805611	0.000023796793703713268
1.1271974561755105	0.00002373911336595199
1.1376272858234309	0.000023681098436897294
1.1481536214968828	0.000023622757694339926
1.158777356155126	0.000023564100247877355
1.169499391019871	0.000023505135543136315
1.1803206356517297	0.000023445873366014942
1.191242008027375	0.000023386323846953217
1.202264434617413	0.00002332649746524114
1.2133888504649772	0.00002326640505337538
1.2246161992650486	0.000023206057801475707
1.2359474334445104	0.000023145467261774096
1.247383514242943	0.000023084645353190132
1.2589254117941673	0.000023023604366007804
1.2705741052085415	0.000022962356966669973
1.2823305826560216	0.000022900916202708174
1.2941958414499861	0.00002283929550782691
1.3061708881318415	0.00002277750870716299
1.318256738556407	0.00002271557002274232
1.330454417978091	0.00002265349407915804
1.3427649611378638	0.000022591295909495957
1.355189412351036	0.00002252899096153501
1.367728825595849	0.00002246659510425274
1.3803842646028848	0.000022404124634667872
1.3931568029453032	0.000022341596285054487
1.406047524129914	0.00002227902723056499
1.4190575216890922	0.000022216435097301506
1.4321878992735435	0.000022153837970878596
1.4454397707459274	0.000022091254405523004
1.4588142602753484	0.000022028703433759937
1.4723125024327188	0.000021966204576738538
1.485935642287007	0.000021903777855253577
1.4996848355023735	0.00002184144380152443
1.5135612484362082	0.000021779223471796948
1.5275660582380726	0.00002171713845983909
1.5417004529495595	0.000021655210911406207
1.5559656316050745	0.000021593463539758164
1.5703628043335525	0.000021531919642316493
1.5848931924611136	0.00002147060311855708
1.599558028614669	0.000021409538489241307
1.6143585568264862	0.000021348750917096946
1.6292960326397223	0.00002128826622906932
1.6443717232149315	0.000021228110940273092
1.6595869074375607	0.00002116831227978613
1.6749428760264373	0.000021108898218439085
1.6904409316432643	0.000021049897498767326
1.7060823890031236	0.00002099133966730696
1.721868574986007	0.000020933255109432566
1.7378008287493754	0.000020875675086952403
1.7538805018417611	0.000020818631778696703
1.770108958317421	0.000020762158324356747
1.7864875748520508	0.000020706288871856914
1.803017740859569	0.000020651058628569264
1.8197008586099834	0.000020596503916710647
1.8365383433483464	0.00002054266223329632
1.8535316234148114	0.000020489572315062037
1.8706821403658007	0.00002043727420880923
1.8879913490962936	0.000020385809347675663
1.9054607179632472	0.000020335220633887592
1.9230917289101583	0.00002028555252860997
1.940885877592778	0.000020236851149579464
1.9588446735059897	0.000020189164377281964
1.9769696401118606	0.000020142541970523647
1.9952623149688795	0.00002009703569234339
2.0137242498623884	0.00002005269944732693
2.032357010936222	0.00002000958943151099
2.0511621788255656	0.000019967764296211667
2.0701413487910423	0.000019927285327278583
2.0892961308540396	0.00001988821664146736
2.1086281499332893	0.00001985062540184324
2.128139045982712	0.00001981458205438159
2.147830474130534	0.000019780160588223404
2.1677041048196948	0.000019747438822382134
2.1877616239495525	0.000019716498722090574
2.2080047330188997	0.000019687426748433154
2.2284351492703034	0.000019660314245441766
2.2490546058357808	0.000019635257869456766
2.269864851883822	0.000019612360066286538
2.290867652767773	0.000019591729602561102
2.3120647901755946	0.000019573482158693346
2.333458062281003	0.000019557740992069034
2.3550492838960095	0.00001954463768052322
2.3768402866248763	0.00001953431295787673
2.3988329190194904	0.000019526917655363914
2.4210290467361784	0.00001952261376526034
2.443430552693972	0.000019521575646014622
2.4660393372343394	0.00001952399139182773
2.488857318282391	0.00001953006439406379
2.51188643150958	0.000019540015127323367
2.535128630497908	0.000019554083199725493
2.5585858869056457	0.000019572529715269524
2.582260190634596	0.00001959564000652786
2.6061535499988953	0.000019623726808941975
2.6302679918953817	0.000019657133964434826
2.654605561975539	0.00001969624076295298
2.679168324819032	0.000019741467057313367
2.7039583641088436	0.00001979327932126172
2.728977782808041	0.00001985219786557344
2.7542287033381663	0.000019918805485983524
2.7797132677592886	0.000019993757894826616
2.8054336379517135	0.000020077796392754116
2.8313919957993794	0.000020171763378199843
2.857590543374947	0.00002027662148558382
2.884031503126606	0.000020393477411047784
2.9107171180666054	0.000020523611860558655
2.937649651961531	0.000020668517591077524
2.9648313895243423	0.00002082994829146485
2.992264636608189	0.000021009982193444193
3.019951720402016	0.000021211106021523992
3.047894989627983	0.000021436327529387112
3.076096814740708	0.00002168932901952336
3.1045595881283554	0.000021974680944975733
3.1332857243155856	0.000022298145850284435
3.1622776601683795	0.000022667122137106325
3.1915378551007616	0.00002309131161416116
3.2210687912834346	0.000023583759512472003
3.2508729738543436	0.000024162543932695007
3.2809529311311905	0.000024853663065015655
3.311311214825911	0.000025696290154871564
3.3419504002611427	0.000026753140031983804
3.372873086588689	0.000028133230890545855
3.404081897010009	0.000030049991744439057
3.4355794789987466	0.00003300836839631963
3.4673685045253166	0.00003872816979652633
3.499451670283573	0.00007414539795301818
3.5	0.001