0.001	2.4210712088572354e-8
0.0010081944819816933	2.4210712106756322e-8
0.001016456113498336	2.4210712125239534e-8
0.00102478544480558	2.4210712144026903e-8
0.0010331830306681419	2.421071216312344e-8
0.0010416494303967434	2.4210712182534235e-8
0.0010501852078853716	2.4210712202264455e-8
0.001058790931648829	2.421071222231936e-8
0.0010674671748606068	2.4210712242704286e-8
0.001076214515391051	2.4210712263424674e-8
0.001085033535845861	2.4210712284486033e-8
0.0010939248236048829	2.4210712305893986e-8
0.0011028889708612412	2.421071232765423e-8
0.001111926574660772	2.421071234977256e-8
0.0011210382369417967	2.4210712372254872e-8
0.0011302245645752054	2.4210712395107156e-8
0.0011394861694048852	2.42107124183355e-8
0.0011488236682884623	2.421071244194609e-8
0.001158237683138396	2.421071246594522e-8
0.0011677288409633918	2.421071249033929e-8
0.0011772977739101713	2.4210712515134785e-8
0.0011869451193055657	2.4210712540338316e-8
0.001196671519698974	2.42107125659566e-8
0.001206477622905154	2.421071259199646e-8
0.0012163640820473665	2.4210712618464837e-8
0.0012263315556008837	2.4210712645368787e-8
0.001236380707436837	2.4210712672715464e-8
0.0012465122068664428	2.421071270051216e-8
0.0012567267286855705	2.4210712728766285e-8
0.0012670249532196981	2.4210712757485364e-8
0.0012774075663692127	2.4210712786677047e-8
0.0012878752596551053	2.4210712816349108e-8
0.0012984287302650176	2.4210712846509456e-8
0.0013090686810996886	2.4210712877166133e-8
0.0013197958208197589	2.4210712908327297e-8
0.001330610863892982	2.4210712940001254e-8
0.0013415145306417983	2.4210712972196437e-8
0.0013525075472913236	2.421071300492143e-8
0.0013635906460177066	2.4210713038184945e-8
0.0013747645649969042	2.4210713071995857e-8
0.0013860300484538433	2.421071310636316e-8
0.0013973878467119837	2.4210713141296016e-8
0.0014088387162433037	2.4210713176803727e-8
0.0014203834197186714	2.4210713212895764e-8
0.0014320227260586533	2.421071324958173e-8
0.0014437574104847163	2.421071328687141e-8
0.001455588254570871	2.421071332477473e-8
0.0014675160462957165	2.421071336330179e-8
0.001479541580094934	2.421071340246286e-8
0.0014916656569141879	2.4210713442268366e-8
0.0015038890842624835	2.421071348272892e-8
0.0015162126762659376	2.4210713523855294e-8
0.0015286372537220154	2.4210713565658448e-8
0.0015411636441541856	2.4210713608149525e-8
0.0015537926818670494	2.4210713651339834e-8
0.001566525208001896	2.4210713695240886e-8
0.0015793620705927373	2.4210713739864385e-8
0.0015923041246227792	2.421071378522221e-8
0.0016053522320813782	2.4210713831326454e-8
0.0016185072620214403	2.421071387818939e-8
0.0016317700906173147	2.4210713925823507e-8
0.0016451416012231458	2.4210713974241502e-8
0.0016586226844317032	2.421071402345626e-8
0.001672214238133708	2.4210714073480908e-8
0.0016859171675776257	2.4210714124328772e-8
0.0016997323854299699	2.421071417601339e-8
0.0017136608118360763	2.4210714228548533e-8
0.0017277033744814026	2.4210714281948203e-8
0.001741861008653301	2.4210714336226624e-8
0.0017561346573033267	2.421071439139826e-8
0.001770525271110026	2.4210714447477804e-8
0.0017850338085422714	2.42107145044802e-8
0.0017996612359230844	2.4210714562420635e-8
0.0018144085274940098	2.4210714621314544e-8
0.0018292766654799902	2.421071468117762e-8
0.0018442666401547998	2.4210714742025805e-8
0.0018593794499069864	2.421071480387532e-8
0.00187461610130638	2.4210714866742632e-8
0.0018899776091711293	2.4210714930644505e-8
0.0019054649966352877	2.4210714995597946e-8
0.0019210792952169629	2.4210715061620276e-8
0.0019368215448870222	2.4210715128729072e-8
0.0019526927941383564	2.421071519694222e-8
0.0019686941000557055	2.4210715266277896e-8
0.00198482652838608	2.4210715336754564e-8
0.0020010911536097265	2.4210715408391006e-8
0.0020174890590117095	2.4210715481206302e-8
0.0020340213367540444	2.421071555521986e-8
0.002050689087948457	2.4210715630451393e-8
0.0020674934227297055	2.4210715706920945e-8
0.0020844354603295357	2.4210715784648887e-8
0.0021015163291512088	2.4210715863655932e-8
0.0021187371668446747	2.4210715943963126e-8
0.002136099120382327	2.4210716025591863e-8
0.0021536033461354133	2.4210716108563895e-8
0.0021712510099510343	2.4210716192901324e-8
0.0021890432872298136	2.4210716278626617e-8
0.002206981363004165	2.421071636576262e-8
0.0022250664320172357	2.421071645433254e-8
0.002243299698802474	2.4210716544359984e-8
0.002261682377763851	2.4210716635868924e-8
0.00228021569325675	2.4210716728883746e-8
0.002298900879669517	2.4210716823429236e-8
0.00231773918150567	2.4210716919530576e-8
0.002336731853466783	2.421071701721337e-8
0.0023558801605360674	2.4210717116503648e-8
0.002375185378062609	2.4210717217427855e-8
0.002394648791846327	2.4210717320012882e-8
0.002414271698223595	2.4210717424286066e-8
0.002434055404153603	2.421071753027518e-8
0.0024540012273053828	2.4210717638008463e-8
0.0024741104961455928	2.4210717747514623e-8
0.002494384550026976	2.4210717858822822e-8
0.002514824739277589	2.421071797196273e-8
0.0025354324252907156	2.4210718086964476e-8
0.002556208980615564	2.421071820385871e-8
0.0025771557890486604	2.4210718322676566e-8
0.002598274245726039	2.4210718443449707e-8
0.002619565757216139	2.42107185662103e-8
0.0026410317416135074	2.4210718690991062e-8
0.0026626736286332418	2.4210718817825233e-8
0.002684492859706207	2.4210718946746602e-8
0.0027064908880750564	2.4210719077789515e-8
0.002728669178891005	2.421071921098889e-8
0.002751029209311432	2.4210719346380208e-8
0.0027735724685982463	2.421071948399954e-8
0.0027963004582170978	2.421071962388356e-8
0.0028192146919373585	2.4210719766069525e-8
0.002842316695932967	2.4210719910595323e-8
0.002865608008884056	2.421072005749945e-8
0.0028890901820794552	2.4210720206821055e-8
0.0029127647795199924	2.421072035859991e-8
0.0029366333780226827	2.4210720512876462e-8
0.002960697567325729	2.4210720669691814e-8
0.002984958950194426	2.421072082908773e-8
0.003009419142527888	2.4210720991106688e-8
0.003034079773466696	2.4210721155791853e-8
0.003058942485501392	2.4210721323187097e-8
0.0030840089345818725	2.421072149333702e-8
0.003109280790227685	2.4210721666286954e-8
0.0031347597356392305	2.421072184208297e-8
0.003160447467809867	2.4210722020771906e-8
0.0031863456976389264	2.421072220240138e-8
0.0032124561500456745	2.4210722387019768e-8
0.0032387805640842035	2.4210722574676254e-8
0.0032653206930592536	2.421072276542085e-8
0.003292078304642978	2.4210722959304357e-8
0.0033190551809927013	2.4210723156378444e-8
0.003346253118869592	2.42107233566956e-8
0.0033736739297583573	2.4210723560309203e-8
0.0034013194399878707	2.42107237672735e-8
0.003429191490852838	2.4210723977643633e-8
0.0034572919387364075	2.4210724191475638e-8
0.0034856226552338362	2.4210724408826496e-8
0.0035141855272771355	2.4210724629754106e-8
0.003542982457260739	2.421072485431733e-8
0.0035720153631682177	2.4210725082576e-8
0.0036012861787000313	2.4210725314590924e-8
0.003630796853402313	2.4210725550423915e-8
0.003660549352796711	2.4210725790137813e-8
0.0036905456585113027	2.421072603379647e-8
0.00372078776841259	2.4210726281464806e-8
0.0037512776967385556	2.4210726533208808e-8
0.003782017474232808	2.4210726789095542e-8
0.0038130091482798615	2.4210727049193185e-8
0.0038442547830414724	2.4210727313571028e-8
0.003875756459594148	2.4210727582299513e-8
0.003907516276067724	2.421072785545023e-8
0.003939536347785138	2.4210728133095955e-8
0.003971818807403289	2.4210728415310657e-8
0.00400436580505511	2.421072870216952e-8
0.004037179508492743	2.4210728993748973e-8
0.004070262103231952	2.4210729290126702e-8
0.0041036157926976555	2.4210729591381662e-8
0.004137242798370708	2.4210729897594118e-8
0.004171145359935852	2.4210730208845652e-8
0.004205325735430874	2.421073052521918e-8
0.004239786201397013	2.4210730846799e-8
0.004274529053030594	2.4210731173670783e-8
0.004309556604335882	2.4210731505921617e-8
0.004344871188279204	2.4210731843640012e-8
0.004380475156944336	2.421073218691596e-8
0.0044163708816891715	2.4210732535840902e-8
0.0044525607533036525	2.4210732890507808e-8
0.004489047182168995	2.4210733251011158e-8
0.004525832598418254	2.4210733617447008e-8
0.004562919452098153	2.421073398991298e-8
0.0046003102133322935	2.4210734368508307e-8
0.004638007372485644	2.4210734753333854e-8
0.004676013440330444	2.4210735144492153e-8
0.004714330948213387	2.4210735542087407e-8
0.004752962448224265	2.421073594622555e-8
0.004791910513365904	2.4210736357014255e-8
0.004831177737725572	2.421073677456296e-8
0.004870766736647722	2.421073719898291e-8
0.004910680146908214	2.4210737630387178e-8
0.004950920626889917	2.4210738068890702e-8
0.004991490856759765	2.4210738514610308e-8
0.00503239353864727	2.4210738967664746e-8
0.005073631396824505	2.421073942817472e-8
0.005115207177887542	2.4210739896262913e-8
0.005157123650939375	2.421074037205404e-8
0.005199383607774361	2.421074085567487e-8
0.00524198986306418	2.4210741347254234e-8
0.005284945254545284	2.421074184692311e-8
0.005328252643207891	2.4210742354814612e-8
0.005371914913486573	2.4210742871064064e-8
0.005415934973452328	2.4210743395809e-8
0.005460315755006311	2.4210743929189225e-8
0.005505060214075067	2.421074447134684e-8
0.005550171330807447	2.421074502242629e-8
0.005595652109773059	2.4210745582574397e-8
0.005641505580162419	2.4210746151940392e-8
0.005687734795988688	2.421074673067597e-8
0.005734342836291073	2.4210747318935324e-8
0.005781332805339912	2.4210747916875164e-8
0.0058287078328434425	2.4210748524654808e-8
0.005876471074156239	2.4210749142436177e-8
0.00592462571048936	2.421074977038386e-8
0.005973174949122242	2.4210750408665168e-8
0.0060221220236163255	2.421075105745014e-8
0.006071470194030414	2.4210751716911628e-8
0.006121222747137785	2.4210752387225332e-8
0.006171382996645143	2.4210753068569833e-8
0.00622195428341328	2.421075376112667e-8
0.006272939975679635	2.4210754465080336e-8
0.0063243434692825855	2.4210755180618396e-8
0.006376168187887668	2.4210755907931482e-8
0.00642841758321556	2.4210756647213358e-8
0.006481095135272026	2.4210757398660996e-8
0.006534204352579653	2.4210758162474597e-8
0.006587748772411576	2.421075893885765e-8
0.006641731961027025	2.421075972801702e-8
0.006696157513908897	2.4210760530162935e-8
0.00675102905600321	2.4210761345509117e-8
0.006806350241960524	2.421076217427279e-8
0.0068621247563793635	2.4210763016674765e-8
0.0069183563140516454	2.421076387293946e-8
0.006975048660210083	2.421076474329502e-8
0.007032205570777615	2.4210765627973318e-8
0.007089830852618916	2.4210766527210058e-8
0.007147928343793955	2.421076744124482e-8
0.0072065019138136165	2.4210768370321117e-8
0.0072655554638974005	2.421076931468648e-8
0.007325092927233308	2.421077027459251e-8
0.007385118269239751	2.4210771250294958e-8
0.0074456354878297175	2.4210772242053758e-8
0.007506648613676994	2.4210773250133152e-8
0.007568161710484681	2.4210774274801706e-8
0.007630178875255789	2.4210775316332423e-8
0.007692704238566177	2.4210776375002796e-8
0.007755741964839603	2.421077745109487e-8
0.007819296252625152	2.4210778544895345e-8
0.00788337133487681	2.421077965669564e-8
0.007947971479235457	2.4210780786791968e-8
0.008013100988313072	2.421078193548541e-8
0.008078764199979301	2.4210783103082002e-8
0.008144965487650379	2.421078428989283e-8
0.008211709260580444	2.421078549623408e-8
0.008278999964155183	2.4210786722427163e-8
0.0083468420801879	2.4210787968798753e-8
0.008415240127218039	2.421078923568093e-8
0.00848419866081215	2.4210790523411215e-8
0.008553722273867291	2.421079183233269e-8
0.008623815596916905	2.421079316279409e-8
0.008694483298439295	2.421079451514988e-8
0.00876573008516849	2.4210795889760365e-8
0.008837560702407798	2.4210797286991772e-8
0.008909979934345799	2.4210798707216368e-8
0.008982992604375054	2.4210800150812525e-8
0.00905660357541329	2.421080161816487e-8
0.009130817750227354	2.421080310966433e-8
0.009205640071759726	2.421080462570829e-8
0.009281075523457725	2.4210806166700655e-8
0.009357129129605433	2.4210807733051994e-8
0.009433805955658363	2.4210809325179617e-8
0.009511111108580805	2.4210810943507717e-8
0.009589049737185964	2.4210812588467452e-8
0.009667627032478894	2.4210814260497093e-8
0.009746848228002274	2.4210815960042106e-8
0.009826718600184949	2.4210817687555293e-8
0.009907243468693334	2.421081944349692e-8
0.0099884281967858	2.421082122833482e-8
0.010070278191669804	2.4210823042544507e-8
0.010152798904862086	2.4210824886609355e-8
0.010235995832551739	2.421082676102066e-8
0.010319874515966273	2.421082866627783e-8
0.010404440541740698	2.4210830602888468e-8
0.010489699542289599	2.4210832571368543e-8
0.010575657196182272	2.4210834572242523e-8
0.010662319228520957	2.421083660604349e-8
0.01074969141132214	2.4210838673313305e-8
0.010837779563900989	2.4210840774602752e-8
0.010926589553258944	2.4210842910471675e-8
0.011016127294474489	2.4210845081489137e-8
0.011106398751097105	2.4210847288233554e-8
0.011197409935544477	2.4210849531292865e-8
0.011289166909502936	2.4210851811264694e-8
0.011381675784331191	2.4210854128756493e-8
0.011474942721467374	2.4210856484385705e-8
0.011568973932839408	2.421085887877995e-8
0.011663775681278745	2.421086131257716e-8
0.011759354280937502	2.4210863786425775e-8
0.011855716097709	2.42108663009849e-8
0.011952867549651752	2.42108688569245e-8
0.012050815107416946	2.4210871454925547e-8
0.012149565294679391	2.4210874095680233e-8
0.012249124688572054	2.4210876779892144e-8
0.01234949992012408	2.421087950827643e-8
0.012450697674702464	2.4210882281560025e-8
0.01255272469245733	2.421088510048182e-8
0.012655587768770836	2.421088796579286e-8
0.012759293754709774	2.421089087825657e-8
0.01286384955748188	2.4210893838648906e-8
0.012969262140895886	2.4210896847758634e-8
0.01307553852582532	2.421089990638747e-8
0.01318268579067614	2.4210903015350334e-8
0.013290711071858167	2.421090617547556e-8
0.013399621564260406	2.4210909387605114e-8
0.013509424521730255	2.4210912652594816e-8
0.013620127257556626	2.4210915971314568e-8
0.01373173714495705	2.4210919344648596e-8
0.013844261617568757	2.4210922773495664e-8
0.013957708169943779	2.4210926258769347e-8
0.014072084358048123	2.4210929801398235e-8
0.014187397799765017	2.4210933402326223e-8
0.014303656175402314	2.4210937062512716e-8
0.01442086722820399	2.4210940782932927e-8
0.014539038764865907	2.4210944564578104e-8
0.014658178656055749	2.4210948408455822e-8
0.014778294836937248	2.4210952315590224e-8
0.014899395307698689	2.4210956287022325e-8
0.015021488134085758	2.421096032381025e-8
0.015144581447938751	2.4210964427029572e-8
0.01526868344773418	2.421096859777353e-8
0.015393802399130824	2.4210972837153365e-8
0.015519946635520256	2.4210977146298628e-8
0.015647124558581877	2.4210981526357432e-8
0.015775344638842496	2.4210985978496794e-8
0.0159046154162405	2.4210990503902952e-8
0.01603494550069465	2.421099510378165e-8
0.016166343572677537	2.4210999779358476e-8
0.016298818383793715	2.4211004531879194e-8
0.01643237875736261	2.4211009362610077e-8
0.01656703358900619	2.4211014272838228e-8
0.016702791847241407	2.4211019263871936e-8
0.01683966257407761	2.4211024337041026e-8
0.01697765488561869	2.4211029493697197e-8
0.01711677797267031	2.421103473521441e-8
0.01725704110135201	2.4211040062989228e-8
0.01739845361371439	2.4211045478441205e-8
0.017541024928361307	2.4211050983013258e-8
0.017684764541077206	2.421105657817204e-8
0.01782968202545956	2.4211062265408358e-8
0.01797578703355652	2.421106804623755e-8
0.018123089296509763	2.4211073922199893e-8
0.01827159862520264	2.421107989486101e-8
0.018421324910913604	2.42110859658123e-8
0.018572278125975013	2.421109213667134e-8
0.018724468324437322	2.4211098409082356e-8
0.01887790564273872	2.4211104784716605e-8
0.01903260030038026	2.4211111265272865e-8
0.019188562600606505	2.421111785247788e-8
0.01934580293109178	2.42111245480868e-8
0.01950433176463201	2.4211131353883668e-8
0.019664159659842254	2.4211138271681896e-8
0.019825297261859984	2.421114530332473e-8
0.01998775530305402	2.4211152450685763e-8
0.0201515446037394	2.4211159715669425e-8
0.02031667607289804	2.4211167100211486e-8
0.020483160708905313	2.421117460627958e-8
0.020651009600262577	2.421118223587372e-8
0.020820233926335713	2.421118999102685e-8
0.020990844958099723	2.4211197873805357e-8
0.0211628540588894	2.4211205886309653e-8
0.021336272685156185	2.4211214030674715e-8
0.0215111123872312	2.421122230907066e-8
0.021687384810094558	2.4211230723703324e-8
0.02186510169415094	2.421123927681485e-8
0.02204427487601156	2.4211247970684286e-8
0.022224916289282543	2.421125680762819e-8
0.022407037965359724	2.421126579000125e-8
0.022590652034229993	2.4211274920196903e-8
0.022775770725279205	2.4211284200647992e-8
0.02296240636810668	2.421129363382741e-8
0.023150571393346465	2.421130322224873e-8
0.023340278333495158	2.4211312968466917e-8
0.023531539823746703	2.4211322875078977e-8
0.023724368602833903	2.4211332944724676e-8
0.02391877751387689	2.4211343180087216e-8
0.024114779505238496	2.4211353583893977e-8
0.024312387631386694	2.4211364158917222e-8
0.024511615053764046	2.421137490797485e-8
0.024712475041664333	2.4211385833931142e-8
0.024914980973116306	2.4211396939697532e-8
0.025119146335774754	2.421140822823336e-8
0.02532498472781879	2.4211419702546698e-8
0.02553250985885757	2.421143136569512e-8
0.0257417355508434	2.4211443220786526e-8
0.025952675738992313	2.4211455270979988e-8
0.026165344472712227	2.4211467519486565e-8
0.02637975591653868	2.4211479969570174e-8
0.026595924351078236	2.421149262454847e-8
0.026813864173959638	2.4211505487793704e-8
0.027033589900792722	2.4211518562733648e-8
0.027255116166135268	2.421153185285249e-8
0.027478457724467636	2.421154536169178e-8
0.02770362945117552	2.421155909285136e-8
0.0279306463435407	2.4211573049990338e-8
0.028159523521739907	2.4211587236828036e-8
0.028390276229851887	2.4211601657145032e-8
0.02862291983687272	2.421161631478411e-8
0.02885746983773944	2.4211631213651326e-8
0.02909394185436207	2.421164635771703e-8
0.029332351636664086	2.4211661751016942e-8
0.029572715063631436	2.4211677397653208e-8
0.02981504814437013	2.4211693301795497e-8
0.030059367019172504	2.4211709467682137e-8
0.030305687960592236	2.4211725899621213e-8
0.030554027374528142	2.4211742601991738e-8
0.030804401801316893	2.4211759579244812e-8
0.03105682791683464	2.4211776835904814e-8
0.03131132253360771	2.4211794376570598e-8
0.03156790260193236	2.4211812205916732e-8
0.03182658521100374	2.4211830328694746e-8
0.03208738759005415	2.4211848749734382e-8
0.03235032710950048	2.4211867473944904e-8
0.03261542128210118	2.421188650631639e-8
0.03288268776412271	2.4211905851921083e-8
0.03315214435651548	2.4211925515914717e-8
0.03342380900609946	2.4211945503537907e-8
0.03369769980675952	2.4211965820117576e-8
0.033973835000650536	2.4211986471068302e-8
0.034252232979412406	2.4212007461893843e-8
0.03453291228539498	2.4212028798188565e-8
0.03481589161289306	2.4212050485638917e-8
0.03510118980939152	2.4212072530025002e-8
0.03538882587682059	2.4212094937222076e-8
0.0356788189728215	2.4212117713202112e-8
0.035971188412022397	2.4212140864035437e-8
0.036265953667324824	2.4212164395892305e-8
0.036563134371200665	2.4212188315044573e-8
0.03686275031699972	2.4212212627867358e-8
0.03716482146026805	2.421223734084074e-8
0.03746936792007707	2.4212262460551513e-8
0.03777640998036359	2.421228799369491e-8
0.03808596809128076	2.421231394707641e-8
0.03839806287056013	2.4212340327613548e-8
0.03871271510488487	2.421236714233777e-8
0.0390299457512743	2.4212394398396294e-8
0.0393497759384796	2.4212422103054026e-8
0.039672226968391164	2.4212450263695504e-8
0.03999732031745731	2.421247888782687e-8
0.040325077638114756	2.4212507983077852e-8
0.04065552076023069	2.421253755720383e-8
0.04098867169255678	2.421256761808789e-8
0.041324552624194995	2.4212598173742922e-8
0.04166318592607552	2.4212629232313785e-8
0.04200459415244671	2.421266080207945e-8
0.042348800042377295	2.421269289145523e-8
0.04269582652127091	2.4212725508995033e-8
0.043045696702392985	2.4212758663393616e-8
0.0433984338884102	2.4212792363488936e-8
0.04375406157294249	2.4212826618264503e-8
0.04411260344212788	2.421286143685177e-8
0.044474083376200006	2.4212896828532573e-8
0.04483852545107863	2.421293280274162e-8
0.04520595393997321	2.4212969369069004e-8
0.0455763933149996	2.421300653726277e-8
0.04594986824880996	2.4213044317231495e-8
0.04632640361623603	2.421308271904696e-8
0.04670602449594596	2.421312175294685e-8
0.04708875617211453	2.4213161429337444e-8
0.0474746241361073	2.4213201758796444e-8
0.04786365408817832	2.4213242752075767e-8
0.04825587193918192	2.421328442010443e-8
0.04865130381229847	2.4213326773991478e-8
0.04904997604477426	2.421336982502893e-8
0.04945191518967568	2.4213413584694815e-8
0.049857148017657726	2.4213458064656242e-8
0.05026570151874706	2.421350327677249e-8
0.05067760290413963	2.4213549233098212e-8
0.05109287960801304	2.4213595945886636e-8
0.05151155928935373	2.421364342759284e-8
0.05193366983379929	2.4213691690877085e-8
0.05235923935549559	2.4213740748608203e-8
0.052788296198969395	2.4213790613867028e-8
0.053220868941016165	2.42138412999499e-8
0.05365698639260341	2.4213892820372224e-8
0.05409667760078959	2.4213945188872055e-8
0.05453997185065876	2.4213998419413804e-8
0.05498689866727107	2.4214052526191966e-8
0.05543748781762925	2.4214107523634893e-8
0.05589176931266118	2.4214163426408684e-8
0.05634977340921877	2.4214220249421082e-8
0.05681153061209314	2.4214278007825466e-8
0.057277071676046384	2.4214336717024906e-8
0.05774642760785993	2.4214396392676297e-8
0.058219629668399726	2.4214457050694526e-8
0.058696709374698314	2.4214518707256732e-8
0.059177698502053996	2.4214581378806648e-8
0.05966262908614719	2.4214645082058985e-8
0.060151533425174104	2.4214709834003915e-8
0.060644444081997914	2.4214775651911605e-8
0.06114139388631768	2.4214842553336857e-8
0.06164241593685476	2.4214910556123783e-8
0.06214754360355739	2.4214979678410597e-8
0.06265681052982328	2.4215049938634473e-8
0.06317025063474031	2.4215121355536452e-8
0.06368789811534577	2.42151939481665e-8
0.06420978744890392	2.4215267735888584e-8
0.06473595339520236	2.4215342738385843e-8
0.06526643099886711	2.421541897566589e-8
0.06580125559169679	2.4215496468066153e-8
0.06634046279501578	2.421557523625931e-8
0.06688408852204676	2.4215655301258857e-8
0.06743216898030269	2.4215736684424702e-8
0.06798474067399832	2.4215819407468913e-8
0.06854184040648152	2.4215903492461513e-8
0.06910350528268457	2.4215988961836417e-8
0.06966977271159541	2.421607583839742e-8
0.07024068040874928	2.4216164145324324e-8
0.07081626639874065	2.4216253906179135e-8
0.07139656901775596	2.421634514491239e-8
0.07198162691612672	2.421643788586958e-8
0.07257147906090393	2.4216532153797662e-8
0.07316616473845337	2.4216627973851707e-8
0.07376572355707227	2.421672537160164e-8
0.07437019544962731	2.421682437303908e-8
0.07497962067621433	2.4216925004584354e-8
0.0755940398268398	2.4217027293093533e-8
0.07621349382412429	2.4217131265865672e-8
0.07683802392602801	2.4217236950650107e-8
0.0774676717285988	2.4217344375653932e-8
0.07810247916874258	2.421745356954953e-8
0.07874248852701646	2.4217564561482307e-8
0.07938774243044482	2.4217677381078477e-8
0.08003828385535845	2.421779205845304e-8
0.08069415613025688	2.4217908624217863e-8
0.08135540293869425	2.4218027109489892e-8
0.08202206832218882	2.4218147545899506e-8
0.08269419668315627	2.4218269965599026e-8
0.08337183278786699	2.4218394401271336e-8
0.08405502176942795	2.4218520886138678e-8
0.08474380913078841	2.4218649453971554e-8
0.08543824074777076	2.421878013909783e-8
0.08613836287212598	2.421891297641194e-8
0.08684422213461422	2.4219048001384272e-8
0.08755586554811053	2.421918525007071e-8
0.08827334051073613	2.421932475912232e-8
0.08899669480901527	2.4219466565795198e-8
0.08972597662105805	2.4219610707960516e-8
0.0904612345197692	2.4219757224114674e-8
0.09120251747608323	2.4219906153389694e-8
0.09194987486222611	2.422005753556372e-8
0.09270335645500362	2.4220211411071735e-8
0.09346301243911669	2.422036782101644e-8
0.09422889341050385	2.4220526807179336e-8
0.09500105037971117	2.4220688412031943e-8
0.09577953477528969	2.4220852678747272e-8
0.09656439844722083	2.422101965121142e-8
0.09735569367036968	2.4221189374035416e-8
0.09815347314796677	2.4221361892567243e-8
0.09895779001511845	2.4221537252904038e-8
0.09976869784234559	2.4221715501904534e-8
0.10058625063915173	2.422189668720169e-8
0.10141050285762046	2.4222080857215543e-8
0.10224150939604168	2.4222268061166234e-8
0.10307932560256879	2.4222458349087325e-8
0.10392400727890412	2.4222651771839294e-8
0.10477561068401657	2.4222848381123228e-8
0.10563419253788767	2.4223048229494816e-8
0.1064998100252901	2.4223251370378512e-8
0.10737252079959621	2.4223457858081977e-8
0.10825238298661749	2.4223667747810742e-8
0.1091394551884768	2.422388109568312e-8
0.1100337964875106	2.4224097958745377e-8
0.11093546645020493	2.4224318394987145e-8
0.11184452513116187	2.42245424633571e-8
0.11276103307710034	2.4224770223778914e-8
0.11368505133088776	2.422500173716744e-8
0.11461664143560671	2.4225237065445213e-8
0.115555865438653	2.4225476271559196e-8
0.11650278589586913	2.422571941949782e-8
0.1174574658757099	2.422596657430832e-8
0.11841996896344388	2.422621780211434e-8
0.1193903592653875	2.422647317013384e-8
0.12036870141317572	2.4226732746697335e-8
0.12135506056806582	2.4226996601266382e-8
0.12234950242527826	2.4227264804452443e-8
0.12335209321837134	2.4227537428036015e-8
0.12436289972365344	2.4227814544986114e-8
0.12538198926463018	2.422809622948007e-8
0.12640942971648805	2.4228382556923663e-8
0.12744528951061607	2.42286736039716e-8
0.1284896376391625	2.4228969448548324e-8
0.12954254365963105	2.4229270169869207e-8
0.1306040776995126	2.4229575848462053e-8
0.13167431046095707	2.422988656618902e-8
0.13275331322548128	2.423020240626886e-8
0.1338411578587177	2.4230523453299555e-8
0.13493791681519993	2.4230849793281363e-8
0.13604366314318944	2.4231181513640232e-8
0.13715847048953989	2.423151870325156e-8
0.13828241310460315	2.423186145246447e-8
0.1394155658471739	2.4232209853126402e-8
0.14055800418947628	2.4232563998608146e-8
0.14170980422218973	2.4232923983829325e-8
0.1428710426595179	2.423328990528429e-8
0.14404179684429705	2.423366186106844e-8
0.1452221447531485	2.4234039950905034e-8
0.14641216500167104	2.4234424276172412e-8
0.14761193684967794	2.4234814939931698e-8
0.14882154020647562	2.423521204695499e-8
0.15004105563618544	2.4235615703753998e-8
0.15127056436311054	2.4236026018609206e-8
0.15251014827714462	2.4236443101599486e-8
0.15375988993922723	2.4236867064632275e-8
0.15501987258684136	2.4237298021474207e-8
0.15629018013955878	2.4237736087782316e-8
0.157570897204628	2.4238181381135742e-8
0.15886210908261073	2.4238634021067994e-8
0.16016390177306197	2.4239094129099755e-8
0.1614763619802592	2.423956182877226e-8
0.16279957711897583	2.4240037245681247e-8
0.16413363532030473	2.4240520507511465e-8
0.16547862543752678	2.424101174407179e-8
0.16683463705203014	2.424151108733098e-8
0.16820176047927535	2.4242018671453965e-8
0.16958008677481204	2.4242534632838837e-8
0.1709697077403422	2.4243059110154418e-8
0.1723707159298358	2.424359224437852e-8
0.1737832046556946	2.424413417883684e-8
0.1752072679949666	2.4244685059242525e-8
0.17664300079561326	2.424524503373642e-8
0.17809049868282514	2.4245814252928033e-8
0.1795498580653925	2.424639286993716e-8
0.18102117614212496	2.4246981040436277e-8
0.1825045509083267	2.424757892269365e-8
0.18400008116232203	2.4248186677617176e-8
0.18550786651203696	2.4248804468799002e-8
0.18702800738163222	2.4249432462560894e-8
0.1885606050181932	2.4250070828000446e-8
0.19010576149847197	2.425071973703802e-8
0.19166357973568748	2.425137936446455e-8
0.1932341634863784	2.4252049887990177e-8
0.19481761735731531	2.4252731488293695e-8
0.19641404681246624	2.4253424349072894e-8
0.19802355818002268	2.425412865709578e-8
0.19964625865947966	2.425484460225266e-8
0.20128225632877725	2.4255572377609165e-8
0.2029316601514982	2.4256312179460198e-8
0.20459457998412475	2.4257064207384805e-8
0.20627112658335697	2.4257828664302016e-8
0.20796141161348788	2.4258605756527707e-8
0.20966554765384232	2.4259395693832384e-8
0.2113836482062736	2.426019868950005e-8
0.21311582770272472	2.4261014960388067e-8
0.21486220151284835	2.426184472698809e-8
0.21662288595169255	2.426268821348808e-8
0.2183979982874461	2.426354564783537e-8
0.22018765674925067	2.4264417261800942e-8
0.22199198053507369	2.4265303291044703e-8
0.22381108981964898	2.426620397518204e-8
0.22564510576247923	2.426711955785148e-8
0.22749415051590738	2.4268050286783613e-8
0.2293583472332506	2.4268996413871137e-8
0.23123782007700466	2.4269958195240275e-8
0.23313269422711172	2.4270935891323382e-8
0.23504309588929964	2.4271929766932857e-8
0.23696915230348592	2.42729400913364e-8
0.23891099175225397	2.4273967138333585e-8
0.24086874356939653	2.4275011186333846e-8
0.24284253814852907	2.4276072518435788e-8
0.2448325069517761	2.4277151422508e-8
0.24683878251852523	2.4278248191271276e-8
0.24886149847425665	2.4279363122382323e-8
0.2509007895394411	2.428049651851896e-8
0.25295679153851497	2.42816486874669e-8
0.25502964140892426	2.4282819942208062e-8
0.2571194772102477	2.4284010601010475e-8
0.25922643813338947	2.428522098751984e-8
0.2613506645098523	2.428645143085272e-8
0.26349229782108186	2.4287702265691478e-8
0.26565148070789196	2.428897383238086e-8
0.26782835697996293	2.4290266477026397e-8
0.270023071625422	2.4291580551594614e-8
0.272235770820498	2.4292916414015008e-8
0.27446660193925926	2.429427442828395e-8
0.2767157135634271	2.4295654964570455e-8
0.278983255492274	2.4297058399323927e-8
0.2812693787525999	2.4298485115383863e-8
0.28357423560879014	2.4299935502091586e-8
0.2858979795729591	2.4301409955404015e-8
0.28824076541517224	2.4302908878009607e-8
0.2906027491737566	2.4304432679446343e-8
0.2929840881656915	2.4305981776222002e-8
0.2953849409970884	2.4307556591936603e-8
0.2978054675737526	2.4309157557407163e-8
0.3002458291118358	2.431078511079476e-8
0.30270618814857125	2.431243969773397e-8
0.3051867085531021	2.4314121771464755e-8
0.3076875555373928	2.4315831792966775e-8
0.31020889566723553	2.4317570231096265e-8
0.3127508968733417	2.4319337562725484e-8
0.31531372846252903	2.4321134272884763e-8
0.31789756112899575	2.4322960854907266e-8
0.32050256696569185	2.432481781057648e-8
0.32312891947577865	2.4326705650276516e-8
0.325776793584187	2.4328624893145237e-8
0.3284463656492667	2.433057606723035e-8
0.3311378134745323	2.4332559709648417e-8
0.333851316320507	2.433457636674697e-8
0.33658705491666	2.4336626594269685e-8
0.33934521147344615	2.4338710957524756e-8
0.3421259696944392	2.4340830031556505e-8
0.34492951478857	2.4342984401320296e-8
0.3477560334824591	2.4345174661860834e-8
0.3506057140328566	2.434740141849392e-8
0.3534787462391776	2.4349665286991765e-8
0.3563753214561464	2.435196689377185e-8
0.35929563260653896	2.435430687608952e-8
0.3622398741940347	2.4356685882234363e-8
0.36520824231616855	2.435910457173036e-8
0.3682009346773947	2.436156361554008e-8
0.3712181506022512	2.4364063696272778e-8
0.3742600910486393	2.4366605508396714e-8
0.3773269586212042	2.4369189758455617e-8
0.3804189575848332	2.4371817165289436e-8
0.38353629387825666	2.4374488460259566e-8
0.38667917512776745	2.4377204387478427e-8
0.38984781066104834	2.4379965704043813e-8
0.3930424115211129	2.438277318027779e-8
0.39626319048036435	2.4385627599970468e-8
0.399510362054764	2.438852976062873e-8
0.40278414251812195	2.43914804737299e-8
0.40608474991649846	2.4394480564980625e-8
0.40941240408273005	2.4397530874580993e-8
0.41276732665106775	2.440063225749406e-8
0.416149741071942	2.4403785583720866e-8
0.4195598726268424	2.4406991738581117e-8
0.42299794844332506	2.4410251622999617e-8
0.4264641975101371	2.4413566153798644e-8
0.42995885069247164	2.4416936263996352e-8
0.43348214074734065	2.442036290311136e-8
0.437034302339081	2.4423847037473732e-8
0.44061557205498053	2.442738965054239e-8
0.444226188421039	2.443099174322923e-8
0.4478663919178515	2.4434654334230008e-8
0.4515364249966283	2.443837846036226e-8
0.4552365320953419	2.44421651769103e-8
0.45896695965500567	2.4446015557977588e-8
0.46272795613609163	2.4449930696846592e-8
0.4665197720350746	2.4453911706346313e-8
0.4703426599011202	2.4457959719227756e-8
0.47419687435290164	2.4462075888547344e-8
0.47808267209556227	2.4466261388058774e-8
0.4820003119378091	2.4470517412613207e-8
0.48595005480915454	2.4474845178568246e-8
0.48993216377729104	2.4479245924205794e-8
0.49394690406561653	2.4483720910159053e-8
0.4979945430708954	2.4488271419848925e-8
0.502075350381072	2.4492898759929982e-8
0.506189597793222	2.449760426074636e-8
0.5103375593316597	2.4502389276797706e-8
0.5145195112661843	2.4507255187215557e-8
0.5187357321304852	2.4512203396250347e-8
0.5229865027406889	2.451723533376935e-8
0.5272721062140663	2.4522352455765833e-8
0.5315928279878875	2.452755624487973e-8
0.5359489558384316	2.453284821093014e-8
0.5403407799001576	2.4538229891459956e-8
0.5447685926850235	2.4543702852292935e-8
0.5492326891019739	2.4549268688103612e-8
0.553733366476577	2.455492902300028e-8
0.5582709245708323	2.4560685511121567e-8
0.5628456656031312	2.456653983724677e-8
0.5674578942683908	2.4572493717420516e-8
0.5721079177583427	2.4578548899592036e-8
0.5767960457819982	2.4584707164269478e-8
0.5815225905862706	2.4590970325189655e-8
0.586287866976778	2.459734023000377e-8
0.5910921923388047	2.4603818760979374e-8
0.5959358866584452	2.46104078357192e-8
0.6008192725439122	2.4617109407897245e-8
0.6057426752470281	2.4623925468012615e-8
0.6107064226848825	2.463085804416166e-8
0.6157108454616788	2.46379092028289e-8
0.6207562768907476	2.464508104969731e-8
0.6258430530167519	2.4652375730478463e-8
0.6309715126380663	2.4659795431763227e-8
0.6361419973293406	2.466734238189352e-8
0.641354851464255	2.4675018851855738e-8
0.6466104222384503	2.4682827156196586e-8
0.6519090596926591	2.4690769653961893e-8
0.6572511167360132	2.469884874965914e-8
0.662636949169555	2.4707066894244412e-8
0.668066915709929	2.471542658613446e-8
0.6735413780132802	2.4723930372244753e-8
0.6790607006993349	2.4732580849054175e-8
0.6846252513756923	2.474138066369725e-8
0.6902354006623027	2.4750332515084798e-8
0.6958915222161575	2.4759439155053773e-8
0.701593992756171	2.4768703389547305e-8
0.7073431920882763	2.4778128079825857e-8
0.7131395031307172	2.4787716143710424e-8
0.7189833119395562	2.47974705568589e-8
0.7248750077343831	2.4807394354076532e-8
0.7308149829242423	2.4817490630661683e-8
0.7368036331337673	2.4827762543787905e-8
0.742841357229528	2.4838213313923637e-8
0.7489285573466028	2.4848846226290626e-8
0.755065638915355	2.4859664632362394e-8
0.7612530106884434	2.4870671951404098e-8
0.7674910847680397	2.4881871672055057e-8
0.7737802766332824	2.4893267353955444e-8
0.7801210051679435	2.4904862629418575e-8
0.7865136926883335	2.4916661205150363e-8
0.7929587649714231	2.4928666864017434e-8
0.799456651283208	2.4940883466865728e-8
0.8060077844072931	2.4953314954391094e-8
0.8126126006737241	2.496596534906384e-8
0.8192715399880418	2.497883875710901e-8
0.8259850458605889	2.4991939370544324e-8
0.8327535654360415	2.5005271469277817e-8
0.8395775495231989	2.501883942326728e-8
0.8464574526250009	2.5032647694743626e-8
0.8533937329688074	2.504670084050053e-8
0.8603868525369103	2.5061003514252614e-8
0.8674372770973098	2.5075560469064738e-8
0.8745454762347337	2.509037655985488e-8
0.8817119233819105	2.5105456745973316e-8
0.8889370958511087	2.512080609386089e-8
0.8962214748659194	2.5136429779789257e-8
0.9035655455933157	2.515233309268613e-8
0.9109697971759589	2.516852143704874e-8
0.9184347227647851	2.5185000335948706e-8
0.9259608195518426	2.520177543413188e-8
0.9335485888034151	2.5218852501216634e-8
0.9411985358933999	2.523623743499445e-8
0.9489111703369754	2.525393626483665e-8
0.9566870058245293	2.527195515521139e-8
0.9645265602558795	2.5290300409315218e-8
0.9724303557747609	2.5308978472823573e-8
0.9803989188036097	2.5327995937765057e-8
0.9884327800786176	2.5347359546524177e-8
0.9965324746850878	2.5367076195977834e-8
1.004698542093067	2.5387152941770796e-8
1.012931526193282	2.5407597002735816e-8
1.0212319753333632	2.5428415765464195e-8
1.0296004423543614	2.5449616789033037e-8
1.0380374846275788	2.547120780989547e-8
1.0465436640916816	2.549319674694071e-8
1.0551195472901373	2.5515591706730973e-8
1.0637657054089387	2.5538400988922595e-8
1.0724827143146567	2.556163309187924e-8
1.0812711545927856	2.5585296718485185e-8
1.090131611586422	2.560940078216743e-8
1.0990646754352411	2.5633954413135392e-8
1.108070941114812	2.565896696484781e-8
1.1171510084762153	2.568444802071659e-8
1.1263054822860052	2.5710407401058153e-8
1.1355349722664803	2.573685517030309e-8
1.1448400931363019	2.5763801644475713e-8
1.1542214646514273	2.579125739895556e-8
1.1636797116463982	2.5819233276533638e-8
1.1732154640759467	2.584774039577671e-8
1.182829357056961	2.5876790159713833e-8
1.1925220309107833	2.590639426486001e-8
1.202294131205854	2.5936564710592515e-8
1.2121463088007172	2.596731380889662e-8
1.2220792198873607	2.5998654194497878e-8
1.2320935260349308	2.603059883539961e-8
1.242189894233785	2.606316104384477e-8
1.2523689969399265	2.6096354487722876e-8
1.262631512119782	2.6130193202443454e-8
1.2729781232953672	2.6164691603299042e-8
1.2834095195898008	2.619986449834178e-8
1.2939263957732143	2.6235727101799278e-8
1.3045294523090152	2.6272295048056768e-8
1.315219395400551	2.6309584406234154e-8
1.3259969370381344	2.6347611695388408e-8
1.3368627950464753	2.6386393900373357e-8
1.3478176931324797	2.6425948488390937e-8
1.3588623609334627	2.6466293426270235e-8
1.369997534065733	2.6507447198512376e-8
1.3812239541736004	2.6549428826142328e-8
1.3925423689787593	2.6592257886410516e-8
1.4039535323301002	2.6635954533390553e-8
1.4154582042539152	2.6680539519521704e-8
1.427057151004514	2.6726034218148202e-8
1.4387511451152684	2.677246064711077e-8
1.450540965450056	2.6819841493449215e-8
1.462427397255146	2.6868200139278988e-8
1.474411232211488	2.691756068890861e-8
1.4864932684874528	2.6967947997269484e-8
1.4986743107919815	2.7019387699734225e-8
1.5109551704281947	2.7071906243405223e-8
1.5233366653474147	2.712553091996013e-8
1.5358196202036585	2.718028990014778e-8
1.5484048664085484	2.7236212270033824e-8
1.5610932421867012	2.7293328069103095e-8
1.5738855926315432	2.7351668330332747e-8
1.5867827697616106	2.7411265122359003e-8
1.5997856325772837	2.7472151593868863e-8
1.6128950471180117	2.7534362020358228e-8
1.6261118865199826	2.7597931853408003e-8
1.6394370310742878	2.766289777264165e-8
1.6528713682855485	2.772929774053964e-8
1.6664157929310213	2.779717106030014e-8
1.6800712071202053	2.7866558436949842e-8
1.6938385203549136	2.7937502041924827e-8
1.7077186495898615	2.8010045581359153e-8
1.7217125192937273	2.808423436833755e-8
1.7358210615107375	2.816011539939009e-8
1.7500452159227309	2.8237737435528886e-8
1.76438592991176	2.831715108815273e-8
1.7788441586231751	2.8398408910172284e-8
1.793420865029255	2.848156549273922e-8
1.8081170199933299	2.856667756799544e-8
1.8229336023344602	2.8653804118295407e-8
1.837871598892613	2.8743006492394083e-8
1.8529320045944064	2.883434852913829e-8
1.8681158225193581	2.8927896689247136e-8
1.883424063966711	2.9023720195822105e-8
1.8988577485227738	2.9121891184286665e-8
1.9144179041288425	2.9222484862521978e-8
1.9301055671496592	2.932557968203865e-8
1.945921782442433	2.9431257521106415e-8
1.961867603426444	2.9539603880854898e-8
1.97794409215319	2.965070809545961e-8
1.994152319377138	2.9764663557641445e-8
2.0104933646270258	2.9881567960833756e-8
2.026968316277778	3.000152355951392e-8
2.0435782716229793	3.0124637449354625e-8
2.060324336947976	3.025102186902972e-8
2.0772076276035403	3.038079452571013e-8
2.0942292680801757	3.051407894651292e-8
2.1113903920829933	3.065100485842237e-8
2.12869214260724	3.079170859949306e-8
2.146135672014407	3.0936333564472924e-8
2.1637221421090005	3.108503068835962e-8
2.1814527242159034	3.123795897182819e-8
2.1993285992584086	3.139528605295524e-8
2.2173509578368544	3.1557188830219816e-8
2.235521000307941	3.1723854142399566e-8
2.2538399368646616	3.1895479511712237e-8
2.27230898761692	3.2072273957397504e-8
2.290929382672789	3.225445888790784e-8
2.309702362220433	3.2442269081006535e-8
2.328629176610725	3.263595376238183e-8
2.3477110864405066	3.2835777794912034e-8
2.3669493626365674	3.304202299250118e-8
2.3863452865402732	3.325498957449241e-8
2.4059001499929287	3.3474997779124704e-8
2.425615255421799	3.3702389657393435e-8
2.4454919159268758	3.3937531072105865e-8
2.4655314553683154	3.418081393099415e-8
2.4857352084546314	3.443265868760659e-8
2.5061045208315735	3.4693517149510336e-8
2.526640749171771	3.496387564032942e-8
2.547345261265071	3.524425857057836e-8
2.5682194361096617	3.5535232482487365e-8
2.589264664003897	3.583741064648385e-8
2.6104823466389147	3.615145830227056e-8
2.631873897191976	3.64780986562422e-8
2.653440740420604	3.681811977026317e-8
2.675184312757475	3.717238250581422e-8
2.6971060624060743	3.7541829723834e-8
2.7192074494371794	3.792749698638039e-8
2.7414899458860784	3.833052506438717e-8
2.763955035850638	3.875217463017419e-8
2.7866042155901267	3.9193843609242496e-8
2.8094389936248936	3.9657087790495424e-8
2.832460890836819	4.0143645457402346e-8
2.855671440570635	4.065546701886135e-8
2.8790721887360275	4.11947509076081e-8
2.9026646939106224	4.176398740472424e-8
2.92645052744377	4.2366012583011316e-8
2.950431273561228	4.3004075301696665e-8
2.97460852947065	4.368192122322447e-8
2.998983905467991	4.44038993020983e-8
3.023559025044737	4.517509833753988e-8
3.0483355249960553	4.6001524338538314e-8
3.073315055529791	4.689033419466858e-8
3.0984992803763967	4.785014843402715e-8
3.123889876899734	4.8891477317471106e-8
3.149488536208783	5.002731305862465e-8
3.1752969632702985	5.1273971864354824e-8
3.2013168770223426	5.265232283341978e-8
3.227550010488796	5.4189636586891865e-8
3.2539981108947607	5.5922466903593426e-8
3.280662939782955	5.790133742965587e-8
3.3075462731310155	6.019876787077308e-8
3.334649901469808	6.292393045464807e-8
3.3619756300026573	6.625170871320339e-8
3.3895252787256096	7.048699660659075e-8
3.4173006825486207	7.623088427981917e-8
3.445303691417797	8.492753655143167e-8
3.4735361704385816	1.0169818689926223e-7
3.474	10000 #Josu