0.001	6.337882745699568e-6
0.0010081944819816933	6.33788275045977e-6
0.001016456113498336	6.3378827552983065e-6
0.00102478544480558	6.337882760216466e-6
0.0010331830306681419	6.33788276521556e-6
0.0010416494303967434	6.33788277029692e-6
0.0010501852078853716	6.337882775461899e-6
0.001058790931648829	6.337882780711873e-6
0.0010674671748606068	6.337882786048242e-6
0.001076214515391051	6.337882791472427e-6
0.001085033535845861	6.337882796985872e-6
0.0010939248236048829	6.337882802590048e-6
0.0011028889708612412	6.337882808286447e-6
0.001111926574660772	6.337882814076586e-6
0.0011210382369417967	6.337882819962008e-6
0.0011302245645752054	6.337882825944281e-6
0.0011394861694048852	6.337882832024999e-6
0.0011488236682884623	6.337882838205782e-6
0.001158237683138396	6.337882844488276e-6
0.0011677288409633918	6.3378828508741585e-6
0.0011772977739101713	6.337882857365126e-6
0.0011869451193055657	6.33788286396291e-6
0.001196671519698974	6.337882870669266e-6
0.001206477622905154	6.337882877485984e-6
0.0012163640820473665	6.3378828844148785e-6
0.0012263315556008837	6.337882891457797e-6
0.001236380707436837	6.337882898616613e-6
0.0012465122068664428	6.337882905893235e-6
0.0012567267286855705	6.337882913289603e-6
0.0012670249532196981	6.337882920807686e-6
0.0012774075663692127	6.337882928449488e-6
0.0012878752596551053	6.3378829362170436e-6
0.0012984287302650176	6.337882944112422e-6
0.0013090686810996886	6.337882952137731e-6
0.0013197958208197589	6.337882960295104e-6
0.001330610863892982	6.337882968586715e-6
0.0013415145306417983	6.337882977014773e-6
0.0013525075472913236	6.337882985581526e-6
0.0013635906460177066	6.337882994289252e-6
0.0013747645649969042	6.3378830031402765e-6
0.0013860300484538433	6.337883012136952e-6
0.0013973878467119837	6.337883021281679e-6
0.0014088387162433037	6.337883030576892e-6
0.0014203834197186714	6.337883040025069e-6
0.0014320227260586533	6.337883049628725e-6
0.0014437574104847163	6.337883059390421e-6
0.001455588254570871	6.337883069312756e-6
0.0014675160462957165	6.337883079398374e-6
0.001479541580094934	6.337883089649963e-6
0.0014916656569141879	6.337883100070252e-6
0.0015038890842624835	6.3378831106620205e-6
0.0015162126762659376	6.337883121428087e-6
0.0015286372537220154	6.337883132371321e-6
0.0015411636441541856	6.3378831434946396e-6
0.0015537926818670494	6.337883154801003e-6
0.001566525208001896	6.337883166293425e-6
0.0015793620705927373	6.33788317797497e-6
0.0015923041246227792	6.3378831898487455e-6
0.0016053522320813782	6.337883201917919e-6
0.0016185072620214403	6.337883214185703e-6
0.0016317700906173147	6.337883226655368e-6
0.0016451416012231458	6.337883239330236e-6
0.0016586226844317032	6.33788325221368e-6
0.001672214238133708	6.337883265309138e-6
0.0016859171675776257	6.337883278620097e-6
0.0016997323854299699	6.337883292150102e-6
0.0017136608118360763	6.3378833059027565e-6
0.0017277033744814026	6.337883319881728e-6
0.001741861008653301	6.337883334090739e-6
0.0017561346573033267	6.337883348533576e-6
0.001770525271110026	6.337883363214084e-6
0.0017850338085422714	6.337883378136177e-6
0.0017996612359230844	6.337883393303831e-6
0.0018144085274940098	6.337883408721084e-6
0.0018292766654799902	6.337883424392047e-6
0.0018442666401547998	6.337883440320891e-6
0.0018593794499069864	6.337883456511864e-6
0.00187461610130638	6.337883472969275e-6
0.0018899776091711293	6.3378834896975135e-6
0.0019054649966352877	6.3378835067010324e-6
0.0019210792952169629	6.337883523984365e-6
0.0019368215448870222	6.337883541552112e-6
0.0019526927941383564	6.337883559408958e-6
0.0019686941000557055	6.337883577559658e-6
0.00198482652838608	6.337883596009047e-6
0.0020010911536097265	6.3378836147620425e-6
0.0020174890590117095	6.337883633823639e-6
0.0020340213367540444	6.337883653198915e-6
0.002050689087948457	6.3378836728930344e-6
0.0020674934227297055	6.337883692911242e-6
0.0020844354603295357	6.337883713258871e-6
0.0021015163291512088	6.3378837339413425e-6
0.0021187371668446747	6.337883754964168e-6
0.002136099120382327	6.337883776332948e-6
0.0021536033461354133	6.337883798053375e-6
0.0021712510099510343	6.337883820131236e-6
0.0021890432872298136	6.3378838425724125e-6
0.002206981363004165	6.3378838653828845e-6
0.0022250664320172357	6.3378838885687275e-6
0.002243299698802474	6.337883912136121e-6
0.002261682377763851	6.337883936091341e-6
0.00228021569325675	6.337883960440771e-6
0.002298900879669517	6.337883985190899e-6
0.00231773918150567	6.337884010348318e-6
0.002336731853466783	6.33788403591973e-6
0.0023558801605360674	6.337884061911949e-6
0.002375185378062609	6.337884088331899e-6
0.002394648791846327	6.3378841151866174e-6
0.002414271698223595	6.337884142483263e-6
0.002434055404153603	6.337884170229104e-6
0.0024540012273053828	6.337884198431534e-6
0.0024741104961455928	6.337884227098068e-6
0.002494384550026976	6.33788425623634e-6
0.002514824739277589	6.337884285854117e-6
0.0025354324252907156	6.337884315959287e-6
0.002556208980615564	6.337884346559871e-6
0.0025771557890486604	6.337884377664022e-6
0.002598274245726039	6.337884409280028e-6
0.002619565757216139	6.337884441416309e-6
0.0026410317416135074	6.33788447408143e-6
0.0026626736286332418	6.337884507284092e-6
0.002684492859706207	6.3378845410331415e-6
0.0027064908880750564	6.3378845753375684e-6
0.002728669178891005	6.337884610206515e-6
0.002751029209311432	6.3378846456492686e-6
0.0027735724685982463	6.337884681675271e-6
0.0027963004582170978	6.337884718294125e-6
0.0028192146919373585	6.337884755515582e-6
0.002842316695932967	6.3378847933495605e-6
0.002865608008884056	6.337884831806138e-6
0.0028890901820794552	6.337884870895563e-6
0.0029127647795199924	6.337884910628248e-6
0.0029366333780226827	6.33788495101478e-6
0.002960697567325729	6.337884992065919e-6
0.002984958950194426	6.337885033792599e-6
0.003009419142527888	6.337885076205939e-6
0.003034079773466696	6.337885119317238e-6
0.003058942485501392	6.337885163137983e-6
0.0030840089345818725	6.3378852076798474e-6
0.003109280790227685	6.3378852529546995e-6
0.0031347597356392305	6.337885298974599e-6
0.003160447467809867	6.337885345751807e-6
0.0031863456976389264	6.33788539329879e-6
0.0032124561500456745	6.337885441628211e-6
0.0032387805640842035	6.337885490752946e-6
0.0032653206930592536	6.337885540686086e-6
0.003292078304642978	6.3378855914409305e-6
0.0033190551809927013	6.337885643031005e-6
0.003346253118869592	6.337885695470052e-6
0.0033736739297583573	6.337885748772042e-6
0.0034013194399878707	6.337885802951178e-6
0.003429191490852838	6.3378858580218925e-6
0.0034572919387364075	6.337885913998858e-6
0.0034856226552338362	6.337885970896988e-6
0.0035141855272771355	6.3378860287314405e-6
0.003542982457260739	6.337886087517625e-6
0.0035720153631682177	6.337886147271204e-6
0.0036012861787000313	6.337886208008095e-6
0.003630796853402313	6.33788626974448e-6
0.003660549352796711	6.337886332496809e-6
0.0036905456585113027	6.337886396281798e-6
0.00372078776841259	6.337886461116441e-6
0.0037512776967385556	6.337886527018012e-6
0.003782017474232808	6.3378865940040685e-6
0.0038130091482798615	6.337886662092456e-6
0.0038442547830414724	6.337886731301316e-6
0.003875756459594148	6.337886801649086e-6
0.003907516276067724	6.33788687315451e-6
0.003939536347785138	6.337886945836637e-6
0.003971818807403289	6.337887019714831e-6
0.00400436580505511	6.337887094808775e-6
0.004037179508492743	6.337887171138474e-6
0.004070262103231952	6.337887248724267e-6
0.0041036157926976555	6.337887327586822e-6
0.004137242798370708	6.3378874077471505e-6
0.004171145359935852	6.33788748922661e-6
0.004205325735430874	6.3378875720469054e-6
0.004239786201397013	6.337887656230104e-6
0.004274529053030594	6.337887741798634e-6
0.004309556604335882	6.337887828775292e-6
0.004344871188279204	6.337887917183249e-6
0.004380475156944336	6.337888007046062e-6
0.0044163708816891715	6.33788809838767e-6
0.0044525607533036525	6.33788819123241e-6
0.004489047182168995	6.337888285605015e-6
0.004525832598418254	6.33788838153063e-6
0.004562919452098153	6.3378884790348115e-6
0.0046003102133322935	6.3378885781435354e-6
0.004638007372485644	6.337888678883207e-6
0.004676013440330444	6.3378887812806675e-6
0.004714330948213387	6.337888885363195e-6
0.004752962448224265	6.337888991158521e-6
0.004791910513365904	6.33788909869483e-6
0.004831177737725572	6.337889208000774e-6
0.004870766736647722	6.337889319105473e-6
0.004910680146908214	6.337889432038528e-6
0.004950920626889917	6.337889546830026e-6
0.004991490856759765	6.337889663510551e-6
0.00503239353864727	6.3378897821111895e-6
0.005073631396824505	6.3378899026635384e-6
0.005115207177887542	6.337890025199715e-6
0.005157123650939375	6.3378901497523665e-6
0.005199383607774361	6.337890276354678e-6
0.00524198986306418	6.337890405040374e-6
0.005284945254545284	6.337890535843745e-6
0.005328252643207891	6.337890668799636e-6
0.005371914913486573	6.337890803943472e-6
0.005415934973452328	6.337890941311256e-6
0.005460315755006311	6.337891080939587e-6
0.005505060214075067	6.337891222865665e-6
0.005550171330807447	6.337891367127301e-6
0.005595652109773059	6.337891513762931e-6
0.005641505580162419	6.3378916628116206e-6
0.005687734795988688	6.337891814313081e-6
0.005734342836291073	6.337891968307676e-6
0.005781332805339912	6.3378921248364295e-6
0.0058287078328434425	6.3378922839410485e-6
0.005876471074156239	6.33789244566392e-6
0.00592462571048936	6.337892610048131e-6
0.005973174949122242	6.337892777137478e-6
0.0060221220236163255	6.337892946976476e-6
0.006071470194030414	6.337893119610373e-6
0.006121222747137785	6.337893295085165e-6
0.006171382996645143	6.3378934734476e-6
0.00622195428341328	6.337893654745201e-6
0.006272939975679635	6.337893839026266e-6
0.0063243434692825855	6.337894026339894e-6
0.006376168187887668	6.33789421673599e-6
0.00642841758321556	6.337894410265276e-6
0.006481095135272026	6.3378946069793175e-6
0.006534204352579653	6.337894806930522e-6
0.006587748772411576	6.33789501017216e-6
0.006641731961027025	6.337895216758381e-6
0.006696157513908897	6.3378954267442235e-6
0.00675102905600321	6.3378956401856325e-6
0.006806350241960524	6.337895857139474e-6
0.0068621247563793635	6.33789607766355e-6
0.0069183563140516454	6.3378963018166125e-6
0.006975048660210083	6.337896529658382e-6
0.007032205570777615	6.337896761249559e-6
0.007089830852618916	6.337896996651847e-6
0.007147928343793955	6.337897235927963e-6
0.0072065019138136165	6.337897479141653e-6
0.0072655554638974005	6.337897726357717e-6
0.007325092927233308	6.337897977642018e-6
0.007385118269239751	6.337898233061507e-6
0.0074456354878297175	6.337898492684229e-6
0.007506648613676994	6.337898756579359e-6
0.007568161710484681	6.3378990248172e-6
0.007630178875255789	6.33789929746922e-6
0.007692704238566177	6.3378995746080615e-6
0.007755741964839603	6.337899856307557e-6
0.007819296252625152	6.33790014264276e-6
0.00788337133487681	6.3379004336899576e-6
0.007947971479235457	6.337900729526692e-6
0.008013100988313072	6.337901030231782e-6
0.008078764199979301	6.33790133588534e-6
0.008144965487650379	6.337901646568803e-6
0.008211709260580444	6.337901962364942e-6
0.008278999964155183	6.337902283357896e-6
0.0083468420801879	6.337902609633181e-6
0.008415240127218039	6.33790294127773e-6
0.00848419866081215	6.337903278379899e-6
0.008553722273867291	6.3379036210295e-6
0.008623815596916905	6.337903969317824e-6
0.008694483298439295	6.337904323337664e-6
0.00876573008516849	6.337904683183341e-6
0.008837560702407798	6.337905048950725e-6
0.008909979934345799	6.337905420737268e-6
0.008982992604375054	6.337905798642022e-6
0.00905660357541329	6.3379061827656726e-6
0.009130817750227354	6.337906573210557e-6
0.009205640071759726	6.337906970080703e-6
0.009281075523457725	6.337907373481846e-6
0.009357129129605433	6.337907783521464e-6
0.009433805955658363	6.3379082003087994e-6
0.009511111108580805	6.337908623954899e-6
0.009589049737185964	6.337909054572631e-6
0.009667627032478894	6.337909492276726e-6
0.009746848228002274	6.337909937183797e-6
0.009826718600184949	6.33791038941238e-6
0.009907243468693334	6.337910849082963e-6
0.0099884281967858	6.337911316318015e-6
0.010070278191669804	6.337911791242017e-6
0.010152798904862086	6.337912273981506e-6
0.010235995832551739	6.337912764665094e-6
0.010319874515966273	6.337913263423515e-6
0.010404440541740698	6.337913770389651e-6
0.010489699542289599	6.337914285698571e-6
0.010575657196182272	6.3379148094875705e-6
0.010662319228520957	6.337915341896201e-6
0.01074969141132214	6.337915883066309e-6
0.010837779563900989	6.337916433142081e-6
0.010926589553258944	6.337916992270071e-6
0.011016127294474489	6.33791756059925e-6
0.011106398751097105	6.337918138281035e-6
0.011197409935544477	6.337918725469336e-6
0.011289166909502936	6.3379193223206e-6
0.011381675784331191	6.337919928993846e-6
0.011474942721467374	6.337920545650708e-6
0.011568973932839408	6.3379211724554836e-6
0.011663775681278745	6.337921809575172e-6
0.011759354280937502	6.337922457179521e-6
0.011855716097709	6.337923115441073e-6
0.011952867549651752	6.337923784535209e-6
0.012050815107416946	6.337924464640195e-6
0.012149565294679391	6.337925155937233e-6
0.012249124688572054	6.337925858610509e-6
0.01234949992012408	6.337926572847232e-6
0.012450697674702464	6.3379272988377025e-6
0.01255272469245733	6.337928036775345e-6
0.012655587768770836	6.3379287868567695e-6
0.012759293754709774	6.337929549281824e-6
0.01286384955748188	6.33793032425364e-6
0.012969262140895886	6.337931111978699e-6
0.01307553852582532	6.337931912666876e-6
0.01318268579067614	6.337932726531501e-6
0.013290711071858167	6.3379335537894135e-6
0.013399621564260406	6.337934394661024e-6
0.013509424521730255	6.3379352493703704e-6
0.013620127257556626	6.3379361181451745e-6
0.01373173714495705	6.33793700121691e-6
0.013844261617568757	6.337937898820854e-6
0.013957708169943779	6.337938811196164e-6
0.014072084358048123	6.337939738585925e-6
0.014187397799765017	6.337940681237231e-6
0.014303656175402314	6.337941639401234e-6
0.01442086722820399	6.337942613333226e-6
0.014539038764865907	6.337943603292697e-6
0.014658178656055749	6.337944609543408e-6
0.014778294836937248	6.337945632353461e-6
0.014899395307698689	6.3379466719953725e-6
0.015021488134085758	6.337947728746139e-6
0.015144581447938751	6.337948802887322e-6
0.01526868344773418	6.337949894705112e-6
0.015393802399130824	6.337951004490409e-6
0.015519946635520256	6.3379521325389075e-6
0.015647124558581877	6.3379532791511595e-6
0.015775344638842496	6.337954444632668e-6
0.0159046154162405	6.337955629293966e-6
0.01603494550069465	6.337956833450693e-6
0.016166343572677537	6.337958057423684e-6
0.016298818383793715	6.337959301539056e-6
0.01643237875736261	6.337960566128292e-6
0.01656703358900619	6.337961851528332e-6
0.016702791847241407	6.337963158081658e-6
0.01683966257407761	6.337964486136394e-6
0.01697765488561869	6.337965836046386e-6
0.01711677797267031	6.3379672081713105e-6
0.01725704110135201	6.337968602876761e-6
0.01739845361371439	6.337970020534347e-6
0.017541024928361307	6.337971461521795e-6
0.017684764541077206	6.337972926223046e-6
0.01782968202545956	6.337974415028366e-6
0.01797578703355652	6.337975928334437e-6
0.018123089296509763	6.337977466544474e-6
0.01827159862520264	6.337979030068326e-6
0.018421324910913604	6.337980619322591e-6
0.018572278125975013	6.3379822347307165e-6
0.018724468324437322	6.3379838767231295e-6
0.01887790564273872	6.337985545737331e-6
0.01903260030038026	6.337987242218027e-6
0.019188562600606505	6.337988966617245e-6
0.01934580293109178	6.33799071939445e-6
0.01950433176463201	6.337992501016666e-6
0.019664159659842254	6.33799431195861e-6
0.019825297261859984	6.337996152702808e-6
0.01998775530305402	6.337998023739728e-6
0.0201515446037394	6.337999925567912e-6
0.02031667607289804	6.338001858694106e-6
0.020483160708905313	6.338003823633398e-6
0.020651009600262577	6.3380058209093505e-6
0.020820233926335713	6.338007851054148e-6
0.020990844958099723	6.3380099146087315e-6
0.0211628540588894	6.338012012122945e-6
0.021336272685156185	6.3380141441556844e-6
0.0215111123872312	6.3380163112750415e-6
0.021687384810094558	6.3380185140584615e-6
0.02186510169415094	6.338020753092893e-6
0.02204427487601156	6.338023028974944e-6
0.022224916289282543	6.338025342311044e-6
0.022407037965359724	6.3380276937176035e-6
0.022590652034229993	6.338030083821178e-6
0.022775770725279205	6.338032513258636e-6
0.02296240636810668	6.338034982677332e-6
0.023150571393346465	6.33803749273527e-6
0.023340278333495158	6.338040044101287e-6
0.023531539823746703	6.338042637455229e-6
0.023724368602833903	6.3380452734881344e-6
0.02391877751387689	6.338047952902412e-6
0.024114779505238496	6.3380506764120355e-6
0.024312387631386694	6.338053444742728e-6
0.024511615053764046	6.338056258632159e-6
0.024712475041664333	6.338059118830141e-6
0.024914980973116306	6.33806202609883e-6
0.025119146335774754	6.338064981212921e-6
0.02532498472781879	6.338067984959868e-6
0.02553250985885757	6.338071038140083e-6
0.0257417355508434	6.3380741415671526e-6
0.025952675738992313	6.338077296068059e-6
0.026165344472712227	6.338080502483393e-6
0.02637975591653868	6.338083761667584e-6
0.026595924351078236	6.3380870744891275e-6
0.026813864173959638	6.338090441830812e-6
0.027033589900792722	6.338093864589959e-6
0.027255116166135268	6.338097343678661e-6
0.027478457724467636	6.338100880024025e-6
0.02770362945117552	6.338104474568419e-6
0.0279306463435407	6.338108128269722e-6
0.028159523521739907	6.3381118421015795e-6
0.028390276229851887	6.338115617053673e-6
0.02862291983687272	6.338119454131965e-6
0.02885746983773944	6.3381233543589854e-6
0.02909394185436207	6.338127318774091e-6
0.029332351636664086	6.338131348433754e-6
0.029572715063631436	6.338135444411834e-6
0.02981504814437013	6.338139607799867e-6
0.030059367019172504	6.338143839707365e-6
0.030305687960592236	6.338148141262097e-6
0.030554027374528142	6.338152513610402e-6
0.030804401801316893	6.338156957917489e-6
0.03105682791683464	6.338161475367752e-6
0.03131132253360771	6.338166067165078e-6
0.03156790260193236	6.3381707345331756e-6
0.03182658521100374	6.338175478715901e-6
0.03208738759005415	6.338180300977586e-6
0.03235032710950048	6.338185202603377e-6
0.03261542128210118	6.338190184899578e-6
0.03288268776412271	6.338195249194e-6
0.03315214435651548	6.338200396836313e-6
0.03342380900609946	6.3382056291984045e-6
0.03369769980675952	6.338210947674757e-6
0.033973835000650536	6.338216353682801e-6
0.034252232979412406	6.338221848663309e-6
0.03453291228539498	6.3382274340807755e-6
0.03481589161289306	6.3382331114237995e-6
0.03510118980939152	6.338238882205498e-6
0.03538882587682059	6.338244747963893e-6
0.0356788189728215	6.338250710262332e-6
0.035971188412022397	6.3382567706899046e-6
0.036265953667324824	6.338262930861859e-6
0.036563134371200665	6.3382691924200445e-6
0.03686275031699972	6.338275557033339e-6
0.03716482146026805	6.3382820263980985e-6
0.03746936792007707	6.338288602238615e-6
0.03777640998036359	6.338295286307567e-6
0.03808596809128076	6.338302080386494e-6
0.03839806287056013	6.3383089862862685e-6
0.03871271510488487	6.338316005847583e-6
0.0390299457512743	6.338323140941438e-6
0.0393497759384796	6.3383303934696395e-6
0.039672226968391164	6.338337765365315e-6
0.03999732031745731	6.338345258593421e-6
0.040325077638114756	6.3383528751512695e-6
0.04065552076023069	6.338360617069065e-6
0.04098867169255678	6.338368486410442e-6
0.041324552624194995	6.338376485273016e-6
0.04166318592607552	6.3383846157889485e-6
0.04200459415244671	6.33839288012551e-6
0.042348800042377295	6.338401280485662e-6
0.04269582652127091	6.338409819108647e-6
0.043045696702392985	6.33841849827058e-6
0.0433984338884102	6.3384273202850615e-6
0.04375406157294249	6.338436287503796e-6
0.04411260344212788	6.338445402317217e-6
0.044474083376200006	6.3384546671551234e-6
0.04483852545107863	6.338464084487335e-6
0.04520595393997321	6.338473656824346e-6
0.0455763933149996	6.338483386718002e-6
0.04594986824880996	6.3384932767621705e-6
0.04632640361623603	6.338503329593444e-6
0.04670602449594596	6.338513547891845e-6
0.04708875617211453	6.338523934381529e-6
0.0474746241361073	6.338534491831529e-6
0.04786365408817832	6.338545223056483e-6
0.04825587193918192	6.33855613091739e-6
0.04865130381229847	6.338567218322376e-6
0.04904997604477426	6.338578488227468e-6
0.04945191518967568	6.338589943637386e-6
0.049857148017657726	6.338601587606346e-6
0.05026570151874706	6.338613423238872e-6
0.05067760290413963	6.3386254536906305e-6
0.05109287960801304	6.338637682169276e-6
0.05151155928935373	6.338650111935298e-6
0.05193366983379929	6.338662746302901e-6
0.05235923935549559	6.3386755886408905e-6
0.052788296198969395	6.338688642373567e-6
0.053220868941016165	6.338701910981649e-6
0.05365698639260341	6.338715398003199e-6
0.05409667760078959	6.338729107034569e-6
0.05453997185065876	6.338743041731362e-6
0.05498689866727107	6.338757205809414e-6
0.05543748781762925	6.338771603045783e-6
0.05589176931266118	6.33878623727976e-6
0.05634977340921877	6.338801112413895e-6
0.05681153061209314	6.338816232415043e-6
0.057277071676046384	6.33883160131542e-6
0.05774642760785993	6.3388472232136895e-6
0.058219629668399726	6.338863102276054e-6
0.058696709374698314	6.338879242737364e-6
0.059177698502053996	6.338895648902264e-6
0.05966262908614719	6.338912325146331e-6
0.060151533425174104	6.3389292759172545e-6
0.060644444081997914	6.338946505736022e-6
0.06114139388631768	6.338964019198129e-6
0.06164241593685476	6.338981820974812e-6
0.06214754360355739	6.338999915814291e-6
0.06265681052982328	6.339018308543055e-6
0.06317025063474031	6.339037004067134e-6
0.06368789811534577	6.339056007373429e-6
0.06420978744890392	6.339075323531043e-6
0.06473595339520236	6.339094957692628e-6
0.06526643099886711	6.3391149150957825e-6
0.06580125559169679	6.339135201064437e-6
0.06634046279501578	6.33915582101029e-6
0.06688408852204676	6.3391767804342554e-6
0.06743216898030269	6.339198084927932e-6
0.06798474067399832	6.339219740175107e-6
0.06854184040648152	6.339241751953275e-6
0.06910350528268457	6.3392641261351874e-6
0.06966977271159541	6.339286868690424e-6
0.07024068040874928	6.339309985686995e-6
0.07081626639874065	6.339333483292967e-6
0.07139656901775596	6.3393573677781114e-6
0.07198162691612672	6.339381645515597e-6
0.07257147906090393	6.339406322983681e-6
0.07316616473845337	6.339431406767462e-6
0.07376572355707227	6.339456903560638e-6
0.07437019544962731	6.339482820167298e-6
0.07497962067621433	6.339509163503757e-6
0.0755940398268398	6.339535940600401e-6
0.07621349382412429	6.3395631586035785e-6
0.07683802392602801	6.339590824777514e-6
0.0774676717285988	6.339618946506264e-6
0.07810247916874258	6.339647531295688e-6
0.07874248852701646	6.339676586775472e-6
0.07938774243044482	6.339706120701171e-6
0.08003828385535845	6.339736140956293e-6
0.08069415613025688	6.339766655554414e-6
0.08135540293869425	6.3397976726413326e-6
0.08202206832218882	6.339829200497252e-6
0.08269419668315627	6.339861247539012e-6
0.08337183278786699	6.339893822322338e-6
0.08405502176942795	6.339926933544156e-6
0.08474380913078841	6.339960590044909e-6
0.08543824074777076	6.33999480081095e-6
0.08613836287212598	6.340029574976948e-6
0.08684422213461422	6.340064921828343e-6
0.08755586554811053	6.34010085080385e-6
0.08827334051073613	6.340137371497989e-6
0.08899669480901527	6.340174493663664e-6
0.08972597662105805	6.340212227214794e-6
0.0904612345197692	6.340250582228971e-6
0.09120251747608323	6.340289568950181e-6
0.09194987486222611	6.340329197791549e-6
0.09270335645500362	6.34036947933815e-6
0.09346301243911669	6.3404104243498526e-6
0.09422889341050385	6.340452043764223e-6
0.09500105037971117	6.340494348699461e-6
0.09577953477528969	6.3405373504574e-6
0.09656439844722083	6.340581060526549e-6
0.09735569367036968	6.340625490585187e-6
0.09815347314796677	6.340670652504513e-6
0.09895779001511845	6.340716558351842e-6
0.09976869784234559	6.340763220393856e-6
0.10058625063915173	6.340810651099919e-6
0.10141050285762046	6.34085886314543e-6
0.10224150939604168	6.340907869415244e-6
0.10307932560256879	6.340957683007152e-6
0.10392400727890412	6.341008317235417e-6
0.10477561068401657	6.3410597856343526e-6
0.10563419253788767	6.341112101961993e-6
0.1064998100252901	6.3411652802037985e-6
0.10737252079959621	6.3412193345764334e-6
0.10825238298661749	6.341274279531607e-6
0.1091394551884768	6.341330129759978e-6
0.1100337964875106	6.3413869001951245e-6
0.11093546645020493	6.341444606017576e-6
0.11184452513116187	6.341503262658927e-6
0.11276103307710034	6.341562885805998e-6
0.11368505133088776	6.341623491405089e-6
0.11461664143560671	6.341685095666286e-6
0.115555865438653	6.341747715067852e-6
0.11650278589586913	6.341811366360685e-6
0.1174574658757099	6.341876066572858e-6
0.11841996896344388	6.341941833014225e-6
0.1193903592653875	6.34200868328111e-6
0.12036870141317572	6.342076635261082e-6
0.12135506056806582	6.342145707137796e-6
0.12234950242527826	6.342215917395927e-6
0.12335209321837134	6.342287284826181e-6
0.12436289972365344	6.342359828530396e-6
0.12538198926463018	6.342433567926719e-6
0.12640942971648805	6.342508522754885e-6
0.12744528951061607	6.34258471308157e-6
0.1284896376391625	6.342662159305843e-6
0.12954254365963105	6.342740882164713e-6
0.1306040776995126	6.342820902738757e-6
0.13167431046095707	6.342902242457858e-6
0.13275331322548128	6.342984923107031e-6
0.1338411578587177	6.3430689668323435e-6
0.13493791681519993	6.343154396146953e-6
0.13604366314318944	6.343241233937233e-6
0.13715847048953989	6.343329503468994e-6
0.13828241310460315	6.34341922839384e-6
0.1394155658471739	6.343510432755602e-6
0.14055800418947628	6.3436031409968965e-6
0.14170980422218973	6.343697377965791e-6
0.1428710426595179	6.343793168922588e-6
0.14404179684429705	6.3438905395467115e-6
0.1452221447531485	6.343989515943726e-6
0.14641216500167104	6.344090124652464e-6
0.14761193684967794	6.344192392652276e-6
0.14882154020647562	6.344296347370416e-6
0.15004105563618544	6.3444020166895275e-6
0.15127056436311054	6.344509428955289e-6
0.15251014827714462	6.344618612984158e-6
0.15375988993922723	6.344729598071276e-6
0.15501987258684136	6.344842413998483e-6
0.15629018013955878	6.34495709104249e-6
0.157570897204628	6.345073659983178e-6
0.15886210908261073	6.34519215211204e-6
0.16016390177306197	6.345312599240773e-6
0.1614763619802592	6.345435033710015e-6
0.16279957711897583	6.345559488398232e-6
0.16413363532030473	6.345685996730749e-6
0.16547862543752678	6.345814592688949e-6
0.16683463705203014	6.345945310819627e-6
0.16820176047927535	6.346078186244493e-6
0.16958008677481204	6.346213254669852e-6
0.1709697077403422	6.346350552396444e-6
0.1723707159298358	6.346490116329455e-6
0.1737832046556946	6.346631983988701e-6
0.1752072679949666	6.346776193518985e-6
0.17664300079561326	6.346922783700633e-6
0.17809049868282514	6.347071793960217e-6
0.1795498580653925	6.347223264381455e-6
0.18102117614212496	6.347377235716302e-6
0.1825045509083267	6.347533749396243e-6
0.18400008116232203	6.347692847543762e-6
0.18550786651203696	6.347854572984031e-6
0.18702800738163222	6.348018969256778e-6
0.1885606050181932	6.348186080628388e-6
0.19010576149847197	6.348355952104193e-6
0.19166357973568748	6.348528629440981e-6
0.1932341634863784	6.348704159159731e-6
0.19481761735731531	6.348882588558558e-6
0.19641404681246624	6.349063965725888e-6
0.19802355818002268	6.349248339553868e-6
0.19964625865947966	6.349435759752005e-6
0.20128225632877725	6.349626276861037e-6
0.2029316601514982	6.349819942267067e-6
0.20459457998412475	6.3500168082159165e-6
0.20627112658335697	6.350216927827753e-6
0.20796141161348788	6.350420355111965e-6
0.20966554765384232	6.350627144982299e-6
0.2113836482062736	6.350837353272264e-6
0.21311582770272472	6.351051036750802e-6
0.21486220151284835	6.351268253138242e-6
0.21662288595169255	6.351489061122534e-6
0.2183979982874461	6.351713520375751e-6
0.22018765674925067	6.351941691570926e-6
0.22199198053507369	6.352173636399136e-6
0.22381108981964898	6.352409417586921e-6
0.22564510576247923	6.352649098914e-6
0.22749415051590738	6.352892745231312e-6
0.2293583472332506	6.353140422479354e-6
0.23123782007700466	6.353392197706877e-6
0.23313269422711172	6.35364813908989e-6
0.23504309588929964	6.353908315951009e-6
0.23696915230348592	6.354172798779162e-6
0.23891099175225397	6.354441659249629e-6
0.24086874356939653	6.3547149702444615e-6
0.24284253814852907	6.354992805873242e-6
0.2448325069517761	6.355275241494241e-6
0.24683878251852523	6.355562353735936e-6
0.24886149847425665	6.355854220518932e-6
0.2509007895394411	6.356150921078261e-6
0.25295679153851497	6.356452535986099e-6
0.25502964140892426	6.356759147174885e-6
0.2571194772102477	6.357070837960857e-6
0.25922643813338947	6.357387693068021e-6
0.2613506645098523	6.357709798652544e-6
0.26349229782108186	6.358037242327611e-6
0.26565148070789196	6.3583701131887065e-6
0.26782835697996293	6.358708501839371e-6
0.270023071625422	6.359052500417437e-6
0.272235770820498	6.35940220262173e-6
0.27446660193925926	6.359757703739253e-6
0.2767157135634271	6.360119100672894e-6
0.278983255492274	6.360486491969614e-6
0.2812693787525999	6.360859977849178e-6
0.28357423560879014	6.361239660233399e-6
0.2858979795729591	6.361625642775919e-6
0.28824076541517224	6.362018030892567e-6
0.2906027491737566	6.362416931792236e-6
0.2929840881656915	6.362822454508377e-6
0.2953849409970884	6.3632347099310475e-6
0.2978054675737526	6.363653810839571e-6
0.3002458291118358	6.3640798719358004e-6
0.30270618814857125	6.364513009878002e-6
0.3051867085531021	6.36495334331538e-6
0.3076875555373928	6.365400992923239e-6
0.31020889566723553	6.365856081438813e-6
0.3127508968733417	6.36631873369777e-6
0.31531372846252903	6.3667890766714036e-6
0.31789756112899575	6.367267239504519e-6
0.32050256696569185	6.367753353554052e-6
0.32312891947577865	6.368247552428407e-6
0.325776793584187	6.368749972027548e-6
0.3284463656492667	6.369260750583861e-6
0.3311378134745323	6.369780028703774e-6
0.333851316320507	6.370307949410201e-6
0.33658705491666	6.370844658185781e-6
0.33934521147344615	6.3713903030169514e-6
0.3421259696944392	6.371945034438875e-6
0.34492951478857	6.372509005581229e-6
0.3477560334824591	6.373082372214878e-6
0.3506057140328566	6.3736652927994555e-6
0.3534787462391776	6.374257928531875e-6
0.3563753214561464	6.374860443395771e-6
0.35929563260653896	6.375473004211916e-6
0.3622398741940347	6.376095780689623e-6
0.36520824231616855	6.376728945479152e-6
0.3682009346773947	6.377372674225151e-6
0.3712181506022512	6.378027145621146e-6
0.3742600910486393	6.378692541465108e-6
0.3773269586212042	6.37936904671613e-6
0.3804189575848332	6.380056849552208e-6
0.38353629387825666	6.380756141429205e-6
0.38667917512776745	6.381467117140949e-6
0.38984781066104834	6.382189974880579e-6
0.3930424115211129	6.382924916303086e-6
0.39626319048036435	6.3836721465891274e-6
0.399510362054764	6.384431874510139e-6
0.40278414251812195	6.385204312494738e-6
0.40608474991649846	6.385989676696498e-6
0.40941240408273005	6.386788187063087e-6
0.41276732665106775	6.3876000674068214e-6
0.416149741071942	6.388425545476666e-6
0.4195598726268424	6.3892648530317056e-6
0.42299794844332506	6.390118225916129e-6
0.4264641975101371	6.39098590413577e-6
0.42995885069247164	6.391868131936217e-6
0.43348214074734065	6.392765157882555e-6
0.437034302339081	6.393677234940767e-6
0.44061557205498053	6.394604620560834e-6
0.444226188421039	6.395547576761578e-6
0.4478663919178515	6.396506370217279e-6
0.4515364249966283	6.397481272346141e-6
0.4552365320953419	6.398472559400602e-6
0.45896695965500567	6.399480512559578e-6
0.46272795613609163	6.400505418022667e-6
0.4665197720350746	6.401547567106364e-6
0.4703426599011202	6.402607256342344e-6
0.47419687435290164	6.4036847875778384e-6
0.47808267209556227	6.4047804680782124e-6
0.4820003119378091	6.405894610631729e-6
0.48595005480915454	6.4070275336566086e-6
0.48993216377729104	6.408179561310417e-6
0.49394690406561653	6.409351023601846e-6
0.4979945430708954	6.4105422565049534e-6
0.502075350381072	6.411753602075911e-6
0.506189597793222	6.412985408572345e-6
0.5103375593316597	6.414238030575315e-6
0.5145195112661843	6.415511829114019e-6
0.5187357321304852	6.4168071717932845e-6
0.5229865027406889	6.418124432923912e-6
0.5272721062140663	6.4194639936559765e-6
0.5315928279878875	6.420826242115112e-6
0.5359489558384316	6.422211573541921e-6
0.5403407799001576	6.4236203904345426e-6
0.5447685926850235	6.425053102694485e-6
0.5492326891019739	6.426510127775815e-6
0.553733366476577	6.427991890837769e-6
0.5582709245708323	6.429498824900933e-6
0.5628456656031312	6.431031371007008e-6
0.5674578942683908	6.432589978382334e-6
0.5721079177583427	6.4341751046052445e-6
0.5767960457819982	6.435787215777349e-6
0.5815225905862706	6.437426786698862e-6
0.586287866976778	6.439094301048107e-6
0.5910921923388047	6.440790251565281e-6
0.5959358866584452	6.442515140240628e-6
0.6008192725439122	6.444269478507132e-6
0.6057426752470281	6.446053787437857e-6
0.6107064226848825	6.447868597948078e-6
0.6157108454616788	6.44971445100233e-6
0.6207562768907476	6.451591897826521e-6
0.6258430530167519	6.453501500125252e-6
0.6309715126380663	6.455443830304509e-6
0.6361419973293406	6.457419471699874e-6
0.641354851464255	6.459429018810402e-6
0.6466104222384503	6.461473077538373e-6
0.6519090596926591	6.46355226543505e-6
0.6572511167360132	6.465667211952654e-6
0.662636949169555	6.467818558702725e-6
0.668066915709929	6.4700069597210625e-6
0.6735413780132802	6.472233081739464e-6
0.6790607006993349	6.474497604464443e-6
0.6846252513756923	6.476801220863154e-6
0.6902354006623027	6.479144637456753e-6
0.6958915222161575	6.481528574621406e-6
0.701593992756171	6.4839537668972e-6
0.7073431920882763	6.486420963305198e-6
0.7131395031307172	6.488930927672885e-6
0.7189833119395562	6.491484438968298e-6
0.7248750077343831	6.49408229164307e-6
0.7308149829242423	6.496725295984733e-6
0.7368036331337673	6.499414278478509e-6
0.742841357229528	6.502150082178962e-6
0.7489285573466028	6.504933567091787e-6
0.755065638915355	6.5077656105660714e-6
0.7612530106884434	6.510647107697407e-6
0.7674910847680397	6.513578971742161e-6
0.7737802766332824	6.5165621345433095e-6
0.7801210051679435	6.519597546968213e-6
0.7865136926883335	6.522686179358733e-6
0.7929587649714231	6.525829021994092e-6
0.799456651283208	6.529027085566944e-6
0.8060077844072931	6.532281401673061e-6
0.8126126006737241	6.5355930233151415e-6
0.8192715399880418	6.538963025421206e-6
0.8259850458605889	6.542392505378095e-6
0.8327535654360415	6.54588258358058e-6
0.8395775495231989	6.54943440399667e-6
0.8464574526250009	6.55304913474964e-6
0.8533937329688074	6.556727968717416e-6
0.8603868525369103	6.560472124149899e-6
0.8674372770973098	6.564282845304905e-6
0.8745454762347337	6.568161403103371e-6
0.8817119233819105	6.572109095804532e-6
0.8889370958511087	6.576127249701803e-6
0.8962214748659194	6.580217219840119e-6
0.9035655455933157	6.584380390755531e-6
0.9109697971759589	6.588618177237889e-6
0.9184347227647851	6.592932025117462e-6
0.9259608195518426	6.5973234120764084e-6
0.9335485888034151	6.601793848486029e-6
0.9411985358933999	6.606344878270797e-6
0.9489111703369754	6.61097807980017e-6
0.9566870058245293	6.615695066809264e-6
0.9645265602558795	6.620497489349533e-6
0.9724303557747609	6.625387034770568e-6
0.9803989188036097	6.630365428734308e-6
0.9884327800786176	6.635434436262873e-6
0.9965324746850878	6.640595862821422e-6
1.004698542093067	6.645851555437381e-6
1.012931526193282	6.651203403857543e-6
1.0212319753333632	6.656653341744553e-6
1.0296004423543614	6.6622033479144075e-6
1.0380374846275788	6.6678554476166146e-6
1.0465436640916816	6.673611713858824e-6
1.0551195472901373	6.679474268777741e-6
1.0637657054089387	6.68544528505827e-6
1.0724827143146567	6.691526987402941e-6
1.0812711545927856	6.697721654053712e-6
1.090131611586422	6.704031618368436e-6
1.0990646754352411	6.71045927045429e-6
1.108070941114812	6.717007058860682e-6
1.1171510084762153	6.723677492334186e-6
1.1263054822860052	6.73047314163826e-6
1.1355349722664803	6.737396641440599e-6
1.1448400931363019	6.744450692271128e-6
1.1542214646514273	6.751638062553811e-6
1.1636797116463982	6.758961590715611e-6
1.1732154640759467	6.766424187376102e-6
1.182829357056961	6.774028837621422e-6
1.1925220309107833	6.781778603366494e-6
1.202294131205854	6.789676625809558e-6
1.2121463088007172	6.7977261279834075e-6
1.2220792198873607	6.805930417407821e-6
1.2320935260349308	6.814292888848064e-6
1.242189894233785	6.822817027184494e-6
1.2523689969399265	6.831506410398658e-6
1.262631512119782	6.840364712681532e-6
1.2729781232953672	6.8493957076699054e-6
1.2834095195898008	6.858603271817219e-6
1.2939263957732143	6.867991387905569e-6
1.3045294523090152	6.87756414870596e-6
1.315219395400551	6.887325760794281e-6
1.3259969370381344	6.897280548530996e-6
1.3368627950464753	6.90743295821292e-6
1.3478176931324797	6.917787562406004e-6
1.3588623609334627	6.9283490644686476e-6
1.369997534065733	6.93912230327549e-6
1.3812239541736004	6.950112258152441e-6
1.3925423689787593	6.961324054034166e-6
1.4039535323301002	6.972762966856165e-6
1.4154582042539152	6.984434429194163e-6
1.427057151004514	6.99634403616445e-6
1.4387511451152684	7.008497551599677e-6
1.450540965450056	7.0209009145155006e-6
1.462427397255146	7.033560245884551e-6
1.474411232211488	7.0464818557352374e-6
1.4864932684874528	7.059672250594105e-6
1.4986743107919815	7.073138141291681e-6
1.5109551704281947	7.086886451153199e-6
1.5233366653474147	7.100924324596892e-6
1.5358196202036585	7.11525913616434e-6
1.5484048664085484	7.129898500008853e-6
1.5610932421867012	7.1448502798699195e-6
1.5738855926315432	7.160122599563546e-6
1.5867827697616106	7.17572385402068e-6
1.5997856325772837	7.191662720908078e-6
1.6128950471180117	7.207948172868646e-6
1.6261118865199826	7.224589490420942e-6
1.6394370310742878	7.241596275560641e-6
1.6528713682855485	7.2589784661098524e-6
1.6664157929310213	7.27674635086391e-6
1.6800712071202053	7.294910585588963e-6
1.6938385203549136	7.313482209927965e-6
1.7077186495898615	7.332472665277264e-6
1.7217125192937273	7.351893813700929e-6
1.7358210615107375	7.37175795795552e-6
1.7500452159227309	7.3920778627038965e-6
1.76438592991176	7.412866777003332e-6
1.7788441586231751	7.434138458160283e-6
1.793420865029255	7.455907197052151e-6
1.8081170199933299	7.478187845024984e-6
1.8229336023344602	7.500995842485708e-6
1.837871598892613	7.524347249317822e-6
1.8529320045944064	7.548258777261332e-6
1.8681158225193581	7.5727478244102445e-6
1.883424063966711	7.597832511995315e-6
1.8988577485227738	7.623531723635252e-6
1.9144179041288425	7.649865147257061e-6
1.9301055671496592	7.676853319905405e-6
1.945921782442433	7.704517675682307e-6
1.961867603426444	7.732880597082434e-6
1.97794409215319	7.761965470015603e-6
1.994152319377138	7.791796742838074e-6
2.0104933646270258	7.822399989747056e-6
2.026968316277778	7.853801978930345e-6
2.0435782716229793	7.886030745904351e-6
2.060324336947976	7.919115672520868e-6
2.0772076276035403	7.953087572175426e-6
2.0942292680801757	7.987978781809664e-6
2.1113903920829933	8.023823261367112e-6
2.12869214260724	8.060656701437974e-6
2.146135672014407	8.098516639914377e-6
2.1637221421090005	8.137442588575817e-6
2.1814527242159034	8.177476170635651e-6
2.1993285992584086	8.21866127040713e-6
2.2173509578368544	8.261044196392622e-6
2.235521000307941	8.304673859266901e-6
2.2538399368646616	8.349601966416815e-6
2.27230898761692	8.395883234920812e-6
2.290929382672789	8.443575625106762e-6
2.309702362220433	8.49274059712213e-6
2.328629176610725	8.543443393293672e-6
2.3477110864405066	8.595753349453412e-6
2.3669493626365674	8.649744238874653e-6
2.3863452865402732	8.705494653008484e-6
2.4059001499929287	8.763088423854634e-6
2.425615255421799	8.82261509355849e-6
2.4454919159268758	8.884170437724047e-6
2.4655314553683154	8.947857049998468e-6
2.4857352084546314	9.013784996755651e-6
2.5061045208315735	9.082072552227835e-6
2.526640749171771	9.152847026264244e-6
2.547345261265071	9.22624569910428e-6
2.5682194361096617	9.302416880232293e-6
2.589264664003897	9.381521111644986e-6
2.6104823466389147	9.463732539861402e-6
2.631873897191976	9.549240485927277e-6
2.653440740420604	9.638251248759992e-6
2.675184312757475	9.73099018476812e-6
2.6971060624060743	9.82770411618691e-6
2.7192074494371794	9.928664132560309e-6
2.7414899458860784	0.000010034168865022818
2.763955035850638	0.000010144548332506331
2.7866042155901267	0.000010260168484094894
2.8094389936248936	0.00001038143659437053
2.832460890836819	0.00001050880771136187
2.855671440570635	0.000010642792413314488
2.8790721887360275	0.00001078396620618013
2.9026646939106224	0.00001093298099600111
2.92645052744377	0.000011090579210212386
2.950431273561228	0.000011257611335522687
2.97460852947065	0.000011435057911838864
2.998983905467991	0.000011624057408926255
3.023559025044737	0.000011825941973177978
3.0483355249960553	0.000012042283858256102
3.073315055529791	0.000012274956595462978
3.0984992803763967	0.000012526216867546373
3.123889876899734	0.000012798816051694006
3.149488536208783	0.000013096155250948861
3.1752969632702985	0.000013422505723653094
3.2013168770223426	0.000013783330584664864
3.227550010488796	0.000014185768740024048
3.2539981108947607	0.000014639389241778383
3.280662939782955	0.000015157418175302582
3.3075462731310155	0.000015758839756746878
3.334649901469808	0.00001647223310331101
3.3619756300026573	0.00001734337924429408
3.3895252787256096	0.000018452093352510664
3.4173006825486207	0.000019955728869062607
3.445303691417797	0.000022232339411369547
3.4735361704385816	0.00002662256201551367
3.474	100 #Josu