0.001	5.877176206507161e-6
0.0010047905617180971	5.877177268677229e-6
0.001009604072917768	5.877178341049342e-6
0.0010144406435399227	5.877179423721491e-6
0.001019300384052147	5.877180516792619e-6
0.0010241834054512276	5.877181620362619e-6
0.0010290898192656926	5.877182734532333e-6
0.0010340197375583503	5.8771838594035886e-6
0.001038973272928853	5.877184995079176e-6
0.001043950538516272	5.877186141662882e-6
0.001048951648001675	5.877187299259491e-6
0.0010539767156107266	5.877188467974791e-6
0.0010590258561162958	5.877189647915582e-6
0.0010640991848410817	5.8771908391897e-6
0.0010691968176602396	5.877192041906012e-6
0.001074318871004033	5.877193256174429e-6
0.001079465461860494	5.877194482105922e-6
0.0010846367077780908	5.877195719812526e-6
0.0010898327268684144	5.877196969407349e-6
0.0010950536378088796	5.877198231004593e-6
0.0011002995598454297	5.877199504719553e-6
0.001105570612795263	5.877200790668632e-6
0.0011108669170495733	5.877202088969353e-6
0.0011161885935762914	5.8772033997403665e-6
0.0011215357639228535	5.877204723101465e-6
0.0011269085502189791	5.877206059173588e-6
0.0011323070751794544	5.877207408078839e-6
0.0011377314621069383	5.877208769940498e-6
0.0011431818348947825	5.877210144883024e-6
0.0011486583180298534	5.877211533032077e-6
0.001154161036595381	5.87721293451452e-6
0.001159690116273813	5.877214349458441e-6
0.0011652456833496896	5.877215777993146e-6
0.0011708278647125227	5.8772172202492035e-6
0.0011764367878596945	5.877218676358414e-6
0.0011820725808993763	5.877220146453863e-6
0.001187735372553445	5.877221630669906e-6
0.0011934252921604281	5.877223129142191e-6
0.0011991424696784607	5.877224642007666e-6
0.0012048870356882466	5.877226169404599e-6
0.0012106591213960451	5.877227711472589e-6
0.00121645885863667	5.877229268352572e-6
0.0012222863798764948	5.877230840186836e-6
0.0012281418182164814	5.8772324271190465e-6
0.0012340253073952233	5.8772340292942354e-6
0.001239936981791994	5.877235646858839e-6
0.0012458769764298195	5.877237279960695e-6
0.0012518454269785614	5.877238928749064e-6
0.0012578424697580197	5.877240593374641e-6
0.0012638682417410393	5.877242273989574e-6
0.0012699228805566412	5.87724397074746e-6
0.0012760065244931714	5.877245683803382e-6
0.0012821193125014505	5.877247413313912e-6
0.0012882613841979516	5.877249159437129e-6
0.001294432879867993	5.877250922332621e-6
0.0013006339404689348	5.877252702161517e-6
0.0013068647076334018	5.8772544990865005e-6
0.0013131253236725224	5.877256313271803e-6
0.0013194159315791719	5.877258144883246e-6
0.001325736675031241	5.8772599940882405e-6
0.0013320876983949229	5.877261861055811e-6
0.0013384691467280018	5.877263745956595e-6
0.0013448811657831696	5.877265648962882e-6
0.0013513239020113601	5.8772675702486104e-6
0.0013577975025650855	5.8772695099893945e-6
0.0013643021153018002	5.87727146836253e-6
0.0013708378887872838	5.877273445547024e-6
0.0013774049722990252	5.877275441723592e-6
0.0013840035158296374	5.8772774570747035e-6
0.0013906336700902813	5.877279491784569e-6
0.0013972955865141125	5.877281546039171e-6
0.001403989417259733	5.877283620026286e-6
0.0014107153152146696	5.8772857139354824e-6
0.00141747343399887	5.877287827958167e-6
0.0014242639279682047	5.877289962287569e-6
0.0014310869522179944	5.877292117118788e-6
0.001437942662586558	5.877294292648791e-6
0.0014448312156587638	5.877296489076445e-6
0.001451752768769609	5.877298706602521e-6
0.0014587074800078178	5.877300945429722e-6
0.0014656955082194452	5.877303205762698e-6
0.0014727170130115067	5.877305487808075e-6
0.0014797721547556298	5.87730779177445e-6
0.001486861094591708	5.877310117872435e-6
0.0014939839944315871	5.877312466314664e-6
0.0015011410169627592	5.877314837315816e-6
0.0015083323256520863	5.877317231092628e-6
0.0015155580847495236	5.877319647863927e-6
0.0015228184592918756	5.877322087850639e-6
0.0015301136151065708	5.877324551275816e-6
0.0015374437188154396	5.877327038364651e-6
0.001544808937838524	5.877329549344501e-6
0.0015522094403979073	5.8773320844449154e-6
0.0015596453955215464	5.877334643897641e-6
0.0015671169730471367	5.877337227936659e-6
0.0015746243436259965	5.877339836798193e-6
0.001582167678726955	5.877342470720745e-6
0.0015897471506402731	5.877345129945105e-6
0.0015973629324815843	5.877347814714374e-6
0.001605015198195838	5.877350525273998e-6
0.0016127041225612773	5.877353261871779e-6
0.0016204298811934366	5.8773560247578975e-6
0.0016281926505491426	5.877358814184943e-6
0.0016359926079305485	5.877361630407927e-6
0.0016438299314891905	5.8773644736843256e-6
0.0016517048002300447	5.877367344274074e-6
0.001659617394015624	5.877370242439619e-6
0.0016675678935700814	5.877373168445922e-6
0.0016755564804833462	5.877376122560493e-6
0.0016835833372152592	5.87737910505342e-6
0.0016916486470997469	5.87738211619738e-6
0.0016997525943490137	5.877385156267669e-6
0.0017078953640577382	5.877388225542241e-6
0.001716077142207307	5.8773913243017116e-6
0.0017242981156700666	5.877394452829403e-6
0.0017325584722135826	5.8773976114113494e-6
0.001740858400504932	5.877400800336348e-6
0.0017491980901150185	5.877404019895963e-6
0.0017575777315228921	5.8774072703845624e-6
0.0017659975161201037	5.877410552099353e-6
0.0017744576362150833	5.877413865340385e-6
0.0017829582850375203	5.87741721041061e-6
0.001791499656742785	5.877420587615879e-6
0.0018000819464163592	5.877423997264988e-6
0.0018087053500782991	5.877427439669703e-6
0.0018173700646877016	5.877430915144788e-6
0.0018260762881472082	5.877434424008028e-6
0.001834824219307531	5.877437966580271e-6
0.001843614057971983	5.877441543185445e-6
0.0018524460049010472	5.877445154150594e-6
0.0018613202618169681	5.877448799805907e-6
0.001870237031408347	5.877452480484751e-6
0.0018791965173347773	5.877456196523689e-6
0.0018881989242315027	5.87745994826253e-6
0.0018972444577140782	5.877463736044349e-6
0.0019063333243830732	5.877467560215511e-6
0.0019154657318287954	5.8774714211257256e-6
0.0019246418886360213	5.877475319128052e-6
0.001933862004388765	5.877479254578955e-6
0.0019431262896750722	5.877483227838322e-6
0.0019524349560918178	5.8774872392695005e-6
0.0019617882162495438	5.877491289239335e-6
0.0019711862837773226	5.877495378118194e-6
0.0019806293733276243	5.877499506280012e-6
0.0019901177005812263	5.877503674102314e-6
0.001999651482252136	5.8775078819662665e-6
0.0020092309360925493	5.877512130256693e-6
0.0020188562808978105	5.877516419362111e-6
0.0020285277365114174	5.8775207496747946e-6
0.002038245523830047	5.877525121590772e-6
0.00204800986480859	5.87752953550989e-6
0.002057820982465225	5.877533991835836e-6
0.00206767910088652	5.877538490976182e-6
0.002077584445232536	5.877543033342426e-6
0.002087537241741979	5.8775476193500085e-6
0.00209753771773737	5.877552249418384e-6
0.0021075861016302275	5.877556923971028e-6
0.0021176826229262905	5.8775616434355004e-6
0.0021278275122307583	5.877566408243458e-6
0.002138021001253565	5.8775712188307266e-6
0.002148263322814658	5.877576075637314e-6
0.0021585547108493234	5.877580979107462e-6
0.002168895400413536	5.877585929689691e-6
0.002179285627689314	5.877590927836828e-6
0.0021897256299901195	5.877595974006059e-6
0.0022002156457662865	5.877601068658971e-6
0.0022107559146104525	5.877606212261586e-6
0.00222134667726304	5.877611405284417e-6
0.002231988175617758	5.877616648202496e-6
0.002242680652727118	5.877621941495426e-6
0.0022534243528079872	5.87762728564743e-6
0.002264219521247177	5.877632681147382e-6
0.0022750664046070315	5.877638128488864e-6
0.0022859652506310685	5.877643628170199e-6
0.002296916308249642	5.87764918069452e-6
0.0023079198275856153	5.877654786569785e-6
0.002318976059960082	5.87766044630885e-6
0.0023300852578981104	5.877666160429497e-6
0.0023412476751344994	5.877671929454497e-6
0.0023524635666195798	5.877677753911645e-6
0.0023637331885250456	5.877683634333822e-6
0.0023750567982497896	5.877689571259029e-6
0.002386434654425791	5.877695565230448e-6
0.002397867016924021	5.8777016167964875e-6
0.002409354146860385	5.877707726510833e-6
0.0024208963066016725	5.877713894932496e-6
0.0024324937597715586	5.8777201226258705e-6
0.0024441467712566305	5.877726410160779e-6
0.002455855607212423	5.877732758112529e-6
0.0024676205350695063	5.8777391670619706e-6
0.0024794418235396004	5.877745637595532e-6
0.002491319742621698	5.877752170305294e-6
0.002503254563608241	5.877758765789035e-6
0.002515246559091312	5.87776542465028e-6
0.00252729600296887	5.877772147498371e-6
0.0025394031704509927	5.87777893494851e-6
0.002551568338066167	5.877785787621826e-6
0.0025637917836676153	5.87779270614542e-6
0.002576073786439625	5.877799691152428e-6
0.0025884146269039335	5.877806743282089e-6
0.002600814586926142	5.877813863179788e-6
0.0026132739497221388	5.877821051497128e-6
0.0026257929998645753	5.8778283088919745e-6
0.002638372023289374	5.877835636028538e-6
0.0026510113073022422	5.8778430335774186e-6
0.002663711140585244	5.877850502215669e-6
0.0026764718132034006	5.877858042626863e-6
0.0026892936166112986	5.8778656555011594e-6
0.0027021768436597568	5.877873341535347e-6
0.0027151217886025214	5.877881101432947e-6
0.0027281287471029717	5.877888935904231e-6
0.002741198016240881	5.877896845666319e-6
0.002754329894519208	5.8779048314432425e-6
0.002767524681870902	5.877912893965995e-6
0.002780782679665759	5.877921033972606e-6
0.002794104190717313	5.8779292522082285e-6
0.0028074895192897378	5.877937549425168e-6
0.002820938971104803	5.877945926382993e-6
0.002834452853348866	5.87795438384858e-6
0.00284803147467987	5.877962922596186e-6
0.002861675145234407	5.877971543407535e-6
0.002875384176634794	5.87798024707187e-6
0.0028891588819962024	5.877989034386041e-6
0.0029029995759337936	5.877997906154571e-6
0.002916906574569911	5.878006863189729e-6
0.0029308801955413113	5.87801590631161e-6
0.0029449207580064004	5.87802503634821e-6
0.0029590285826525324	5.878034254135498e-6
0.0029732039917033425	5.8780435605174955e-6
0.0029874473089260903	5.878052956346357e-6
0.0030017588596390637	5.878062442482443e-6
0.0030161389707190063	5.878072019794405e-6
0.0030305879706085934	5.878081689159256e-6
0.0030451061893239165	5.87809145146247e-6
0.003059693958462029	5.878101307598041e-6
0.00307435161120853	5.878111258468583e-6
0.0030890794823451554	5.878121304985402e-6
0.0031038779082574342	5.878131448068589e-6
0.0031187472269423792	5.878141688647094e-6
0.003133687778016191	5.878152027658824e-6
0.003148699902722021	5.878162466050727e-6
0.0031637839439377768	5.878173004778864e-6
0.0031789402461839355	5.878183644808519e-6
0.003194169155631419	5.878194387114277e-6
0.003209471020109513	5.878205232680117e-6
0.003224846189113792	5.878216182499489e-6
0.0032402950138141085	5.878227237575437e-6
0.003255817847062627	5.878238398920662e-6
0.0032714150434018626	5.8782496675576185e-6
0.003287086959072787	5.878261044518634e-6
0.003302833952022977	5.8782725308459735e-6
0.00331865638191477	5.8782841275919556e-6
0.003334554610133486	5.878295835819039e-6
0.003350528999795695	5.878307656599927e-6
0.003366579915757491	5.878319591017667e-6
0.0033827077246228296	5.8783316401657395e-6
0.003398912794751919	5.87834380514818e-6
0.0034151954962696076	5.878356087079653e-6
0.003431556201073851	5.878368487085592e-6
0.003447995282844214	5.8783810063022606e-6
0.0034645131170503865	5.878393645876895e-6
0.0034811100809607736	5.8784064069677835e-6
0.0034977865536511025	5.878419290744392e-6
0.003514542916013098	5.878432298387461e-6
0.0035313795507631598	5.878445431089121e-6
0.0035482968424511165	5.8784586900529976e-6
0.003565295177469004	5.878472076494327e-6
0.003582374944059903	5.878485591640062e-6
0.0035995365323267864	5.878499236729001e-6
0.003616780334241439	5.878513013011884e-6
0.003634106743653423	5.878526921751515e-6
0.003651516156299047	5.878540964222891e-6
0.0036690089698104226	5.878555141713295e-6
0.0036865855837245514	5.878569455522443e-6
0.0037042463994924305	5.878583906962583e-6
0.0037219918204882342	5.878598497358629e-6
0.0037398222520185357	5.878613228048275e-6
0.003757738101331543	5.8786281003821235e-6
0.003775739777626413	5.878643115723817e-6
0.0037938276920626065	5.878658275450152e-6
0.0038120022577692583	5.878673580951213e-6
0.003830263889854623	5.878689033630503e-6
0.00384861300541557	5.8787046349050655e-6
0.0038670500235470848	5.8787203862056335e-6
0.0038855753653518517	5.878736288976738e-6
0.0039041894539498874	5.878752344676863e-6
0.003922892714488178	5.8787685547785686e-6
0.003941685574150403	5.878784920768631e-6
0.003960568462166704	5.878801444148181e-6
0.003979541809823461	5.878818126432844e-6
0.003998606050473165	5.878834969152882e-6
0.0040177616195443125	5.87885197385333e-6
0.0040370089545513415	5.878869142094144e-6
0.004056348495104626	5.878886475450344e-6
0.0040757806829205346	5.878903975512162e-6
0.004095305961831493	5.878921643885189e-6
0.004114924777796138	5.878939482190523e-6
0.004134637578909493	5.878957492064923e-6
0.004154444815413222	5.878975675160956e-6
0.004174346939705888	5.878994033147154e-6
0.004194344406353295	5.879012567708168e-6
0.004214437672098885	5.879031280544928e-6
0.004234627195874148	5.879050173374795e-6
0.004254913438809116	5.879069247931721e-6
0.004275296864242887	5.879088505966427e-6
0.004295777937734229	5.879107949246535e-6
0.004316357127072185	5.879127579556758e-6
0.004337034902286768	5.879147398699059e-6
0.004357811735659714	5.879167408492816e-6
0.0043786881017352395	5.879187610774996e-6
0.0043996644773308955	5.879208007400313e-6
0.004420741341548468	5.879228600241426e-6
0.0044419191757848996	5.879249391189085e-6
0.004463198463743291	5.879270382152328e-6
0.00448457969144397	5.879291575058647e-6
0.0045060633472355565	5.879312971854179e-6
0.004527649921806139	5.879334574503872e-6
0.004549339908194489	5.879356384991682e-6
0.004571133801801296	5.879378405320753e-6
0.004593032100400501	5.8794006375136015e-6
0.00461503530415067	5.879423083612307e-6
0.0046371439156064	5.879445745678708e-6
0.004659358439729807	5.8794686257945815e-6
0.004681679383902069	5.879491726061854e-6
0.0047041072579349945	5.879515048602784e-6
0.004726642574082675	5.879538595560166e-6
0.004749285847053203	5.87956236909753e-6
0.004772037594020397	5.879586371399342e-6
0.004794898334635626	5.879610604671216e-6
0.004817868591039699	5.8796350711401105e-6
0.004840948887874757	5.879659773054541e-6
0.004864139752296269	5.879684712684783e-6
0.0048874417139850935	5.8797098923230996e-6
0.004910855305159541	5.879735314283949e-6
0.004934381060587552	5.879760980904188e-6
0.004958019517598901	5.879786894543316e-6
0.004981771216097488	5.87981305758367e-6
0.005005636698573643	5.8798394724306655e-6
0.005029616510116532	5.879866141513021e-6
0.0050537111984266	5.879893067282972e-6
0.005077921313828101	5.879920252216517e-6
0.005102247409281635	5.879947698813636e-6
0.005126690040396794	5.8799754095985335e-6
0.005151249765444869	5.880003387119873e-6
0.005175927145371566	5.88003163395102e-6
0.005200722743809836	5.880060152690271e-6
0.005225637127092769	5.880088945961113e-6
0.005250670864266486	5.880118016412459e-6
0.005275824527103163	5.880147366718907e-6
0.005301098690114102	5.880176999580972e-6
0.005326493930562817	5.8802069177253605e-6
0.005352010828478242	5.8802371239052226e-6
0.00537764996666799	5.880267620900398e-6
0.005403411930731636	5.8802984115176935e-6
0.005429297309074103	5.880329498591131e-6
0.0054553066929191206	5.880360884982233e-6
0.005481440676322698	5.880392573580275e-6
0.005507699856186704	5.88042456730257e-6
0.005534084832272521	5.880456869094729e-6
0.0055605962072147064	5.880489481930956e-6
0.00558723458653478	5.880522408814314e-6
0.0056140005786550614	5.880555652777011e-6
0.005640894794912541	5.880589216880696e-6
0.005667917849572856	5.880623104216735e-6
0.005695070359844339	5.880657317906507e-6
0.005722352945892078	5.880691861101696e-6
0.005749766230852103	5.880726736984601e-6
0.005777310840845631	5.880761948768418e-6
0.005804987404993333	5.880797499697555e-6
0.005832796555429723	5.880833393047939e-6
0.005860738927317614	5.880869632127317e-6
0.005888815158862583	5.880906220275576e-6
0.00591702589132758	5.880943160865066e-6
0.005945371769047557	5.880980457300893e-6
0.005973853439444211	5.881018113021272e-6
0.006002471553040735	5.881056131497833e-6
0.006031226763476698	5.881094516235958e-6
0.0060601197275229664	5.88113327077511e-6
0.006089151105096723	5.88117239868917e-6
0.006118321559276507	5.881211903586768e-6
0.006147631756317379	5.8812517891116434e-6
0.006177082365666151	5.881292058942969e-6
0.006206674059976644	5.881332716795717e-6
0.006236407515125068	5.881373766421001e-6
0.006266283410225479	5.8814152116064395e-6
0.006296302427645252	5.881457056176508e-6
0.006326465253020684	5.88149930399291e-6
0.006356772575272677	5.8815419589549436e-6
0.006387225086622427	5.88158502499986e-6
0.006417823482607264	5.8816285061032605e-6
0.006448568462096546	5.881672406279453e-6
0.006479460727307594	5.881716729581846e-6
0.006510500983821741	5.881761480103333e-6
0.006541689940600471	5.881806661976681e-6
0.006573028310001571	5.881852279374924e-6
0.006604516807795426	5.8818983365117615e-6
0.00663615615318138	5.881944837641964e-6
0.006667947068804125	5.881991787061777e-6
0.006699890280770229	5.882039189109321e-6
0.006731986518664738	5.882087048165025e-6
0.006764236515567798	5.882135368652031e-6
0.006796641008071425	5.882184155036623e-6
0.00682920073629634	5.882233411828647e-6
0.006861916443908842	5.882283143581953e-6
0.006894788878137805	5.8823333548948285e-6
0.006927818789791774	5.8823840504104274e-6
0.006961006933276064	5.882435234817227e-6
0.006994354066610017	5.8824869128494774e-6
0.007027860951444336	5.8825390892876454e-6
0.007061528353078435	5.882591768958883e-6
0.007095357040477949	5.882644956737494e-6
0.007129347786292286	5.882698657545379e-6
0.007163501366872298	5.882752876352542e-6
0.007197818562287972	5.8828076181775425e-6
0.007232300156346278	5.882862888087986e-6
0.0072669469366090506	5.882918691201014e-6
0.007301759694411013	5.882975032683791e-6
0.007336739224877802	5.883031917754016e-6
0.007371886326944155	5.8830893516803975e-6
0.007407201803372177	5.883147339783197e-6
0.007442686460769631	5.883205887434709e-6
0.007478341109608386	5.883265000059811e-6
0.007514166564242948	5.883324683136451e-6
0.007550163642929015	5.88338494219621e-6
0.007586333167842191	5.883445782824818e-6
0.007622675965096786	5.8835072106627035e-6
0.007659192864764637	5.883569231405529e-6
0.007695884700894094	5.883631850804751e-6
0.007732752311529085	5.8836950746681724e-6
0.007769796538728223	5.8837589088605125e-6
0.00780701822858405	5.883823359303963e-6
0.00784441823124239	5.883888431978776e-6
0.007881997400921723	5.883954132923838e-6
0.007919756595932711	5.884020468237248e-6
0.007957696678697834	5.884087444076933e-6
0.007995818515771032	5.884155066661225e-6
0.008034122977857527	5.884223342269471e-6
0.008072610939833736	5.884292277242655e-6
0.008111283280767195	5.884361877984e-6
0.00815014088393667	5.884432150959614e-6
0.008189184636852356	5.884503102699083e-6
0.008228415431276089	5.884574739796156e-6
0.008267834163241752	5.8846470689093504e-6
0.008307441733075753	5.88472009676262e-6
0.008347239045417548	5.884793830146017e-6
0.00838722700924033	5.884868275916336e-6
0.008427406537871777	5.88494344099781e-6
0.008467778549014947	5.885019332382768e-6
0.008508343964769181	5.885095957132335e-6
0.008549103711651199	5.885173322377117e-6
0.008590058720616276	5.8852514353179e-6
0.008631209927079466	5.885330303226366e-6
0.008672558270936994	5.885409933445793e-6
0.008714104696587701	5.885490333391799e-6
0.008755850152954664	5.885571510553048e-6
0.008797795593506803	5.8856534724920025e-6
0.00883994197628069	5.885736226845661e-6
0.00888229026390246	5.885819781326325e-6
0.008924841423609737	5.885904143722339e-6
0.008967596427273761	5.885989321898876e-6
0.009010556251421602	5.886075323798712e-6
0.009053721877258423	5.8861621574430104e-6
0.009097094290689906	5.886249830932108e-6
0.009140674482344804	5.886338352446333e-6
0.009184463447597511	5.886427730246806e-6
0.009228462186590824	5.886517972676255e-6
0.009272671704258812	5.8866090881598635e-6
0.009317093010349718	5.886701085206078e-6
0.00936172711944904	5.8867939724074845e-6
0.009406575051002742	5.886887758441645e-6
0.009451637829340484	5.886982452071962e-6
0.00949691648369903	5.887078062148563e-6
0.009542412048245803	5.887174597609175e-6
0.009588125562102439	5.887272067480022e-6
0.009634058069368545	5.887370480876716e-6
0.009680210619145585	5.887469847005185e-6
0.009726584265560782	5.887570175162582e-6
0.009773180067791213	5.887671474738222e-6
0.009819999090088042	5.887773755214524e-6
0.009867042401800766	5.887877026167956e-6
0.009914311077401664	5.887981297270005e-6
0.009961806196510369	5.888086578288143e-6
0.010009528843918473	5.888192879086822e-6
0.010057480109614334	5.888300209628442e-6
0.010105661088807975	5.888408579974388e-6
0.010154072881956076	5.888518000286015e-6
0.010202716594787137	5.888628480825698e-6
0.010251593338326719	5.888740031957849e-6
0.0103007042289228	5.888852664149988e-6
0.010350050388271317	5.888966387973781e-6
0.01039963294344174	5.889081214106122e-6
0.010449453026902849	5.889197153330224e-6
0.010499511776548584	5.889314216536691e-6
0.010549810335724021	5.889432414724648e-6
0.01060034985325152	5.88955175900286e-6
0.010651131483456942	5.8896722605908464e-6
0.010702156386196005	5.889793930820028e-6
0.010753425726880797	5.889916781134909e-6
0.010804940676506393	5.890040823094211e-6
0.010856702411677568	5.890166068372078e-6
0.010908712114635724	5.890292528759263e-6
0.010960970973285834	5.8904202161643405e-6
0.011013480181223624	5.890549142614923e-6
0.011066240937762815	5.890679320258906e-6
0.011119254447962494	5.890810761365708e-6
0.011172521922654678	5.890943478327536e-6
0.011226044578471948	5.8910774836606586e-6
0.011279823637875221	5.891212790006711e-6
0.011333860329181713	5.891349410133984e-6
0.011388155886592944	5.89148735693875e-6
0.011442711550222973	5.891626643446604e-6
0.011497528566126698	5.891767282813809e-6
0.011552608186328306	5.891909288328655e-6
0.011607951668849899	5.8920526734128486e-6
0.011663560277740213	5.892197451622905e-6
0.011719435283103466	5.892343636651557e-6
0.011775577961128412	5.892491242329188e-6
0.011831989594117461	5.892640282625268e-6
0.011888671470515958	5.892790771649822e-6
0.011945624884941644	5.8929427236549005e-6
0.012002851138214187	5.893096153036069e-6
0.012060351537384927	5.893251074333927e-6
0.012118127395766717	5.893407502235628e-6
0.012176180032963894	5.893565451576435e-6
0.012234510774902462	5.893724937341258e-6
0.012293120953860356	5.893885974666261e-6
0.012352011908497851	5.894048578840448e-6
0.01241118498388818	5.894212765307271e-6
0.01247064153154821	5.894378549666283e-6
0.012530382909469348	5.894545947674773e-6
0.01259041048214855	5.894714975249454e-6
0.012650725620619453	5.894885648468136e-6
0.012711329702483736	5.895057983571459e-6
0.012772224111942565	5.895231996964599e-6
0.012833410239828187	5.895407705219047e-6
0.012894889483635735	5.895585125074354e-6
0.012956663247555133	5.895764273439937e-6
0.01301873294250314	5.895945167396884e-6
0.013081099986155625	5.896127824199795e-6
0.013143765802979896	5.896312261278629e-6
0.013206731824267277	5.896498496240583e-6
0.013269999488165787	5.896686546871992e-6
0.013333570239712954	5.896876431140246e-6
0.013397445530868876	5.8970681671957325e-6
0.013461626820549346	5.897261773373803e-6
0.013526115574659171	5.897457268196768e-6
0.01359091326612569	5.897654670375897e-6
0.013656021374932364	5.897853998813461e-6
0.013721441388152622	5.898055272604791e-6
0.01378717479998382	5.8982585110403635e-6
0.013853223111781327	5.898463733607912e-6
0.013919587832092878	5.898670959994546e-6
0.013986270476692991	5.898880210088927e-6
0.01405327256861758	5.899091503983453e-6
0.014120595638198783	5.899304861976452e-6
0.01418824122309986	5.899520304574434e-6
0.014256210868350362	5.899737852494354e-6
0.014324506126381401	5.8999575266659e-6
0.014393128557061083	5.900179348233806e-6
0.014462079727730183	5.9004033385602135e-6
0.014531361213237915	5.900629519227032e-6
0.014600974595977884	5.900857912038344e-6
0.014670921465924277	5.901088539022847e-6
0.014741203420668142	5.9013214224363055e-6
0.014811822065453869	5.901556584764045e-6
0.014882779013215898	5.9017940487234775e-6
0.014954075884615501	5.902033837266653e-6
0.01502571430807785	5.902275973582839e-6
0.015097695919829191	5.902520481101143e-6
0.015170022363934188	5.9027673834931515e-6
0.01524269529233352	5.903016704675616e-6
0.015315716364881592	5.903268468813163e-6
0.015389087249384419	5.903522700321044e-6
0.015462809621637775	5.903779423867916e-6
0.015536885165465407	5.904038664378642e-6
0.015611315572757549	5.9043004470371585e-6
0.015686102543509533	5.904564797289355e-6
0.01576124778586061	5.904831740845988e-6
0.015836753016132986	5.90510130368564e-6
0.01591261995887103	5.905373512057723e-6
0.015988850346880617	5.905648392485493e-6
0.01606544592126876	5.905925971769136e-6
0.016142408431483346	5.906206276988862e-6
0.01621973963535309	5.906489335508062e-6
0.016297441299127715	5.9067751749764866e-6
0.01637551519751824	5.9070638233334814e-6
0.01645396311373758	5.907355308811241e-6
0.016532786839541232	5.9076496599381345e-6
0.01661198817526819	5.907946905542043e-6
0.016691568929882102	5.908247074753762e-6
0.016771530921012575	5.908550197010433e-6
0.01685187597499665	5.90885630205903e-6
0.01693260592692059	5.909165419959875e-6
0.01701372262066171	5.909477581090223e-6
0.017095227908930564	5.9097928161478665e-6
0.017177123653313232	5.910111156154805e-6
0.017259411724313806	5.91043263246096e-6
0.01734209400139717	5.910757276747917e-6
0.017425172373031907	5.911085121032755e-6
0.017508648736733384	5.911416197671892e-6
0.01759252499910718	5.911750539364989e-6
0.017676803075892568	5.912088179158921e-6
0.017761484892006272	5.912429150451773e-6
0.017846572381586476	5.91277348699692e-6
0.017932067488036944	5.913121222907127e-6
0.018017972164071458	5.913472392658723e-6
0.018104288371758398	5.913827031095843e-6
0.018191018082565524	5.914185173434692e-6
0.018278163277405064	5.91454685526789e-6
0.01836572594667893	5.914912112568865e-6
0.01845370809032414	5.915280981696324e-6
0.018542111717858585	5.9156534993987415e-6
0.01863093884842683	5.916029702818959e-6
0.0187201915108463	5.91640962949881e-6
0.018809871743653606	5.916793317383822e-6
0.01889998159515106	5.917180804827979e-6
0.01899052312345352	5.917572130598544e-6
0.019081498396535373	5.917967333880967e-6
0.019172909492277738	5.918366454283828e-6
0.01926475849851597	5.918769531843863e-6
0.01935704751308735	5.91917660703108e-6
0.01944977864387892	5.919587720753902e-6
0.01954295400887575	5.9200029143644125e-6
0.01963657573620919	5.920422229663672e-6
0.019730645964205578	5.920845708907078e-6
0.019825166841435028	5.921273394809845e-6
0.019920140526760485	5.921705330552523e-6
0.020015569189387086	5.9221415597866066e-6
0.020111455008911688	5.922582126640231e-6
0.0202078001753726	5.923027075723922e-6
0.020304606889299696	5.923476452136468e-6
0.020401877361764575	5.92393030147082e-6
0.020499613814431144	5.924388669820129e-6
0.020597818479606334	5.924851603783835e-6
0.02069649360029104	5.925319150473845e-6
0.020795641430231424	5.925791357520815e-6
0.02089526423397036	5.926268273080511e-6
0.020995364286899132	5.926749945840249e-6
0.021095943875309456	5.92723642502546e-6
0.021197005296445626	5.927727760406304e-6
0.02129855085855707	5.9282240023044294e-6
0.021400582880951015	5.9287252015997806e-6
0.021503103694045452	5.92923140973755e-6
0.021606115639422406	5.929742678735192e-6
0.0217096210698814	5.930259061189563e-6
0.021813622349493158	5.930780610284153e-6
0.021918121853653653	5.931307379796444e-6
0.022023121969138356	5.931839424105335e-6
0.02212862509415668	5.932376798198725e-6
0.02223463363840687	5.932919557681176e-6
0.022341150023130925	5.933467758781696e-6
0.022448176681169985	5.934021458361641e-6
0.02255571605701988	5.9345807139227345e-6
0.022663770606886895	5.935145583615202e-6
0.022772342798743968	5.935716126246043e-6
0.022881435112387015	5.936292401287391e-6
0.022991050039491527	5.936874468885049e-6
0.02310119008366957	5.937462389867109e-6
0.02321185776052687	5.93805622575273e-6
0.02332305559772035	5.938656038761039e-6
0.02343478613501584	5.939261891820159e-6
0.023547051924346026	5.939873848576407e-6
0.02365985552986883	5.940491973403581e-6
0.023773199528025927	5.941116331412444e-6
0.02388708650760156	5.941746988460318e-6
0.02400151906978174	5.942384011160833e-6
0.02411649982821361	5.943027466893845e-6
0.024232031409065134	5.943677423815481e-6
0.024348116451085127	5.944333950868363e-6
0.02446475760566345	5.944997117791979e-6
0.024581957536891654	5.945666995133228e-6
0.024699718921623776	5.946343654257112e-6
0.02481804444953745	5.947027167357618e-6
0.024936936823195425	5.947717607468766e-6
0.02505639875810723	5.9484150484758166e-6
0.02517643298279118	5.949119565126686e-6
0.025297042238836775	5.949831233043515e-6
0.02541822928096722	5.950550128734445e-6
0.02553999687710242	5.951276329605572e-6
0.025662347808422185	5.952009913973091e-6
0.025785284869429693	5.952750961075655e-6
0.025908810868015397	5.953499551086905e-6
0.02603292862552113	5.95425576512824e-6
0.02615764097680449	5.955019685281764e-6
0.026282950770303685	5.955791394603452e-6
0.02640886086810253	5.956570977136569e-6
0.026535374145995803	5.957358517925245e-6
0.02666249349355499	5.958154103028327e-6
0.026790221814194215	5.958957819533451e-6
0.026918562025236608	5.959769755571322e-6
0.02704751705798093	5.960590000330277e-6
0.027177089857768455	5.961418644071048e-6
0.027307283384050352	5.962255778141808e-6
0.02743810061045521	5.963101494993442e-6
0.02756954452485694	5.963955888195107e-6
0.027701618129443092	5.964819052450033e-6
0.027834324440783334	5.9656910836116055e-6
0.02796766648989843	5.966572078699714e-6
0.02810164732232944	5.967462135917401e-6
0.028236269998207244	5.968361354667765e-6
0.028371537592322495	5.9692698355711904e-6
0.028507453194195828	5.970187680482856e-6
0.028644019908148372	5.971114992510551e-6
0.028781240853372757	5.972051876032813e-6
0.02891911916400424	5.97299843671737e-6
0.029057657989192392	5.9739547815399175e-6
0.029196860493172976	5.974921018803217e-6
0.029336729855340176	5.975897258156544e-6
0.02947726927031931	5.976883610615479e-6
0.02961848194803974	5.97788018858205e-6
0.02976037111380815	5.9788871058652295e-6
0.029902940008382308	5.979904477701806e-6
0.03004619188804502	5.980932420777649e-6
0.03019013002467847	5.981971053249324e-6
0.030334757705839068	5.983020494766122e-6
0.030480078234832394	5.984080866492498e-6
0.030626094930788772	5.985152291130903e-6
0.030772811128739013	5.986234892945041e-6
0.030920230179690568	5.987328797783563e-6
0.031068355450704126	5.988434133104183e-6
0.031217190324970504	5.989551027998265e-6
0.03136673820188784	5.99067961321585e-6
0.03151700249713938	5.991820021191147e-6
0.031667986642771324	5.992972386068531e-6
0.03181969408727138	5.994136843729002e-6
0.031972128295647426	5.995313531817158e-6
0.03212529274950662	5.99650258976868e-6
0.03227919094713506	5.997704158838335e-6
0.032433826403577545	5.998918382128533e-6
0.032589202650717915	6.0001454046184e-6
0.032745323237359736	6.001385373193441e-6
0.03290219172930734	6.0026384366757765e-6
0.03305981170944724	6.003904745854948e-6
0.03321818677783001	6.0051844535193285e-6
0.033377320551752465	6.006477714488168e-6
0.03353721666584033	6.007784685644254e-6
0.03369787877213123	6.009105525967208e-6
0.03385931054015806	6.010440396567466e-6
0.03402151565703288	6.011789460720906e-6
0.03418449782753111	6.013152883904207e-6
0.034348260774176034	6.0145308338308615e-6
0.034512808237324014	6.015923480487982e-6
0.03467814397524975	6.017330996173777e-6
0.03484427176423222	6.018753555535858e-6
0.03501119539864092	6.020191335610271e-6
0.03517891869102245	6.021644515861367e-6
0.03534744547218769	6.023113278222464e-6
0.03551677959129928	6.024597807137364e-6
0.03568692491595943	6.02609828960273e-6
0.03585788533229841	6.027614915211321e-6
0.036029664745063236	6.02914787619618e-6
0.03620226707770679	6.03069736747568e-6
0.036375696272477574	6.03226358669959e-6
0.03654995629050962	6.033846734296058e-6
0.036725051111913036	6.035447013519627e-6
0.03690098473586492	6.037064630500254e-6
0.03707776118070062	6.038699794293396e-6
0.037255384484005616	6.040352716931158e-6
0.03743385870270768	6.042023613474562e-6
0.037613187913169505	6.043712702066917e-6
0.037793376211281926	6.04542020398841e-6
0.03797442771255732	6.047146343711819e-6
0.03815634655222372	6.048891348959512e-6
0.038339136885319244	6.050655450761668e-6
0.03852280288678692	6.052438883515798e-6
0.03870734875157014	6.054241885047591e-6
0.038892778694708446	6.05606469667313e-6
0.03907909695143372	6.057907563262478e-6
0.03926630777726706	6.059770733304729e-6
0.03945441544811583	6.0616544589745195e-6
0.03964342426037145	6.063558996200042e-6
0.03983333853100747	6.06548460473263e-6
0.0400241625976781	6.067431548217934e-6
0.0402159008188174	6.069400094268742e-6
0.04040855757373882	6.071390514539481e-6
0.04060213726273507	6.0734030848024484e-6
0.04079664430717883	6.075438085025846e-6
0.040992083149623625	6.077495799453619e-6
0.04118845825390524	6.079576516687205e-6
0.04138577410524384	6.0816805297691946e-6
0.04158403521034621	6.0838081362690125e-6
0.04178324609750888	6.0859596383706135e-6
0.04198341131672143	6.088135342962319e-6
0.042184535439770424	6.090335561728812e-6
0.042386623060343874	6.092560611245344e-6
0.042589678794136165	6.094810813074277e-6
0.04279370727895338	6.097086493863949e-6
0.04299871317481939	6.099387985449999e-6
0.04320470116408209	6.101715624959202e-6
0.04341167595152055	6.104069754915838e-6
0.043619642264452335	6.106450723350791e-6
0.04382860485284149	6.108858883913313e-6
0.04403856848940709	6.1112945959856535e-6
0.044249537969732244	6.113758224800568e-6
0.044461518112373505	6.116250141561827e-6
0.04467451375897109	6.118770723567808e-6
0.04488852977435942	6.121320354338267e-6
0.04510357104667811	6.123899423744373e-6
0.0453196424874838	6.126508328142141e-6
0.04553674903186215	6.129147470509328e-6
0.045754895638540766	6.131817260585929e-6
0.04597408729000228	6.134518115018379e-6
0.0461943289925982	6.137250457507565e-6
0.0464156257766633	6.140014718960804e-6
0.046637982696630505	6.142811337647858e-6
0.04686140483114623	6.145640759361177e-6
0.047085897283186566	6.148503437580458e-6
0.04731146518017363	6.151399833641687e-6
0.04753811367409283	6.154330416910805e-6
0.047765847941610484	6.15729566496214e-6
0.04799467318419198	6.160296063761775e-6
0.04822459462822073	6.163332107855987e-6
0.048455617525117435	6.166404300565005e-6
0.04868774715145999	6.169513154182132e-6
0.048920988809104136	6.172659190178551e-6
0.049155347825304486	6.175842939413899e-6
0.049390829552836114	6.179064942352886e-6
0.04962743937011699	6.182325749288106e-6
0.049865182681330625	6.185625920569284e-6
0.0501040649165497	6.1889660268391765e-6
0.05034409153185997	6.1923466492763565e-6
0.05058526800948485	6.195768379845099e-6
0.050827599857910744	6.199231821552685e-6
0.05107109261201281	6.202737588714296e-6
0.05131575183318128	6.206286307225841e-6
0.05156158310944869	6.209878614844946e-6
0.05180859205561727	6.213515161480476e-6
0.05205678431338739	6.21719660949078e-6
0.05230616555148634	6.220923633991092e-6
0.05255674146579771	6.224696923170374e-6
0.05280851777949166	6.228517178617916e-6
0.05306150024315554	6.232385115660133e-6
0.05331569463492517	6.236301463707858e-6
0.05357110676061697	6.240266966614567e-6
0.053827742453860475	6.244282383045975e-6
0.0540856075762315	6.248348486861335e-6
0.054344708017386216	6.25246606750703e-6
0.05460504969519544	6.25663593042277e-6
0.054866638555880004	6.2608588974610484e-6
0.05512948057414647	6.265135807320198e-6
0.055393581753323526	6.269467515991757e-6
0.05565894812549925	6.273854897222524e-6
0.05592558575165882	6.278298842992079e-6
0.05619350072182284	6.2828002640061905e-6
0.05646269915518667	6.287360090206911e-6
0.0567331872002599	6.2919792712999275e-6
0.057004971035007075	6.29665877729992e-6
0.057278056866988614	6.3013995990946325e-6
0.057552450933502565	6.3062027490284565e-6
0.05782815950172723	6.3110692615063375e-6
0.05810518886886422	6.3160001936187765e-6
0.05838354536228217	6.3209966257889545e-6
0.0586632353396615	6.326059662442756e-6
0.05894426518913937	6.331190432702786e-6
0.0592266413294558	6.336390091107347e-6
0.05951037021010015	6.341659818355474e-6
0.05979545831145842	6.347000822079148e-6
0.06008191214496133	6.352414337643883e-6
0.06036973825323305	6.357901628978957e-6
0.0606589432102405	6.3634639894385215e-6
0.06094953362144367	6.36910274269511e-6
0.061241516123946425	6.374819243666834e-6
0.061534897386647996	6.380614879479947e-6
0.06182968411039551	6.386491070468284e-6
0.06212588302813677	6.392449271211296e-6
0.06242350090507431	6.398490971612546e-6
0.06272254453881976	6.404617698020397e-6
0.06302302075954903	6.410831014393028e-6
0.06332493643015853	6.417132523509814e-6
0.06362829844642177	6.4235238682312385e-6
0.06393311373714683	6.430006732809751e-6
0.06423938926433476	6.436582844254009e-6
0.06454713202333838	6.443253973749065e-6
0.0648563490430223	6.450021938135343e-6
0.06516704738592335	6.456888601449218e-6
0.06547923414841174	6.463855876528361e-6
0.0657929164608534	6.470925726685074e-6
0.06610810148777273	6.478100167451069e-6
0.06642479642801609	6.48538126839735e-6
0.0667430085149165	6.492771155033102e-6
0.06706274501645869	6.500272010787668e-6
0.067384013235445	6.507886079079987e-6
0.06770682050966247	6.515615665480125e-6
0.0680311742120501	6.523463139967818e-6
0.06835708175086751	6.531430939293256e-6
0.06868455056986404	6.539521569445639e-6
0.0690135881484487	6.547737608235426e-6
0.06934420200186114	6.556081707996578e-6
0.06967639968134325	6.564556598415448e-6
0.07001018877431148	6.573165089493459e-6
0.07034557690453044	6.581910074651198e-6
0.0706825717322867	6.590794533981954e-6
0.07102118095456401	6.599821537663441e-6
0.071361412305219	6.60899424953682e-6
0.07170327355515768	6.618315930862976e-6
0.07204677251251322	6.627789944266539e-6
0.07239191702282412	6.637419757878914e-6
0.07273871496921329	6.647208949692408e-6
0.07308717427256833	6.657161212138364e-6
0.07343730289172239	6.667280356903122e-6
0.07378910882363574	6.677570319996682e-6
0.07414260010357875	6.6880351670900035e-6
0.07449778480531509	6.698679099137991e-6
0.07485467104128643	6.709506458306649e-6
0.07521326696279756	6.720521734224051e-6
0.07557358076020251	6.731729570576501e-6
0.07593562066309183	6.743134772072746e-6
0.07629939494048038	6.754742311800922e-6
0.07666491190099617	6.7665573390049146e-6
0.07703217989307036	6.7785851873088176e-6
0.07740120730512763	6.790831383420619e-6
0.07777200256577804	6.803301656348627e-6
0.0781445741440094	6.816001947167059e-6
0.07851893054938065	6.828938419370063e-6
0.0788950803322164	6.842117469856938e-6
0.0792730320838021	6.855545740594783e-6
0.0796527944365802	6.869230131008905e-6
0.08003437606434755	6.883177811155644e-6
0.08041778568245316	6.897396235737056e-6
0.0808030320479976	6.911893159022346e-6
0.08119012396003292	6.926676650746602e-6
0.08157907025976335	6.941755113063959e-6
0.08196987983074769	6.957137298639522e-6
0.0823625615991019	6.9728323299720985e-6
0.08275712453370292	6.988849720048716e-6
0.08315357764639382	7.005199394441602e-6
0.08355192999218945	7.02189171496899e-6
0.08395219066948312	7.038937505053266e-6
0.08435436882025472	7.0563480769233e-6
0.08475847363027923	7.074135260822725e-6
0.08516451432933675	7.092311436402657e-6
0.0855725001914232	7.110889566496012e-6
0.08598244053496204	7.129883233491474e-6
0.08639434472301735	7.149306678548754e-6
0.08680822216350752	7.169174843923111e-6
0.08722408230942004	7.189503418696896e-6
0.0876419346590277	7.210308888249513e-6
0.08806178875610515	7.231608587835057e-6
0.08848365419014725	7.253420760679944e-6
0.08890754059658791	7.2757646210615845e-6
0.08933345765702004	7.298660422884549e-6
0.08976141509941696	7.32212953433392e-6
0.09019142269835445	7.346194519257474e-6
0.09062349027523385	7.3708792260108825e-6
0.09105762769850669	7.396208884594654e-6
0.09149384488389989	7.4222102130200784e-6
0.09193215179464216	7.4489115339666486e-6
0.09237255844169186	7.47634290293793e-6
0.09281507488396527	7.504536249289995e-6
0.09325971122856666	7.533525531700861e-6
0.09370647763101901	7.563346909875202e-6
0.09415538429549584	7.594038934542463e-6
0.09460644147505452	7.6256427581153445e-6
0.09505965947187031	7.658202368738087e-6
0.09551504863747154	7.691764850881399e-6
0.0959726193729764	7.726380676145735e-6
0.09643238212933003	7.762104028533434e-6
0.09689434740754366	7.798993169163391e-6
0.09735852575893424	7.837110846253644e-6
0.09782492778536529	7.876524757219171e-6
0.09829356413948943	7.917308070963202e-6
0.09876444552499139	7.959540019929262e-6
0.09923758269683244	8.003306573290711e-6
0.09971298646149633	8.048701204863864e-6
0.1001906676772359	8.095825772041515e-6
0.10067063725432106	8.144791525387446e-6
0.10115290615528795	8.195720272679398e-6
0.10163748539518973	8.248745726361116e-6
0.10212438604184758	8.30401506985651e-6
0.10261361921610372	8.361690786400881e-6
0.10310519609207577	8.421952804475564e-6
0.10359912789741137	8.48500102729667e-6
0.10409542591354484	8.551058331063363e-6
0.10459410147595527	8.620374139131232e-6
0.10509516597442475	8.693228708770231e-6
0.10559863085329878	8.769938306261912e-6
0.10610450761174806	8.850861498434305e-6
0.10661280780403043	8.936406859574723e-6
0.10712354303975526	9.027042489660673e-6
0.10763672498414832	9.123307874340204e-6
0.10815236535831874	9.225828806126376e-6
0.10867047593952595	9.33533635592652e-6
0.10919106856144911	9.452691274968449e-6
0.1097141551144577	9.578915784105447e-6
0.1102397475458824	9.7152355756673e-6
0.11076785786028827	9.86313618812401e-6
0.11129849811974937	0.000010024440017084585
0.11183168044412355	0.0000102014136303894
0.11236741701132952	0.00001039692073598832
0.11290572005762545	0.000010614645967434284
0.11344660187788769	0.000010859432306488158
0.11399007482589198	0.000011137808230478462
0.11453615131459592	0.000011458846908421115
0.1150848438164218	0.000011835640649901479
0.11563616486354181	0.000012287998724657821
0.11619012704816466	0.000012847806519840468
0.11674674302282242	0.000013570906100304383
0.11730602550066008	0.000014567858914923033
0.11786798725572553	0.00001610536560428241
0.11843264112326198	0.000019132864236100184
0.1185	100 #Josu